300 4000
0 130 78
0 135 5
0 140 6
0 142 100
0 145 34
0 19 9
0 278 100
0 38 90
0 167 4
0 298 3
0 173 7
0 175 0
0 51 88
0 52 78
0 186 92
0 188 89
0 66 16
0 198 51
0 72 94
0 210 76
0 216 80
0 106 2
0 110 41
1 130 2
1 131 63
1 261 68
1 265 31
1 10 10
1 272 49
1 148 65
1 149 40
1 156 50
1 29 67
1 164 68
1 39 23
1 168 4
1 174 28
1 57 49
1 69 95
1 200 32
1 75 80
1 81 61
1 87 77
1 230 21
1 112 3
1 245 51
1 247 82
1 250 96
1 251 70
2 163 97
2 137 38
2 44 30
2 272 73
2 76 38
2 50 61
2 214 30
2 41 23
2 24 47
2 281 96
2 250 50
2 297 0
2 93 87
2 254 48
3 133 21
3 262 59
3 136 62
3 265 64
3 139 79
3 15 70
3 16 78
3 278 52
3 27 8
3 285 47
3 293 4
3 38 52
3 295 25
3 169 15
3 46 35
3 185 30
3 193 67
3 71 31
3 81 35
3 87 22
3 91 22
3 94 71
3 223 44
3 97 12
3 99 46
3 104 97
3 236 65
3 111 17
3 112 55
3 115 8
3 246 45
3 248 30
4 259 1
4 137 18
4 140 99
4 269 36
4 150 58
4 279 38
4 27 73
4 156 41
4 30 47
4 287 13
4 295 26
4 171 77
4 172 92
4 176 17
4 179 56
4 182 97
4 56 16
4 62 15
4 96 79
4 196 65
4 72 44
4 205 47
4 207 95
4 209 5
4 82 94
4 101 14
4 224 97
4 102 14
4 230 84
4 232 96
4 167 17
4 110 23
4 112 68
4 119 32
4 250 15
5 129 38
5 130 92
5 135 99
5 258 85
5 16 97
5 275 85
5 21 60
5 151 62
5 161 0
5 164 42
5 169 92
5 180 31
5 56 70
5 59 30
5 60 29
5 66 32
5 196 68
5 289 24
5 247 51
5 205 31
5 78 64
5 213 75
5 292 23
5 251 73
5 229 25
5 107 72
5 239 59
5 119 54
5 123 78
6 262 73
6 273 53
6 277 66
6 151 16
6 24 24
6 284 87
6 161 7
6 164 0
6 165 71
6 295 71
6 46 91
6 186 84
6 70 24
6 71 3
6 201 45
6 203 35
6 76 6
6 82 27
6 83 69
6 87 100
6 88 96
6 91 25
6 94 68
6 145 94
6 243 32
6 119 38
6 125 14
6 254 8
7 130 97
7 8 29
7 138 16
7 269 42
7 275 4
7 20 40
7 21 5
7 286 57
7 287 12
7 35 41
7 36 76
7 172 93
7 45 71
7 48 69
7 178 80
7 52 48
7 196 55
7 83 78
7 223 31
7 231 83
7 114 52
7 123 56
8 64 42
8 129 70
8 34 55
8 292 9
8 298 80
8 12 88
8 74 80
8 172 3
8 258 98
8 238 65
8 109 20
8 114 67
8 269 0
8 182 60
8 24 73
8 234 62
8 251 85
8 92 58
8 10 4
9 262 67
9 137 15
9 269 45
9 142 64
9 148 37
9 151 59
9 29 43
9 34 92
9 169 75
9 178 35
9 51 41
9 53 53
9 193 29
9 68 58
9 70 82
9 204 51
9 82 88
9 87 80
9 217 98
9 103 22
9 107 36
9 117 42
10 256 49
10 22 34
10 262 8
10 263 77
10 265 29
10 138 6
10 268 36
10 147 12
10 150 51
10 25 81
10 153 46
10 154 48
10 28 52
10 160 69
10 242 1
10 174 33
10 185 5
10 63 18
10 196 89
10 197 30
10 201 29
10 202 94
10 79 33
10 209 78
10 85 60
10 216 55
10 219 92
10 97 65
10 105 52
10 114 81
10 116 78
11 129 50
11 269 96
11 273 47
11 18 49
11 150 10
11 23 33
11 152 26
11 162 93
11 36 45
11 170 15
11 173 77
11 178 36
11 179 6
11 54 68
11 57 49
11 186 35
11 187 57
11 74 94
11 76 12
11 208 94
11 81 67
11 216 26
11 220 77
11 222 20
11 145 100
11 236 13
12 265 100
12 270 69
12 276 68
12 152 48
12 26 32
12 27 69
12 159 48
12 35 0
12 43 37
12 44 19
12 176 33
12 55 65
12 188 57
12 194 42
12 76 74
12 79 77
12 81 98
12 211 92
12 142 67
12 217 49
12 90 82
12 228 69
12 60 43
12 108 96
12 241 58
12 243 90
12 119 56
12 251 79
12 126 91
13 131 53
13 135 78
13 136 9
13 137 97
13 267 53
13 268 82
13 272 92
13 276 42
13 22 80
13 279 40
13 33 99
13 169 45
13 43 95
13 48 87
13 60 85
13 61 47
13 71 67
13 202 85
13 87 73
13 90 30
13 220 12
13 223 1
13 224 59
13 229 78
13 105 67
13 110 45
13 240 28
13 115 5
13 244 1
13 246 5
13 126 97
14 257 95
14 132 57
14 140 62
14 15 81
14 148 97
14 23 51
14 281 31
14 154 15
14 283 85
14 28 14
14 157 9
14 34 99
14 291 76
14 299 78
14 173 26
14 182 77
14 183 44
14 61 51
14 194 64
14 207 54
14 271 100
14 81 65
14 213 80
14 91 30
14 209 58
14 235 25
14 109 68
14 239 39
14 115 24
14 119 28
15 261 47
15 267 84
15 141 27
15 273 85
15 18 84
15 148 78
15 26 68
15 160 17
15 183 72
15 58 14
15 61 8
15 202 95
15 247 35
15 205 49
15 82 87
15 270 60
15 90 72
15 91 24
15 119 8
15 120 19
15 123 27
16 23 84
16 145 26
16 274 80
16 19 50
16 151 85
16 284 18
16 32 86
16 161 10
16 35 25
16 176 21
16 178 97
16 200 100
16 76 70
16 88 53
16 91 37
16 222 17
16 226 23
16 101 14
16 113 80
16 116 99
16 254 6
16 255 21
17 260 41
17 261 11
17 264 37
17 140 11
17 270 23
17 149 68
17 152 50
17 29 24
17 161 91
17 164 15
17 71 55
17 48 76
17 55 12
17 189 65
17 63 72
17 199 80
17 203 46
17 82 90
17 36 91
17 92 76
17 221 79
17 104 86
17 106 90
17 238 93
18 128 3
18 131 97
18 260 33
18 268 96
18 278 74
18 28 60
18 32 43
18 33 90
18 162 89
18 187 86
18 194 42
18 197 2
18 71 27
18 203 64
18 76 41
18 213 38
18 219 53
18 94 26
18 223 44
18 226 13
18 105 55
18 106 62
18 241 59
18 251 6
19 192 58
19 291 41
19 103 7
19 136 44
19 169 84
19 75 2
19 173 37
19 223 8
19 81 66
19 116 83
19 278 54
19 218 68
19 153 61
19 282 31
19 159 6
19 284 0
19 29 45
19 95 43
20 135 77
20 108 34
20 266 84
20 145 13
20 276 19
20 279 60
20 154 43
20 29 28
20 39 70
20 171 51
20 181 9
20 53 93
20 66 83
20 196 43
20 73 86
20 216 38
20 223 47
20 96 96
20 229 57
20 232 78
20 233 51
20 236 59
20 246 50
20 121 36
21 129 67
21 269 84
21 272 81
21 146 38
21 275 83
21 149 87
21 278 63
21 23 90
21 24 34
21 282 12
21 32 69
21 172 5
21 188 99
21 63 77
21 192 16
21 77 49
21 210 37
21 214 52
21 89 43
21 91 4
21 221 69
21 98 22
21 99 15
21 102 39
21 235 5
21 236 53
22 128 62
22 133 24
22 262 22
22 136 14
22 267 51
22 273 14
22 148 37
22 284 85
22 39 40
22 169 13
22 298 26
22 299 61
22 44 42
22 46 93
22 53 92
22 59 30
22 190 43
22 67 79
22 217 79
22 103 76
22 232 75
22 120 39
22 123 4
23 273 53
23 279 26
23 24 31
23 154 56
23 156 21
23 31 80
23 160 43
23 165 46
23 167 63
23 50 5
23 51 12
23 196 90
23 69 96
23 203 3
23 81 96
23 90 90
23 91 34
23 105 37
23 237 93
23 111 92
23 113 54
23 251 46
23 124 14
23 255 70
24 138 52
24 272 29
24 145 57
24 151 51
24 280 23
24 282 96
24 28 5
24 218 74
24 35 14
24 293 47
24 172 68
24 176 92
24 49 84
24 184 79
24 191 1
24 89 22
24 90 92
24 96 70
24 104 27
24 234 98
24 240 69
24 124 38
25 259 62
25 134 85
25 262 22
25 167 56
25 104 20
25 188 57
25 74 18
25 112 74
25 286 90
25 52 20
25 53 61
25 281 88
25 27 63
25 28 58
25 30 82
26 130 66
26 138 1
26 267 20
26 258 95
26 281 58
26 153 93
26 284 89
26 29 88
26 160 44
26 163 67
26 36 30
26 40 10
26 169 93
26 170 35
26 171 57
26 187 21
26 71 31
26 269 39
26 211 57
26 212 80
26 221 42
26 103 61
26 106 91
26 83 31
26 249 86
26 127 91
27 257 10
27 146 88
27 171 82
27 161 39
27 40 43
27 42 23
27 299 96
27 50 28
27 185 94
27 186 29
27 62 88
27 192 68
27 206 73
27 219 34
27 92 41
27 222 63
27 228 62
27 110 46
27 242 24
27 246 76
27 122 82
27 123 0
27 253 73
28 128 56
28 43 87
28 144 85
28 156 92
28 285 1
28 287 29
28 40 49
28 299 68
28 51 62
28 184 88
28 63 77
28 196 42
28 198 54
28 201 37
28 74 49
28 203 100
28 208 88
28 56 69
28 215 16
28 80 54
28 99 37
28 238 40
28 168 92
28 116 44
28 246 10
28 255 69
29 264 80
29 137 0
29 270 47
29 152 8
29 157 77
29 291 68
29 166 62
29 41 15
29 172 77
29 61 38
29 191 59
29 192 41
29 194 83
29 197 58
29 72 95
29 208 95
29 211 67
29 213 91
29 87 70
29 94 49
29 225 74
29 226 7
29 99 0
29 246 13
29 248 48
29 125 27
30 257 67
30 138 50
30 270 32
30 291 68
30 46 48
30 47 67
30 184 89
30 188 66
30 62 75
30 72 72
30 204 93
30 212 49
30 142 41
30 91 15
30 95 25
30 99 21
30 107 17
30 236 23
30 251 0
30 252 46
31 226 13
31 196 76
31 230 45
31 167 72
31 104 4
31 105 93
31 236 26
31 108 23
31 205 32
31 143 82
31 172 24
31 181 97
31 155 31
31 92 6
31 125 6
31 222 26
32 268 40
32 275 69
32 148 38
32 153 50
32 162 17
32 295 83
32 172 48
32 46 95
32 185 95
32 195 36
32 72 86
32 73 30
32 290 59
32 207 52
32 215 7
32 95 40
32 234 71
32 125 49
32 126 74
32 255 4
33 161 68
33 195 76
33 36 37
33 166 62
33 230 3
33 296 100
33 265 81
33 106 62
33 171 23
33 232 8
33 245 58
33 150 4
33 120 63
33 75 96
33 181 47
33 37 10
33 62 53
33 53 70
34 258 15
34 262 16
34 149 33
34 283 43
34 157 79
34 165 36
34 167 2
34 136 65
34 50 65
34 53 24
34 73 98
34 190 60
34 197 13
34 201 24
34 202 3
34 204 4
34 207 2
34 86 93
34 215 43
34 219 82
34 293 61
34 99 12
34 107 52
34 245 52
34 118 16
34 248 95
35 129 30
35 257 26
35 268 97
35 275 42
35 149 72
35 283 62
35 285 30
35 294 4
35 295 93
35 40 80
35 177 68
35 183 100
35 56 32
35 64 44
35 194 4
35 69 41
35 70 32
35 72 34
35 75 37
35 77 34
35 215 45
35 219 66
35 221 20
35 97 28
35 107 27
35 168 54
35 249 12
36 260 39
36 272 83
36 274 79
36 275 80
36 149 24
36 151 76
36 154 2
36 292 98
36 37 10
36 166 71
36 295 46
36 169 79
36 171 44
36 172 9
36 46 100
36 48 33
36 51 7
36 188 82
36 198 58
36 71 10
36 74 21
36 76 41
36 81 4
36 83 48
36 90 20
36 165 16
36 103 2
36 289 29
36 110 12
36 240 26
36 211 43
36 246 100
36 121 72
36 255 74
37 258 45
37 131 5
37 266 37
37 282 99
37 160 83
37 166 33
37 39 68
37 297 60
37 43 74
37 176 64
37 186 29
37 61 32
37 161 27
37 76 84
37 294 61
37 230 19
37 105 18
37 236 45
37 117 1
37 250 65
37 124 85
37 125 22
38 142 96
38 173 30
38 150 46
38 155 49
38 285 16
38 288 20
38 289 64
38 295 18
38 298 3
38 299 94
38 45 40
38 51 33
38 57 56
38 186 71
38 160 70
38 196 15
38 70 17
38 73 5
38 207 9
38 81 7
38 210 2
38 85 23
38 92 49
38 99 33
38 101 5
38 103 58
38 107 22
38 116 38
38 119 4
39 128 54
39 132 69
39 65 72
39 143 80
39 279 92
39 283 49
39 284 90
39 287 84
39 51 72
39 182 11
39 183 83
39 57 81
39 193 18
39 196 5
39 74 66
39 213 64
39 87 69
39 219 76
39 108 73
39 114 73
40 257 38
40 263 30
40 137 10
40 142 18
40 144 51
40 280 13
40 167 3
40 296 66
40 44 78
40 179 18
40 56 91
40 190 51
40 193 34
40 66 32
40 202 30
40 205 0
40 206 64
40 208 60
40 81 9
40 83 64
40 86 100
40 90 44
40 229 81
40 236 60
40 237 20
40 245 87
40 247 67
41 128 5
41 259 82
41 264 11
41 140 69
41 270 29
41 143 91
41 147 5
41 284 4
41 170 86
41 299 41
41 175 33
41 49 51
41 50 10
41 181 82
41 184 15
41 194 88
41 72 22
41 73 78
41 81 15
41 87 61
41 220 69
41 222 77
41 115 11
41 298 20
42 160 42
42 195 0
42 68 16
42 262 33
42 198 93
42 264 56
42 73 97
42 82 87
42 235 76
42 172 79
42 269 12
42 113 6
42 274 29
42 181 97
42 119 88
42 88 58
42 277 58
43 128 36
43 259 96
43 145 62
43 148 8
43 150 38
43 279 50
43 297 54
43 44 23
43 45 16
43 176 34
43 49 43
43 73 31
43 186 2
43 198 74
43 140 90
43 76 18
43 218 85
43 93 7
43 224 65
43 226 32
43 231 15
43 233 42
43 107 12
43 246 85
43 125 10
44 128 54
44 134 15
44 135 45
44 265 1
44 292 41
44 53 34
44 192 83
44 66 60
44 72 94
44 76 45
44 79 73
44 83 34
44 219 39
44 220 26
44 240 42
44 241 38
44 121 19
45 133 40
45 143 87
45 149 97
45 156 78
45 164 47
45 284 26
45 178 80
45 57 60
45 60 35
45 196 57
45 201 78
45 75 86
45 209 12
45 83 13
45 86 51
45 87 46
45 94 80
45 100 61
45 106 89
45 235 33
45 117 34
45 121 81
45 253 8
45 127 77
46 258 14
46 142 39
46 147 63
46 286 3
46 288 77
46 289 18
46 164 1
46 294 74
46 172 72
46 176 76
46 197 47
46 71 70
46 73 60
46 213 37
46 229 87
46 235 91
46 108 27
46 123 15
47 129 0
47 263 56
47 148 19
47 152 21
47 161 59
47 48 71
47 179 29
47 183 16
47 56 54
47 58 99
47 61 4
47 71 13
47 77 12
47 215 61
47 91 5
47 224 47
47 103 76
47 234 23
47 109 90
47 240 24
47 245 31
47 246 44
47 252 97
47 126 80
48 260 71
48 134 17
48 146 38
48 154 35
48 283 17
48 158 3
48 290 62
48 174 79
48 182 98
48 193 29
48 197 49
48 71 52
48 72 58
48 74 22
48 75 3
48 204 52
48 208 99
48 81 52
48 223 23
48 106 83
48 274 18
48 112 69
48 113 14
48 245 81
48 254 32
49 261 97
49 134 73
49 266 31
49 272 71
49 150 85
49 279 18
49 281 66
49 288 16
49 162 63
49 182 3
49 219 39
49 96 46
49 97 48
49 226 77
49 103 4
49 234 32
49 108 40
49 238 94
49 253 16
50 262 7
50 159 66
50 160 79
50 155 81
50 166 69
50 167 58
50 184 64
50 203 37
50 84 34
50 217 83
50 219 82
50 94 95
50 97 48
50 102 77
50 103 26
50 234 87
50 236 93
50 114 54
51 64 7
51 265 3
51 268 14
51 273 50
51 285 17
51 286 0
51 175 11
51 61 6
51 192 25
51 194 4
51 214 34
51 95 51
51 98 52
51 166 49
51 106 56
51 114 40
51 115 18
51 126 96
52 264 92
52 145 53
52 274 34
52 277 47
52 161 80
52 170 7
52 174 86
52 58 93
52 64 53
52 198 29
52 73 51
52 206 56
52 79 31
52 212 43
52 87 77
52 105 88
52 110 11
52 121 47
52 125 77
53 258 61
53 132 15
53 270 85
53 273 13
53 277 27
53 158 67
53 167 85
53 180 31
53 57 76
53 60 45
53 61 9
53 203 91
53 76 33
53 205 67
53 142 38
53 227 80
53 105 36
53 234 63
53 238 72
53 118 25
53 148 69
53 254 81
53 127 52
54 258 94
54 139 100
54 269 58
54 273 58
54 274 33
54 278 92
54 155 57
54 159 1
54 291 90
54 166 27
54 175 73
54 176 76
54 60 35
54 72 64
54 203 73
54 210 65
54 227 27
54 105 53
54 235 33
54 239 42
54 247 78
54 248 100
54 249 33
54 250 31
55 129 13
55 137 8
55 266 19
55 143 90
55 283 71
55 161 53
55 291 15
55 292 78
55 178 50
55 184 89
55 189 47
55 70 46
55 289 51
55 76 99
55 204 80
55 207 32
55 96 98
55 225 58
55 104 24
55 109 70
55 243 21
55 245 9
55 247 46
55 249 75
55 122 87
55 254 38
56 131 49
56 133 97
56 143 24
56 276 9
56 281 29
56 297 3
56 159 29
56 114 12
56 184 38
56 287 76
56 83 2
56 89 69
56 91 23
56 95 7
56 242 33
56 116 58
56 250 28
56 124 20
57 133 68
57 139 46
57 141 67
57 144 90
57 145 17
57 149 9
57 282 55
57 288 97
57 293 43
57 171 31
57 178 72
57 187 44
57 60 30
57 66 91
57 195 9
57 68 7
57 74 72
57 207 21
57 80 11
57 92 54
57 103 20
57 108 32
57 110 76
57 118 3
57 249 41
57 251 70
58 128 48
58 132 71
58 133 11
58 138 16
58 148 52
58 261 65
58 162 39
58 166 28
58 169 46
58 66 44
58 195 27
58 69 22
58 203 72
58 88 76
58 93 58
58 227 26
58 104 44
58 105 89
58 107 26
58 238 6
58 114 11
58 115 77
58 116 99
58 276 21
58 124 17
58 253 2
59 137 87
59 273 13
59 281 77
59 294 66
59 173 100
59 63 89
59 66 21
59 246 0
59 70 19
59 207 70
59 212 98
59 89 39
59 79 61
59 226 94
59 227 35
59 103 93
59 105 8
59 241 99
59 118 99
59 122 60
59 253 63
60 259 24
60 135 99
60 144 24
60 275 18
60 280 69
60 159 30
60 161 27
60 163 6
60 70 98
60 167 87
60 170 30
60 177 99
60 178 19
60 65 0
60 198 59
60 79 35
60 82 5
60 218 97
60 219 44
60 220 85
60 227 49
60 230 18
60 119 88
60 122 57
60 255 19
61 64 25
61 265 93
61 139 82
61 145 61
61 276 20
61 153 23
61 287 69
61 160 86
61 294 78
61 298 60
61 245 94
61 192 26
61 68 17
61 77 59
61 141 21
61 210 23
61 85 54
61 92 44
61 95 65
61 230 47
61 117 92
61 118 55
61 120 89
61 148 33
61 124 47
62 196 18
62 260 85
62 165 6
62 198 86
62 231 43
62 234 86
62 167 85
62 126 32
62 115 60
62 71 31
62 102 23
62 83 63
62 254 98
62 154 99
62 187 89
62 298 8
62 229 12
63 258 61
63 136 22
63 267 27
63 268 20
63 269 91
63 287 69
63 164 23
63 183 64
63 191 56
63 64 50
63 68 61
63 199 83
63 200 50
63 216 76
63 217 56
63 221 36
63 114 38
63 250 42
64 258 24
64 268 92
64 150 28
64 152 52
64 288 68
64 163 2
64 264 0
64 185 100
64 160 13
64 206 74
64 83 58
64 85 66
64 91 97
64 220 2
64 95 86
64 97 57
64 100 22
64 229 94
64 102 75
64 105 47
64 108 77
64 241 22
64 127 50
65 263 88
65 136 32
65 268 73
65 142 43
65 281 15
65 159 44
65 292 95
65 297 86
65 298 25
65 174 52
65 178 13
65 190 8
65 194 49
65 68 81
65 198 75
65 212 28
65 219 99
65 94 68
65 225 48
65 100 6
65 231 16
65 107 59
65 120 65
65 249 94
66 161 51
66 140 1
66 137 69
66 78 36
66 284 72
66 146 71
66 245 9
66 278 11
66 185 58
66 124 84
66 253 67
66 190 41
67 291 61
67 260 7
67 229 80
67 264 91
67 73 42
67 108 22
67 109 2
67 142 61
67 81 99
67 259 7
67 116 15
67 120 47
67 153 16
67 283 64
67 254 6
68 160 75
68 195 13
68 132 74
68 69 55
68 267 6
68 109 49
68 78 25
68 255 34
68 80 23
68 173 46
68 275 10
68 276 11
68 215 83
68 95 7
68 126 39
69 136 52
69 142 81
69 282 80
69 289 53
69 294 34
69 168 27
69 189 15
69 76 73
69 79 23
69 87 40
69 92 70
69 98 15
69 105 95
69 106 67
69 108 94
69 126 64
69 248 7
69 254 76
69 127 77
70 256 98
70 130 72
70 134 56
70 140 88
70 272 1
70 277 0
70 278 2
70 283 68
70 284 96
70 163 69
70 168 18
70 298 58
70 265 2
70 189 55
70 190 56
70 194 50
70 198 64
70 71 93
70 206 61
70 214 3
70 90 13
70 100 77
70 235 19
70 239 84
70 241 23
70 114 70
70 243 6
70 244 13
71 282 62
71 277 57
71 281 10
71 154 85
71 157 40
71 290 51
71 169 88
71 173 43
71 194 26
71 195 6
71 73 27
71 203 56
71 204 55
71 205 33
71 206 53
71 79 30
71 212 94
71 223 44
71 226 84
71 145 22
71 234 61
71 108 76
71 76 97
71 241 32
71 243 77
71 117 22
71 247 55
71 254 74
71 149 10
72 259 39
72 137 47
72 139 24
72 142 61
72 271 100
72 144 71
72 149 59
72 156 28
72 287 44
72 162 44
72 164 84
72 299 94
72 158 91
72 195 82
72 196 91
72 76 10
72 202 39
72 204 64
72 206 73
72 228 48
72 114 18
72 243 32
72 116 40
72 121 12
72 126 5
73 257 25
73 258 67
73 140 12
73 146 10
73 275 99
73 283 35
73 160 49
73 164 80
73 297 36
73 182 90
73 193 85
73 195 15
73 202 92
73 78 41
73 120 94
73 216 3
73 106 19
73 242 36
73 248 9
73 234 90
73 122 15
73 125 61
74 128 97
74 256 22
74 258 39
74 135 43
74 144 68
74 278 78
74 163 39
74 220 58
74 173 29
74 182 50
74 187 82
74 77 22
74 291 98
74 207 55
74 83 7
74 215 36
74 92 88
74 227 45
74 229 11
74 108 44
75 256 4
75 267 38
75 168 62
75 291 51
75 170 49
75 185 30
75 118 87
75 199 12
75 202 86
75 211 0
75 92 29
75 232 36
75 240 52
75 246 68
75 119 38
75 123 68
75 253 98
76 299 48
76 171 82
76 150 80
76 161 64
76 165 42
76 169 21
76 170 5
76 174 34
76 178 23
76 192 2
76 200 31
76 206 17
76 85 18
76 215 35
76 90 67
76 99 86
76 232 79
76 233 78
76 108 71
76 244 69
76 247 8
76 252 54
77 258 49
77 266 39
77 139 99
77 142 91
77 147 6
77 150 50
77 282 61
77 154 1
77 159 36
77 289 21
77 173 31
77 176 65
77 184 97
77 205 15
77 85 33
77 90 43
77 91 51
77 231 62
77 235 73
77 241 82
77 118 12
77 247 19
77 122 55
78 97 86
78 166 10
78 129 80
78 112 13
78 167 90
78 206 56
78 143 86
78 80 75
78 210 6
78 243 77
78 84 41
78 245 38
78 201 40
78 100 73
78 154 62
78 124 20
78 95 49
79 262 49
79 271 15
79 286 70
79 172 19
79 173 67
79 181 68
79 182 2
79 196 68
79 205 71
79 208 96
79 212 90
79 213 81
79 87 33
79 90 65
79 103 94
79 105 18
79 234 40
79 122 5
80 143 58
80 276 29
80 149 58
80 282 26
80 167 84
80 166 55
80 295 76
80 172 82
80 285 86
80 180 36
80 186 89
80 188 76
80 192 24
80 195 92
80 198 30
80 203 28
80 210 60
80 91 72
80 222 3
80 95 68
80 235 94
80 110 78
80 239 13
80 241 53
80 121 28
80 277 48
81 133 1
81 135 95
81 137 28
81 141 37
81 145 70
81 279 53
81 285 35
81 162 21
81 171 5
81 209 13
81 87 47
81 97 56
81 233 94
81 237 68
81 110 60
81 297 6
82 257 88
82 130 59
82 263 2
82 274 0
82 277 66
82 135 29
82 253 13
82 185 18
82 190 100
82 120 27
82 212 59
82 215 38
82 234 64
82 239 85
82 242 46
82 244 33
82 117 15
82 248 72
82 84 71
82 170 73
82 126 68
83 129 23
83 266 30
83 270 75
83 272 68
83 274 22
83 148 40
83 149 77
83 156 78
83 159 62
83 160 8
83 163 77
83 166 11
83 295 29
83 187 1
83 188 60
83 138 75
83 224 78
83 92 94
83 96 46
83 226 65
83 227 16
83 101 13
83 239 31
83 296 20
83 117 1
83 119 12
83 248 65
83 125 50
83 254 55
84 160 24
84 256 38
84 226 3
84 228 94
84 294 16
84 205 6
84 296 55
84 169 38
84 266 88
84 207 61
84 209 34
84 206 66
84 119 68
84 155 6
84 254 15
85 135 44
85 138 36
85 268 46
85 271 19
85 152 3
85 156 34
85 159 1
85 169 79
85 173 97
85 180 13
85 189 50
85 194 50
85 197 25
85 198 40
85 211 73
85 118 76
85 119 85
85 125 0
86 131 48
86 138 29
86 142 82
86 272 17
86 147 43
86 278 81
86 279 0
86 281 25
86 290 22
86 164 50
86 198 4
86 202 34
86 120 83
86 215 81
86 220 28
86 94 49
86 228 3
86 234 0
86 108 0
86 248 7
87 153 8
87 154 81
87 283 58
87 157 49
87 177 7
87 179 18
87 137 68
87 180 2
87 192 39
87 205 97
87 208 25
87 214 19
87 101 35
87 98 50
87 229 37
87 234 82
87 169 50
88 257 61
88 136 42
88 147 7
88 148 51
88 277 29
88 281 34
88 154 38
88 283 62
88 288 67
88 293 83
88 183 36
88 208 77
88 227 37
88 231 78
88 236 35
88 243 5
88 246 71
88 119 22
88 250 59
89 131 43
89 219 16
89 100 3
89 209 23
89 264 87
89 106 90
89 167 6
89 143 52
89 111 14
89 184 87
89 291 92
89 283 88
89 158 65
90 258 47
90 131 42
90 132 97
90 263 48
90 141 66
90 148 99
90 278 56
90 283 53
90 157 80
90 288 2
90 161 99
90 155 27
90 294 19
90 297 50
90 172 44
90 190 40
90 195 78
90 198 44
90 218 4
90 222 93
90 100 34
90 229 29
90 236 43
90 109 11
90 120 60
91 266 19
91 160 89
91 295 93
91 298 86
91 177 85
91 180 12
91 187 60
91 189 3
91 193 55
91 213 11
91 93 95
91 97 58
91 98 24
91 230 31
91 114 8
91 250 52
92 131 50
92 149 51
92 279 21
92 286 26
92 160 80
92 283 50
92 164 64
92 295 74
92 175 36
92 177 90
92 178 87
92 184 43
92 194 16
92 250 59
92 123 83
93 132 92
93 138 11
93 268 3
93 270 91
93 151 37
93 152 83
93 154 55
93 155 18
93 170 77
93 201 2
93 204 85
93 206 37
93 99 46
93 218 40
93 227 86
93 228 97
93 230 38
93 246 16
93 120 85
93 121 5
93 298 94
94 256 43
94 134 43
94 193 63
94 264 23
94 268 95
94 173 9
94 148 54
94 163 89
94 169 94
94 135 36
94 157 73
94 187 46
94 95 38
94 254 39
95 257 42
95 135 18
95 266 3
95 140 87
95 146 73
95 196 4
95 291 63
95 169 38
95 187 79
95 201 4
95 224 66
95 208 71
95 229 59
95 108 51
95 189 44
95 245 17
95 247 97
95 251 54
95 253 76
96 128 2
96 258 85
96 134 4
96 136 94
96 265 43
96 138 45
96 140 47
96 269 50
96 146 58
96 155 57
96 156 88
96 240 3
96 293 38
96 170 38
96 174 18
96 180 75
96 181 74
96 184 12
96 203 36
96 212 59
96 213 56
96 215 18
96 222 55
96 227 97
96 101 49
96 112 50
96 119 86
97 258 90
97 263 43
97 137 71
97 139 31
97 141 35
97 270 11
97 284 4
97 190 60
97 194 86
97 217 12
97 222 69
97 225 54
97 108 43
97 112 73
97 121 49
97 254 37
98 129 24
98 261 81
98 267 44
98 146 65
98 148 53
98 150 67
98 288 23
98 290 14
98 166 83
98 297 30
98 171 1
98 192 10
98 207 12
98 210 83
98 229 10
98 111 70
98 121 95
99 259 11
99 261 17
99 264 86
99 269 94
99 272 85
99 145 81
99 154 68
99 168 51
99 185 1
99 186 93
99 211 18
99 224 71
99 230 7
99 234 89
99 242 79
99 253 77
99 277 6
100 137 76
100 140 43
100 269 60
100 280 34
100 177 53
100 178 58
100 194 83
100 213 46
100 228 29
100 229 3
100 102 4
100 239 65
100 118 8
100 247 21
100 252 73
101 260 11
101 263 96
101 137 61
101 269 9
101 152 84
101 154 67
101 284 57
101 162 17
101 293 50
101 168 80
101 180 60
101 182 13
101 186 15
101 200 51
101 206 27
101 209 12
101 210 9
101 221 41
101 236 16
101 117 41
102 227 24
102 211 8
102 231 43
102 232 50
102 236 41
102 171 23
102 135 47
102 204 56
102 110 92
102 131 36
102 119 34
102 153 76
102 285 85
102 158 62
102 255 19
103 134 97
103 268 46
103 141 42
103 281 91
103 161 35
103 291 18
103 165 19
103 168 84
103 172 53
103 181 12
103 182 74
103 192 60
103 195 79
103 203 38
103 208 11
103 209 98
103 106 27
103 108 7
103 296 33
103 117 100
104 130 63
104 261 96
104 281 56
104 156 37
104 160 98
104 170 30
104 179 86
104 288 55
104 195 53
104 207 68
104 273 99
104 105 18
104 107 76
104 109 88
104 121 2
104 298 95
105 128 18
105 142 41
105 145 68
105 276 85
105 150 36
105 283 59
105 286 1
105 288 47
105 289 69
105 197 56
105 166 64
105 167 82
105 195 60
105 113 9
105 221 36
105 235 67
105 108 16
105 112 33
105 241 27
105 116 75
105 246 55
105 120 21
106 132 60
106 179 15
106 141 34
106 291 61
106 292 74
106 170 12
106 195 72
106 207 68
106 210 88
106 223 75
106 229 12
106 253 65
107 131 70
107 139 10
107 277 91
107 152 21
107 261 38
107 172 24
107 175 30
107 182 99
107 232 100
107 210 70
107 223 14
107 235 11
107 110 83
107 241 82
107 119 46
108 132 54
108 263 43
108 265 85
108 139 64
108 289 39
108 292 42
108 218 27
108 232 1
108 111 65
108 247 22
108 251 22
109 138 76
109 141 21
109 148 100
109 151 78
109 282 25
109 163 5
109 298 83
109 172 0
109 193 77
109 211 1
109 214 72
109 221 99
109 228 30
109 229 21
109 237 68
109 110 23
109 239 60
109 243 24
109 246 82
109 247 13
109 249 49
109 251 36
110 258 27
110 260 87
110 138 89
110 237 66
110 273 52
110 147 21
110 160 62
110 163 12
110 174 24
110 184 96
110 188 97
110 194 35
110 207 70
110 212 35
110 111 85
110 112 92
110 253 58
111 279 97
111 146 19
111 149 4
111 278 68
111 285 23
111 288 15
111 289 20
111 169 95
111 170 16
111 186 37
111 189 21
111 267 88
111 202 95
111 204 82
111 206 19
111 212 20
111 230 53
111 235 16
111 236 74
111 117 62
111 121 26
111 126 75
112 130 17
112 280 49
112 276 56
112 152 4
112 157 42
112 181 85
112 182 91
112 184 55
112 186 48
112 195 26
112 200 66
112 242 94
112 249 18
113 267 84
113 268 3
113 269 61
113 142 37
113 176 93
113 164 23
113 293 95
113 179 55
113 182 88
113 183 48
113 196 50
113 289 70
113 206 21
113 219 72
113 220 43
113 229 97
113 232 24
113 115 50
113 252 17
114 129 59
114 131 26
114 140 52
114 148 65
114 278 66
114 151 19
114 281 10
114 163 28
114 299 45
114 172 71
114 136 48
114 186 27
114 138 48
114 192 76
114 213 72
114 221 98
114 222 65
114 240 26
114 246 90
114 276 91
115 224 99
115 131 75
115 200 85
115 124 83
115 173 60
115 270 10
115 141 22
115 264 62
115 123 82
115 188 12
115 232 96
116 257 44
116 133 8
116 262 51
116 150 1
116 284 6
116 288 48
116 166 29
116 171 6
116 184 71
116 187 65
116 194 36
116 204 38
116 210 14
116 212 80
116 214 99
116 144 19
116 119 75
116 251 90
116 253 35
117 134 7
117 139 61
117 146 66
117 281 64
117 155 86
117 285 44
117 160 10
117 168 92
117 171 34
117 174 92
117 196 68
117 210 48
117 219 41
117 222 72
117 226 78
117 231 11
117 238 94
117 123 28
118 259 67
118 133 98
118 148 92
118 151 59
118 153 33
118 182 33
118 200 50
118 201 75
118 207 91
118 208 77
118 211 32
118 229 48
118 230 93
118 241 58
118 242 41
119 129 41
119 263 31
119 267 5
119 273 48
119 147 78
119 151 79
119 157 63
119 158 57
119 161 82
119 292 56
119 166 87
119 295 25
119 135 52
119 179 53
119 180 77
119 186 70
119 187 91
119 192 15
119 197 14
119 210 69
119 221 34
119 226 72
119 233 8
119 234 98
119 242 85
119 275 65
119 250 53
119 124 66
120 135 57
120 285 33
120 168 16
120 298 7
120 186 13
120 194 21
120 223 2
120 247 71
120 249 0
120 123 22
121 132 74
121 264 54
121 143 51
121 272 82
121 145 61
121 281 25
121 239 58
121 157 89
121 290 33
121 166 36
121 174 92
121 176 3
121 188 57
121 190 68
121 206 96
121 235 85
122 136 38
122 143 8
122 201 100
122 284 0
122 165 61
122 166 3
122 298 89
122 171 73
122 173 67
122 185 49
122 187 73
122 211 65
122 230 78
122 235 74
122 248 90
122 123 33
122 127 21
123 256 37
123 141 39
123 277 90
123 154 73
123 284 71
123 157 67
123 158 41
123 278 36
123 285 70
123 176 54
123 179 12
123 286 19
123 186 83
123 192 62
123 205 11
123 220 77
123 174 96
123 242 79
123 251 19
124 147 43
124 150 31
124 284 39
124 160 54
124 291 38
124 176 61
124 182 86
124 192 66
124 194 93
124 202 16
124 209 73
124 214 98
124 218 22
124 219 11
124 233 15
124 237 4
124 248 67
124 249 93
125 230 51
125 162 1
125 291 56
125 262 35
125 268 65
125 236 58
125 238 70
125 152 39
125 267 58
125 185 76
125 283 2
126 258 14
126 266 2
126 272 33
126 145 28
126 276 15
126 154 99
126 160 48
126 295 26
126 183 73
126 186 19
126 214 56
126 235 63
126 252 86
127 290 53
127 262 48
127 295 97
127 169 69
127 170 73
127 197 47
127 239 22
127 178 25
127 150 27
127 280 38
127 249 50
127 155 12
127 221 14
127 181 84
128 137 34
128 271 30
128 274 46
128 281 50
128 153 53
128 161 24
128 168 15
128 192 73
128 200 40
128 212 16
128 143 18
128 244 93
129 133 13
129 263 59
129 265 59
129 150 21
129 280 70
129 154 39
129 288 80
129 289 61
129 173 15
129 177 94
129 187 19
129 214 76
129 223 81
129 241 29
129 242 88
130 132 21
130 168 7
130 138 56
130 204 48
130 256 89
130 177 91
130 211 4
130 276 82
130 222 78
130 187 40
130 200 21
130 254 20
131 263 79
131 272 21
131 149 97
131 283 81
131 157 92
131 161 62
131 162 6
131 295 65
131 172 3
131 178 82
131 185 37
131 197 62
131 205 9
131 269 76
131 222 71
131 234 10
132 275 67
132 154 31
132 283 57
132 157 1
132 288 6
132 163 61
132 166 39
132 298 22
132 178 87
132 188 53
132 189 64
132 193 87
132 199 77
132 200 57
132 209 75
132 291 16
132 142 28
132 220 92
132 237 97
132 239 1
132 242 39
132 250 88
133 278 43
133 263 60
133 267 87
133 142 19
133 152 49
133 280 89
133 284 48
133 286 15
133 290 11
133 192 35
133 195 75
133 139 21
133 185 70
133 219 70
133 224 56
133 236 12
133 243 66
133 248 73
133 250 41
134 268 41
134 141 100
134 271 59
134 145 66
134 276 62
134 151 24
134 285 55
134 298 85
134 180 38
134 216 59
134 226 48
134 229 46
134 230 4
135 262 58
135 136 38
135 265 46
135 146 70
135 147 79
135 296 73
135 297 0
135 176 34
135 264 45
135 182 59
135 205 87
135 212 50
135 213 71
135 209 24
135 233 77
135 231 16
135 236 84
135 239 95
135 242 60
136 145 93
136 148 59
136 151 66
136 163 75
136 166 8
136 290 47
136 209 21
136 210 65
136 217 26
136 223 63
136 235 97
136 251 46
137 147 49
137 287 34
137 289 45
137 294 66
137 298 69
137 173 46
137 177 29
137 184 49
137 196 35
137 199 69
137 201 60
137 212 46
137 227 70
137 234 88
137 235 35
137 246 94
137 200 45
137 255 53
138 261 61
138 263 70
138 258 18
138 283 49
138 284 58
138 159 16
138 168 42
138 242 58
138 174 7
138 175 71
138 184 81
138 196 50
138 200 78
138 215 52
138 220 20
138 232 31
138 245 4
138 254 70
139 260 9
139 263 86
139 144 33
139 150 10
139 153 68
139 157 61
139 291 1
139 164 65
139 293 9
139 171 37
139 189 12
139 205 63
139 221 37
140 257 33
140 264 64
140 153 17
140 285 26
140 164 68
140 166 2
140 167 46
140 223 85
140 196 12
140 198 18
140 199 38
140 206 55
140 208 16
140 293 46
140 230 11
140 241 47
140 243 73
141 263 27
141 270 89
141 149 87
141 288 18
141 219 24
141 174 91
141 186 100
141 203 58
141 222 81
141 251 71
141 231 58
141 237 69
141 243 98
142 264 0
142 271 35
142 275 80
142 279 15
142 290 29
142 291 96
142 175 96
142 200 92
142 209 51
142 210 31
142 226 36
142 227 4
142 229 23
142 237 67
142 240 11
142 242 73
142 247 37
143 271 41
143 275 8
143 153 27
143 288 33
143 174 73
143 178 37
143 207 52
143 213 13
143 250 44
143 248 36
143 255 48
144 162 60
144 261 40
144 262 21
144 167 38
144 220 89
144 267 57
144 206 84
144 239 43
144 275 73
144 271 99
145 266 22
145 155 23
145 288 1
145 291 77
145 169 23
145 186 30
145 190 96
145 192 18
145 205 26
145 215 53
145 228 12
145 232 57
145 234 79
145 245 66
146 273 64
146 151 76
146 153 62
146 286 61
146 191 61
146 193 22
146 208 92
146 209 37
146 210 6
146 215 20
146 217 32
146 235 8
146 254 42
147 261 49
147 281 51
147 160 11
147 290 46
147 171 79
147 174 31
147 196 24
147 198 41
147 205 51
147 218 57
147 226 62
147 234 79
147 237 78
148 266 70
148 284 80
148 286 2
148 162 90
148 293 72
148 185 99
148 203 32
148 271 45
148 230 94
148 232 93
148 239 25
148 245 100
149 266 52
149 259 8
149 155 55
149 159 76
149 165 59
149 167 59
149 172 62
149 186 56
149 198 31
149 205 51
149 208 87
149 241 50
149 245 18
150 259 25
150 263 13
150 226 11
150 277 82
150 284 88
150 167 16
150 173 81
150 178 51
150 179 69
150 202 37
150 219 11
150 231 5
150 249 26
150 254 21
151 153 85
151 155 88
151 286 100
151 291 92
151 296 42
151 179 2
151 182 17
151 197 60
151 199 8
151 218 66
151 220 41
151 224 34
151 272 75
151 233 42
151 235 15
151 245 79
152 226 89
152 292 84
152 237 91
152 179 95
152 180 86
152 249 86
152 287 64
153 258 71
153 262 66
153 276 26
153 283 43
153 159 42
153 288 14
153 290 33
153 296 41
153 188 45
153 213 52
153 249 62
154 272 47
154 291 40
154 185 32
154 186 47
154 202 75
154 204 60
154 208 11
154 211 59
154 213 61
154 217 38
154 245 75
154 247 68
155 279 31
155 278 16
155 158 3
155 165 16
155 296 47
155 224 19
155 211 25
155 214 36
155 219 28
155 220 66
155 229 70
155 230 17
155 231 43
156 256 1
156 269 43
156 270 32
156 272 1
156 273 77
156 282 39
156 292 76
156 168 29
156 186 82
156 192 65
156 198 14
156 221 58
156 296 42
156 244 52
157 273 16
157 286 47
157 287 14
157 176 43
157 222 31
157 190 97
157 202 19
157 205 5
157 224 69
157 232 11
157 238 38
157 240 10
157 241 60
157 254 23
158 266 81
158 278 35
158 282 66
158 159 60
158 288 1
158 177 40
158 186 33
158 188 94
158 207 52
158 215 89
158 225 60
158 251 49
158 254 78
158 255 61
159 265 84
159 278 5
159 279 98
159 280 97
159 282 99
159 160 63
159 296 40
159 190 35
159 288 53
159 214 84
159 220 90
159 252 3
159 254 81
160 267 12
160 272 91
160 274 53
160 276 32
160 282 34
160 286 25
160 293 82
160 166 9
160 168 26
160 179 27
160 183 92
160 187 23
160 197 12
160 234 83
160 241 53
160 232 4
161 259 57
161 284 61
161 290 34
161 294 59
161 170 77
161 173 73
161 188 1
161 193 34
161 216 64
161 239 46
161 248 69
162 284 81
162 163 34
162 166 85
162 174 39
162 176 38
162 192 76
162 196 59
162 197 32
162 205 98
162 230 4
162 209 19
162 234 69
162 244 89
162 250 74
163 268 36
163 258 24
163 271 66
163 274 48
163 165 1
163 294 26
163 190 58
163 193 73
163 194 51
163 213 4
163 216 96
163 220 64
163 293 46
163 243 81
163 245 75
163 254 64
164 256 84
164 261 91
164 271 47
164 278 62
164 166 30
164 168 90
164 177 60
164 178 66
164 183 81
164 196 92
164 212 47
164 213 21
164 218 59
164 221 78
164 238 51
164 253 94
165 270 2
165 278 100
165 289 45
165 294 45
165 179 44
165 192 41
165 193 8
165 199 55
165 221 63
165 222 75
165 230 62
165 237 4
165 242 100
165 253 85
165 254 4
166 271 31
166 260 27
166 173 83
166 176 81
166 191 14
166 197 37
166 221 82
166 223 88
166 234 11
166 243 73
167 257 0
167 297 71
167 177 69
167 199 39
167 209 4
167 249 93
167 217 74
168 262 8
168 274 98
168 277 8
168 281 4
168 198 85
168 297 92
168 173 24
168 205 16
168 206 91
168 208 8
168 220 32
168 238 16
169 263 1
169 171 43
169 175 57
169 178 74
169 181 76
169 185 76
169 191 56
169 197 39
169 205 16
169 207 29
169 230 18
169 234 5
169 235 5
170 268 53
170 269 78
170 282 18
170 284 18
170 179 75
170 185 49
170 224 0
170 194 40
170 196 68
170 199 24
170 216 66
170 239 59
170 244 74
170 297 15
170 249 32
171 261 10
171 266 56
171 269 64
171 275 32
171 297 78
171 188 82
171 199 57
171 201 94
171 204 18
171 238 83
171 243 44
171 276 66
171 253 13
172 256 99
172 242 23
172 195 26
172 197 60
172 201 33
172 230 26
172 233 29
173 273 93
173 281 73
173 285 97
173 175 28
173 243 42
173 181 60
173 194 57
173 267 58
173 289 92
173 208 35
173 209 66
173 220 98
173 235 9
173 238 0
173 296 33
173 247 11
173 252 67
174 264 86
174 286 19
174 182 6
174 201 83
174 202 10
174 210 38
174 215 78
174 223 41
175 212 91
175 247 87
175 287 7
176 299 63
176 287 41
176 293 4
176 294 35
176 178 22
176 179 29
176 189 33
176 190 73
176 182 4
176 199 25
176 217 33
176 228 47
176 253 50
177 261 56
177 264 47
177 272 64
177 291 5
177 193 3
177 201 81
177 212 31
177 225 54
177 239 15
177 248 96
177 249 31
178 263 23
178 280 24
178 283 0
178 294 88
178 185 44
178 192 11
178 194 54
178 267 60
178 183 84
178 228 64
178 227 86
178 239 46
179 263 58
179 270 69
179 285 58
179 289 49
179 294 61
179 295 81
179 232 62
179 198 77
179 201 94
179 202 77
179 220 33
179 221 39
180 257 40
180 281 19
180 184 85
180 190 9
180 193 5
180 196 73
180 215 75
180 217 31
180 218 29
180 219 37
180 227 23
180 228 74
180 238 41
180 253 68
180 255 0
181 295 22
181 264 44
181 275 43
181 274 28
181 243 75
181 216 80
181 285 41
181 223 21
182 287 29
182 288 67
182 294 42
182 205 11
182 243 16
183 256 25
183 197 81
183 202 60
183 299 54
183 275 57
183 246 73
183 217 38
183 185 69
183 220 7
184 272 76
184 291 9
184 197 29
184 204 46
184 229 61
184 247 50
184 255 14
185 265 10
185 283 43
185 287 77
185 298 70
185 195 5
185 211 12
185 230 11
185 246 80
185 255 88
186 266 65
186 272 100
186 275 37
186 282 46
186 298 77
186 196 91
186 198 31
186 199 23
186 214 84
186 219 1
186 241 32
187 295 95
187 206 27
187 190 98
187 248 82
187 285 7
188 257 18
188 260 20
188 275 79
188 277 9
188 290 100
188 268 62
188 213 33
188 236 48
188 211 66
188 251 31
189 267 88
189 274 70
189 279 94
189 294 97
189 298 5
189 193 6
189 200 38
189 204 81
189 214 57
189 226 17
189 234 44
189 236 10
189 249 33
190 278 16
190 262 69
190 265 55
190 266 95
190 269 72
190 287 52
190 191 92
190 239 79
190 245 45
190 247 72
191 257 97
191 197 38
191 208 10
191 216 33
191 286 64
191 280 60
191 250 35
192 266 64
192 203 65
192 209 68
192 222 9
192 240 39
192 244 81
193 267 43
193 279 2
193 195 72
193 241 57
193 204 61
193 296 35
193 246 49
193 253 55
194 257 30
194 259 93
194 262 95
194 263 25
194 266 65
194 282 24
194 284 85
194 288 54
194 197 7
194 200 99
194 202 67
194 210 11
194 227 10
194 250 99
194 270 50
194 213 12
195 261 72
195 285 18
195 287 46
195 228 9
195 235 63
195 239 33
195 240 82
195 248 28
196 268 24
196 281 88
196 282 23
196 290 49
196 296 79
196 297 68
196 261 76
196 197 12
196 199 76
196 204 66
196 230 74
196 232 99
196 236 7
196 238 60
197 272 23
197 298 53
197 200 33
197 210 52
197 212 26
197 217 74
197 218 96
197 220 32
197 244 13
198 271 41
198 274 53
198 294 53
198 211 40
198 217 95
198 237 83
198 249 37
199 257 70
199 261 77
199 266 100
199 277 85
199 283 91
199 291 83
199 206 77
199 208 37
199 218 41
199 293 39
199 254 50
200 260 19
200 265 60
200 270 94
200 275 57
200 281 66
200 286 55
200 204 97
200 205 18
200 212 41
200 225 87
200 234 25
200 242 18
201 262 91
201 282 1
201 289 97
201 204 33
201 205 78
201 230 45
201 248 2
201 249 25
201 251 34
201 254 95
202 260 23
202 297 23
202 298 71
202 229 58
202 238 80
203 230 17
203 264 17
203 214 55
203 299 22
203 213 23
204 276 46
204 280 72
204 282 80
204 239 15
204 298 92
204 210 67
204 211 92
205 270 2
205 280 37
205 291 84
205 299 39
205 227 56
205 245 50
205 252 35
206 266 76
206 269 53
206 274 100
206 278 67
206 289 84
206 290 37
206 296 12
206 222 12
206 254 24
207 267 43
207 287 75
207 211 67
207 214 20
207 219 37
207 228 1
207 240 25
208 265 57
208 266 90
208 270 55
208 272 76
208 274 88
208 279 70
208 292 26
208 294 37
208 250 27
208 251 8
209 289 0
209 264 25
209 219 59
209 220 70
209 225 97
209 236 87
209 237 77
209 243 73
209 246 19
209 255 61
210 294 40
210 272 41
210 264 22
210 221 51
210 223 69
210 227 29
210 231 50
210 249 8
211 282 41
211 278 41
211 217 64
211 224 96
211 251 28
212 256 86
212 260 75
212 275 24
212 291 16
212 293 8
212 218 8
212 221 90
212 229 78
212 230 84
212 235 31
212 245 18
213 258 38
213 269 52
213 280 42
213 284 32
213 299 94
213 238 60
213 244 90
214 265 60
214 267 75
214 268 47
214 279 33
214 294 15
214 299 77
214 222 18
214 226 71
214 231 96
214 241 2
214 248 37
215 275 65
215 277 39
215 288 92
215 295 7
215 284 56
215 224 100
215 229 12
215 238 61
215 244 97
215 254 61
216 257 26
216 264 0
216 239 8
216 288 83
216 298 82
216 254 15
217 262 4
217 263 65
217 274 44
217 278 57
217 280 17
217 298 61
217 233 73
218 262 62
218 280 12
218 288 32
218 293 10
218 246 66
218 247 91
218 251 32
219 257 3
219 262 94
219 270 98
219 281 6
219 298 26
219 236 0
219 242 3
220 266 88
220 271 49
220 241 5
220 252 52
221 274 21
221 279 79
221 284 45
221 294 36
221 297 9
221 247 68
221 238 5
221 243 48
221 254 4
222 274 20
222 275 6
222 278 39
222 280 73
222 289 2
222 290 85
222 291 29
222 239 87
222 247 99
223 261 12
223 262 100
223 271 24
223 282 89
223 284 55
223 292 72
223 229 98
224 288 92
224 252 48
224 286 56
225 227 81
225 230 84
225 298 65
225 235 96
225 236 57
225 245 68
225 249 48
226 259 12
226 277 6
226 279 53
226 270 31
226 240 12
226 243 77
226 249 69
227 278 92
227 284 99
227 286 56
227 290 38
227 299 62
227 230 29
228 268 9
228 235 47
228 238 43
228 241 40
228 242 76
228 247 63
229 257 2
229 277 53
230 271 84
230 277 23
230 295 72
230 250 20
230 243 56
230 244 41
231 278 22
231 262 86
231 279 18
231 280 44
231 282 56
231 291 99
231 245 59
231 235 56
231 249 72
231 252 48
231 254 26
232 256 20
232 259 43
232 264 72
232 269 32
232 271 56
232 251 46
233 291 18
233 294 60
233 268 55
233 270 65
233 276 22
234 257 42
234 279 12
234 283 63
234 239 18
234 241 10
234 245 90
235 258 13
235 260 4
235 263 77
235 267 20
235 241 26
235 243 20
235 252 4
236 257 33
236 288 19
236 298 72
236 246 90
236 248 61
237 279 92
237 271 21
237 264 5
238 258 11
238 294 78
238 250 94
238 251 63
239 267 10
239 290 94
239 272 88
239 253 17
240 263 11
240 267 47
240 278 78
240 281 2
240 282 45
240 288 2
240 289 97
240 299 62
240 245 16
240 251 17
241 273 92
241 299 33
241 245 17
241 251 98
242 262 69
242 265 27
242 269 96
242 277 52
242 290 50
242 298 44
242 243 74
242 250 47
242 251 24
243 257 91
243 264 21
243 267 61
243 277 81
243 284 85
243 293 64
243 245 31
244 268 13
244 275 76
244 251 48
245 288 83
246 286 42
246 296 69
246 284 73
246 255 95
247 297 89
247 254 56
248 256 65
248 270 10
248 272 73
248 274 82
248 286 55
249 262 4
249 271 88
249 250 73
249 251 1
250 267 7
250 258 44
250 286 17
250 288 74
250 291 11
250 269 18
251 267 100
251 270 21
251 283 6
251 287 46
252 262 27
252 272 66
252 271 24
253 299 92
253 265 75
253 274 59
253 280 14
253 290 68
254 263 63
254 279 61
254 291 12
254 287 22
254 272 45
254 255 96
255 257 46
255 258 3
255 261 51
255 276 6
255 288 7
256 269 75
256 273 45
257 271 37
257 285 26
257 288 34
257 291 64
257 273 84
258 268 6
258 280 1
258 284 68
258 287 55
258 289 20
259 294 87
259 296 26
259 298 37
259 291 63
259 271 11
259 269 74
260 291 49
260 293 75
260 263 16
260 272 72
260 281 6
261 292 74
262 267 81
262 268 45
262 275 96
262 294 80
263 264 23
263 275 61
263 291 66
263 299 86
264 272 78
264 282 97
264 297 32
265 282 15
265 291 6
265 293 65
265 296 25
266 281 89
266 298 22
266 273 72
267 278 4
267 268 75
267 275 27
267 286 97
268 269 94
268 299 5
269 273 82
269 284 13
269 292 34
269 293 62
269 296 86
269 277 43
270 278 72
270 291 42
270 298 82
271 283 39
271 292 85
272 273 91
272 278 37
272 293 46
273 277 52
274 289 4
274 295 27
274 297 18
275 276 39
275 282 32
275 292 83
275 298 12
276 282 4
277 280 69
278 282 93
278 298 64
279 295 72
280 284 6
281 294 60
282 293 79
285 288 61
285 291 7
285 293 9
285 295 62
286 289 47
287 295 65
289 297 12
290 299 61
293 297 95
294 295 59
295 297 67
296 298 38
