300 4000
0 256 16
0 130 13
0 141 30
0 278 93
0 155 30
0 159 4
0 32 61
0 166 76
0 296 62
0 297 24
0 43 23
0 53 93
0 188 34
0 190 57
0 191 31
0 203 69
0 206 77
0 79 60
0 84 18
0 215 46
0 98 26
0 234 70
0 241 33
0 248 7
1 257 83
1 129 35
1 136 92
1 9 45
1 139 71
1 148 37
1 282 95
1 156 52
1 38 72
1 41 95
1 42 81
1 177 3
1 178 34
1 179 11
1 55 8
1 187 28
1 191 32
1 76 77
1 77 8
1 209 86
1 217 46
1 91 37
1 93 69
1 99 50
1 229 31
1 81 17
1 111 12
1 241 45
1 245 95
1 122 39
1 252 52
2 128 67
2 130 94
2 3 47
2 7 38
2 258 82
2 144 17
2 276 56
2 28 41
2 29 49
2 162 100
2 168 35
2 44 79
2 176 79
2 115 72
2 185 1
2 186 83
2 61 15
2 65 51
2 66 55
2 211 84
2 214 67
2 218 68
2 228 21
2 236 86
2 111 81
2 243 89
2 126 90
2 249 80
2 124 20
2 254 64
3 257 80
3 264 93
3 10 71
3 139 28
3 13 35
3 17 96
3 18 7
3 277 54
3 23 100
3 166 2
3 167 76
3 175 9
3 115 74
3 55 22
3 188 65
3 266 6
3 63 17
3 64 22
3 130 6
3 74 42
3 79 33
3 84 21
3 87 31
3 88 46
3 219 17
3 92 94
3 93 8
3 222 61
3 105 42
3 243 38
3 21 35
4 129 51
4 257 95
4 268 0
4 18 24
4 120 42
4 154 18
4 33 86
4 290 60
4 36 24
4 165 15
4 39 23
4 58 34
4 68 71
4 199 81
4 12 11
4 206 15
4 209 80
4 214 27
4 89 24
4 97 81
4 99 81
4 233 66
4 289 22
4 239 94
4 240 39
4 245 53
4 247 7
4 248 12
5 129 45
5 226 38
5 86 68
5 262 72
5 289 2
5 168 52
5 267 99
5 109 79
5 238 97
5 205 76
5 273 86
5 180 28
5 53 86
5 214 4
5 87 13
5 61 91
5 101 16
5 287 87
5 92 75
5 157 45
5 127 92
6 288 3
6 66 82
6 283 60
6 37 34
6 263 99
6 290 69
6 237 65
6 15 3
6 50 32
6 209 91
6 114 0
6 163 35
6 84 21
6 118 34
6 216 3
6 59 54
6 285 74
6 62 17
7 257 2
7 265 9
7 10 52
7 130 55
7 270 30
7 272 54
7 17 14
7 18 12
7 21 12
7 164 88
7 165 67
7 173 74
7 49 20
7 61 74
7 66 71
7 69 88
7 200 26
7 76 5
7 141 33
7 98 52
7 273 8
7 232 78
7 237 15
7 241 74
7 115 17
7 245 98
7 250 33
7 123 30
8 259 81
8 137 24
8 18 93
8 20 60
8 282 51
8 284 37
8 285 5
8 297 40
8 50 39
8 182 12
8 186 36
8 187 1
8 193 68
8 54 22
8 72 33
8 204 57
8 84 20
8 215 8
8 92 13
8 224 16
8 234 90
8 111 19
8 119 41
8 122 55
9 258 14
9 137 50
9 269 63
9 270 36
9 47 48
9 31 82
9 289 47
9 175 50
9 182 94
9 185 3
9 159 85
9 193 63
9 70 18
9 33 52
9 75 84
9 13 17
9 86 86
9 89 23
9 97 12
9 98 55
9 228 32
9 230 69
9 113 7
9 115 88
9 244 92
9 254 64
9 248 50
9 126 43
9 255 61
10 134 86
10 267 70
10 268 43
10 269 26
10 14 94
10 16 14
10 20 68
10 282 95
10 158 9
10 163 46
10 294 94
10 39 49
10 296 38
10 175 59
10 190 4
10 117 64
10 67 21
10 198 27
10 207 88
10 84 66
10 270 65
10 217 18
10 228 81
10 102 0
10 231 59
10 105 92
10 245 60
10 248 68
10 148 47
10 122 53
10 255 91
11 134 54
11 263 41
11 17 76
11 151 24
11 283 51
11 156 70
11 157 73
11 33 38
11 35 64
11 165 0
11 298 72
11 43 54
11 47 60
11 188 41
11 189 92
11 66 85
11 203 32
11 206 17
11 208 3
11 211 56
11 213 97
11 88 61
11 89 9
11 225 85
11 99 61
11 100 35
11 145 42
11 106 43
11 108 35
11 237 50
11 120 45
11 217 15
11 170 28
12 131 51
12 144 78
12 275 57
12 282 97
12 157 10
12 30 41
12 31 59
12 37 44
12 298 84
12 174 40
12 177 95
12 179 58
12 182 88
12 189 24
12 193 38
12 69 96
12 208 24
12 210 75
12 211 52
12 217 68
12 223 98
12 230 67
12 240 41
12 243 84
12 250 88
12 170 66
13 128 34
13 261 53
13 136 26
13 18 93
13 22 32
13 24 10
13 154 97
13 27 66
13 171 72
13 46 15
13 60 13
13 191 98
13 69 0
13 74 83
13 119 29
13 80 45
13 81 21
13 212 16
13 218 54
13 220 78
13 224 2
13 228 24
13 247 56
13 248 89
13 249 43
13 123 65
13 255 100
14 265 50
14 270 30
14 144 97
14 146 26
14 277 56
14 279 52
14 280 10
14 26 98
14 290 79
14 35 69
14 36 48
14 167 62
14 172 27
14 46 41
14 47 46
14 181 78
14 266 2
14 190 74
14 193 71
14 205 82
14 208 58
14 231 73
14 106 29
14 241 47
15 257 44
15 143 88
15 146 77
15 149 74
15 150 8
15 279 0
15 35 58
15 292 38
15 134 92
15 47 7
15 192 24
15 194 30
15 202 91
15 93 79
15 96 30
15 100 53
15 110 72
15 111 85
15 242 29
15 115 59
15 246 94
15 125 46
15 254 94
16 264 71
16 20 7
16 150 85
16 282 42
16 287 4
16 160 47
16 289 100
16 36 86
16 43 59
16 54 70
16 64 15
16 161 98
16 72 14
16 220 50
16 94 57
16 95 52
16 233 42
16 110 0
16 112 34
16 249 23
16 253 3
17 266 32
17 141 76
17 32 72
17 291 2
17 293 52
17 172 14
17 181 89
17 56 94
17 62 35
17 191 40
17 73 70
17 81 33
17 87 99
17 218 58
17 230 0
17 233 54
17 106 9
17 236 82
17 117 31
17 118 3
17 126 8
17 255 88
18 256 48
18 130 69
18 132 77
18 134 24
18 268 69
18 272 1
18 89 100
18 280 36
18 33 85
18 40 6
18 169 62
18 171 85
18 264 63
18 178 54
18 54 42
18 185 31
18 58 73
18 189 92
18 191 12
18 64 8
18 203 80
18 206 96
18 207 49
18 209 71
18 210 9
18 217 82
18 95 100
18 98 28
18 237 11
18 243 73
18 117 8
19 66 28
19 35 41
19 37 22
19 195 54
19 168 83
19 201 29
19 202 1
19 299 49
19 268 42
19 109 52
19 142 90
19 45 62
19 113 32
19 275 16
19 20 54
19 181 51
19 152 13
19 293 69
19 216 34
19 221 95
19 277 54
20 256 63
20 257 39
20 137 50
20 269 31
20 23 68
20 153 89
20 30 67
20 291 37
20 292 90
20 37 11
20 167 7
20 41 27
20 42 18
20 48 73
20 177 93
20 51 58
20 265 12
20 190 75
20 64 69
20 73 19
20 78 35
20 213 55
20 215 48
20 91 88
20 222 77
20 96 73
20 97 57
20 102 1
20 108 5
20 239 83
20 243 75
20 122 57
20 298 57
21 256 42
21 130 90
21 267 27
21 145 73
21 147 43
21 276 52
21 152 81
21 283 40
21 28 79
21 159 16
21 240 6
21 35 51
21 40 44
21 169 81
21 171 73
21 185 69
21 64 6
21 66 28
21 69 66
21 71 60
21 200 89
21 202 97
21 81 90
21 212 32
21 135 61
21 223 91
21 229 100
21 104 86
21 112 14
21 243 54
21 84 21
21 252 3
21 254 45
22 256 64
22 129 86
22 130 85
22 262 50
22 265 8
22 145 71
22 275 63
22 153 35
22 28 51
22 289 73
22 34 92
22 170 22
22 50 56
22 181 34
22 58 89
22 192 19
22 194 81
22 202 86
22 203 51
22 76 87
22 206 83
22 94 37
22 223 23
22 231 91
22 107 62
22 239 83
22 118 53
22 120 96
23 260 73
23 138 37
23 145 98
23 276 64
23 278 54
23 32 10
23 289 58
23 38 100
23 295 44
23 174 79
23 183 9
23 69 16
23 198 57
23 212 92
23 214 50
23 90 32
23 91 46
23 103 60
23 253 62
23 246 73
23 125 77
24 96 74
24 162 82
24 227 65
24 293 75
24 135 99
24 72 62
24 202 83
24 295 68
24 238 12
24 147 44
24 244 84
24 57 53
24 246 88
24 249 43
24 184 24
24 84 15
24 252 17
24 170 27
24 31 2
25 128 98
25 259 32
25 267 67
25 109 100
25 278 7
25 26 98
25 156 91
25 30 16
25 159 72
25 160 39
25 33 30
25 292 57
25 47 26
25 50 78
25 55 38
25 57 78
25 65 79
25 196 22
25 201 62
25 74 68
25 183 20
25 86 39
25 88 78
25 143 72
25 225 71
25 226 37
25 99 12
25 230 53
25 108 33
25 237 25
25 114 71
25 246 64
25 121 99
25 253 3
25 254 25
26 235 51
26 136 92
26 267 55
26 143 92
26 272 35
26 145 19
26 149 69
26 27 62
26 285 60
26 158 66
26 32 58
26 298 5
26 179 66
26 180 98
26 182 31
26 61 68
26 69 42
26 72 45
26 201 46
26 205 73
26 207 65
26 227 40
26 100 73
26 107 86
26 238 41
26 125 76
26 254 8
27 266 4
27 147 41
27 285 23
27 158 54
27 159 31
27 288 79
27 33 16
27 34 66
27 164 35
27 168 37
27 169 25
27 42 74
27 52 71
27 53 9
27 186 5
27 188 31
27 197 19
27 269 10
27 80 33
27 209 67
27 91 62
27 95 29
27 81 51
27 124 47
28 128 82
28 259 73
28 139 55
28 146 80
28 67 98
28 276 45
28 277 18
28 155 44
28 159 48
28 165 83
28 167 31
28 170 44
28 31 61
28 192 28
28 66 73
28 203 37
28 75 49
28 207 36
28 105 57
28 106 17
28 235 20
28 241 78
28 116 21
28 249 40
29 261 7
29 139 32
29 144 34
29 275 97
29 148 96
29 282 27
29 292 57
29 178 72
29 179 97
29 52 84
29 58 1
29 60 92
29 209 94
29 216 96
29 229 96
29 235 74
29 109 82
29 112 1
29 241 72
29 244 1
29 245 16
29 250 8
30 258 100
30 131 52
30 262 46
30 263 24
30 137 77
30 139 66
30 141 37
30 271 98
30 156 43
30 134 41
30 50 28
30 54 42
30 265 52
30 56 100
30 69 29
30 72 4
30 209 21
30 220 84
30 222 94
30 227 70
30 106 38
30 235 18
30 239 92
30 120 23
30 276 18
30 255 92
31 129 45
31 130 84
31 35 42
31 38 29
31 40 99
31 171 93
31 52 56
31 186 44
31 187 98
31 191 5
31 193 77
31 198 83
31 200 79
31 79 74
31 208 59
31 214 93
31 91 6
31 94 23
31 100 48
31 103 88
31 232 37
31 112 70
31 245 4
32 259 3
32 146 87
32 149 26
32 284 27
32 288 10
32 291 16
32 175 75
32 51 15
32 59 53
32 63 85
32 66 69
32 69 73
32 74 25
32 210 10
32 211 2
32 87 39
32 97 90
32 226 95
32 124 30
32 253 69
33 128 94
33 140 87
33 270 52
33 153 96
33 36 84
33 40 12
33 48 97
33 179 58
33 181 32
33 58 56
33 191 10
33 69 32
33 73 90
33 215 14
33 105 17
33 107 84
33 168 48
33 243 6
33 127 18
34 128 75
34 259 86
34 133 77
34 264 10
34 143 55
34 180 41
34 56 26
34 185 37
34 59 27
34 201 16
34 81 37
34 82 36
34 212 82
34 91 71
34 97 35
34 103 24
34 108 40
34 111 76
34 115 22
34 121 91
34 123 76
35 134 28
35 138 41
35 160 81
35 167 55
35 168 32
35 298 27
35 44 9
35 114 82
35 46 95
35 48 35
35 55 3
35 61 3
35 198 42
35 206 26
35 209 94
35 86 36
35 228 18
35 107 67
35 110 63
35 242 30
35 117 18
35 118 39
35 253 86
36 150 42
36 134 13
36 149 27
36 278 9
36 164 52
36 262 54
36 41 17
36 173 29
36 176 69
36 50 75
36 60 97
36 61 42
36 96 69
36 69 21
36 198 37
36 73 16
36 202 7
36 247 88
36 80 34
36 209 73
36 210 82
36 84 74
36 86 88
36 215 17
36 88 71
36 220 7
36 93 10
36 224 99
36 225 68
36 70 37
36 231 55
36 238 76
36 114 49
36 119 100
37 256 89
37 148 3
37 277 92
37 217 44
37 295 70
37 294 18
37 39 59
37 296 33
37 48 25
37 186 59
37 194 96
37 67 31
37 73 54
37 202 98
37 79 4
37 211 57
37 84 10
37 89 93
37 91 31
37 96 45
37 97 15
37 226 82
37 230 10
37 106 71
37 235 60
37 268 80
37 120 57
37 276 54
38 130 53
38 270 69
38 280 4
38 157 62
38 161 24
38 163 89
38 39 46
38 175 96
38 187 48
38 194 45
38 75 85
38 196 64
38 199 66
38 200 27
38 203 31
38 209 44
38 213 78
38 216 79
38 227 17
38 104 29
38 125 40
38 127 94
39 141 58
39 271 10
39 144 1
39 145 21
39 149 5
39 286 4
39 167 75
39 45 0
39 50 43
39 51 7
39 180 41
39 184 62
39 186 65
39 188 57
39 189 81
39 190 47
39 196 97
39 197 99
39 216 11
39 101 72
39 231 94
39 106 17
39 235 95
39 122 26
39 127 16
40 260 86
40 263 5
40 237 71
40 272 50
40 276 8
40 289 83
40 71 75
40 47 70
40 50 36
40 73 91
40 75 16
40 81 59
40 89 94
40 221 60
40 103 64
40 109 37
40 239 90
40 123 63
40 124 86
40 127 43
41 147 85
41 197 95
41 166 43
41 264 81
41 138 85
41 236 11
41 112 69
41 168 27
41 82 20
41 115 2
41 181 94
41 214 32
41 55 61
41 184 2
41 253 0
42 129 71
42 271 96
42 145 19
42 152 15
42 156 40
42 286 70
42 289 90
42 50 72
42 189 63
42 194 19
42 199 84
42 205 14
42 207 81
42 84 24
42 86 14
42 216 40
42 79 100
42 221 70
42 94 0
42 225 79
42 233 93
42 239 25
42 240 53
42 120 2
42 252 44
42 125 30
43 263 0
43 138 7
43 269 41
43 272 38
43 152 92
43 159 59
43 164 48
43 172 87
43 179 74
43 184 54
43 190 68
43 70 63
43 201 33
43 208 89
43 211 11
43 84 36
43 215 53
43 90 52
43 92 37
43 95 12
43 226 58
43 227 46
43 237 12
43 238 63
43 239 12
43 83 63
43 247 41
44 288 5
44 257 82
44 196 22
44 166 45
44 263 99
44 138 25
44 224 46
44 111 61
44 144 56
44 115 64
44 53 53
44 249 22
44 216 54
44 89 37
44 250 47
44 252 34
44 298 25
44 193 3
45 129 90
45 130 77
45 260 99
45 133 98
45 144 71
45 146 9
45 152 89
45 287 34
45 162 71
45 48 26
45 60 56
45 190 63
45 200 7
45 201 65
45 74 63
45 85 17
45 100 44
45 107 76
45 236 17
45 112 94
45 241 20
45 243 73
45 254 35
45 255 27
46 264 25
46 144 28
46 290 29
46 298 97
46 175 26
46 54 55
46 58 95
46 187 64
46 188 18
46 70 34
46 72 32
46 162 9
46 80 61
46 142 29
46 90 23
46 219 85
46 92 52
46 224 69
46 229 100
46 236 4
46 237 91
46 110 33
46 240 19
46 113 66
46 120 2
47 128 67
47 258 6
47 264 49
47 268 60
47 292 38
47 293 76
47 167 73
47 171 5
47 142 8
47 179 78
47 189 28
47 191 41
47 192 17
47 77 25
47 79 9
47 85 19
47 86 50
47 97 67
47 100 42
47 240 40
47 115 60
47 119 52
47 123 65
47 125 49
47 255 82
48 64 4
48 225 5
48 258 48
48 161 31
48 230 49
48 194 56
48 169 94
48 75 64
48 268 60
48 173 88
48 174 85
48 178 24
48 83 48
48 85 41
49 132 72
49 263 97
49 136 50
49 137 67
49 144 29
49 280 20
49 290 44
49 296 45
49 298 85
49 173 95
49 175 13
49 184 30
49 192 55
49 193 80
49 66 7
49 71 19
49 73 56
49 75 19
49 80 55
49 210 94
49 86 42
49 217 27
49 100 4
49 234 83
49 235 23
49 240 36
49 245 39
50 86 55
50 134 37
50 264 55
50 270 40
50 144 67
50 51 7
50 182 2
50 58 84
50 198 42
50 75 42
50 77 36
50 210 45
50 214 58
50 216 67
50 100 100
50 229 44
50 106 40
50 242 12
51 128 81
51 257 35
51 258 5
51 133 17
51 138 83
51 256 64
51 147 33
51 150 0
51 159 3
51 288 76
51 165 80
51 54 56
51 55 42
51 184 84
51 186 16
51 203 89
51 211 99
51 88 81
51 97 98
51 253 24
52 258 12
52 262 48
52 164 60
52 167 64
52 296 23
52 170 8
52 180 77
52 183 77
52 56 45
52 74 73
52 202 91
52 222 72
52 95 70
52 228 71
52 104 13
52 233 28
52 109 33
52 240 7
52 246 70
52 119 7
53 258 36
53 261 97
53 267 73
53 143 10
53 158 83
53 288 12
53 162 6
53 165 0
53 171 86
53 60 8
53 194 30
53 67 20
53 69 12
53 200 61
53 204 53
53 77 83
53 197 75
53 98 68
53 103 28
53 109 0
53 240 9
53 113 5
53 242 74
53 117 86
53 246 76
53 249 17
53 127 48
54 257 48
54 133 10
54 141 33
54 147 67
54 280 1
54 282 47
54 283 87
54 290 47
54 297 18
54 136 57
54 183 10
54 186 9
54 66 35
54 73 77
54 206 75
54 229 11
54 231 68
54 234 6
54 107 26
54 116 7
54 247 89
54 251 32
54 124 41
55 260 33
55 133 47
55 131 6
55 150 49
55 158 87
55 288 83
55 293 98
55 186 18
55 193 34
55 147 15
55 75 70
55 87 19
55 216 55
55 89 79
55 218 27
55 222 57
55 97 35
55 237 35
55 242 49
55 243 8
55 118 46
55 249 23
56 257 86
56 132 33
56 133 91
56 138 53
56 144 62
56 145 25
56 146 24
56 279 86
56 153 47
56 162 91
56 292 49
56 169 71
56 176 23
56 179 51
56 58 76
56 187 69
56 189 40
56 195 38
56 74 26
56 86 20
56 229 85
56 226 7
56 227 11
56 101 60
56 231 93
56 105 13
56 245 0
56 119 28
56 255 41
57 260 89
57 262 34
57 138 22
57 139 76
57 271 31
57 152 78
57 146 49
57 195 76
57 277 2
57 161 6
57 294 97
57 67 13
57 68 28
57 74 71
57 84 68
57 225 38
57 235 4
57 108 96
57 113 61
57 244 7
58 256 55
58 136 16
58 138 95
58 268 8
58 147 2
58 149 87
58 281 93
58 283 21
58 164 70
58 293 40
58 167 16
58 169 10
58 178 88
58 179 74
58 62 22
58 191 6
58 206 89
58 85 71
58 222 57
58 275 84
58 123 21
58 277 28
59 128 56
59 269 94
59 271 58
59 275 56
59 277 17
59 159 69
59 289 18
59 167 13
59 168 80
59 171 96
59 176 37
59 195 18
59 72 93
59 162 59
59 93 14
59 229 71
59 107 0
59 244 4
59 245 17
59 118 45
59 121 92
60 129 81
60 132 23
60 265 34
60 290 37
60 170 68
60 173 23
60 182 75
60 189 75
60 191 33
60 200 80
60 213 25
60 214 28
60 224 16
60 98 86
60 100 11
60 229 82
60 102 92
60 111 35
60 248 57
60 123 81
60 125 22
60 85 58
61 266 83
61 272 86
61 147 87
61 285 52
61 158 97
61 295 67
61 135 96
61 177 53
61 185 25
61 192 70
61 71 81
61 72 82
61 77 75
61 83 94
61 215 17
61 90 58
61 220 15
61 224 56
61 228 1
61 107 16
61 236 93
61 237 33
61 112 38
61 119 43
62 130 64
62 135 28
62 264 16
62 269 18
62 273 43
62 150 85
62 283 97
62 164 65
62 221 88
62 176 89
62 180 95
62 186 2
62 187 64
62 204 5
62 141 51
62 209 39
62 98 36
62 229 56
62 103 76
62 106 67
62 107 33
62 241 34
62 254 47
63 259 78
63 193 67
63 264 55
63 139 95
63 145 41
63 280 66
63 298 99
63 173 5
63 182 91
63 183 77
63 64 91
63 65 44
63 70 78
63 74 45
63 76 12
63 77 17
63 208 0
63 83 33
63 214 63
63 227 97
63 273 87
63 237 17
63 118 19
63 252 78
64 129 50
64 132 49
64 265 46
64 151 50
64 178 75
64 137 99
64 190 59
64 191 42
64 66 6
64 200 6
64 212 48
64 87 61
64 223 9
64 227 54
64 234 32
64 117 49
64 252 5
65 132 8
65 266 0
65 268 1
65 269 14
65 274 15
65 148 97
65 280 22
65 284 67
65 285 64
65 159 33
65 294 23
65 181 17
65 185 93
65 190 78
65 199 90
65 74 50
65 203 35
65 84 99
65 85 6
65 214 11
65 110 78
65 239 64
65 114 63
65 116 92
65 246 28
65 248 4
66 258 68
66 140 84
66 148 45
66 286 63
66 293 32
66 294 46
66 221 74
66 118 65
66 130 31
66 208 55
66 82 82
66 216 63
66 92 51
66 250 72
66 99 47
66 108 52
66 116 46
66 246 87
66 122 100
67 142 19
67 144 100
67 145 63
67 279 32
67 287 97
67 161 30
67 164 11
67 166 35
67 298 72
67 177 97
67 190 3
67 194 63
67 71 62
67 211 24
67 95 45
67 231 26
67 105 55
67 237 56
67 116 9
67 120 17
67 124 14
67 254 41
68 262 97
68 140 33
68 146 69
68 276 99
68 278 62
68 151 83
68 159 20
68 289 91
68 294 11
68 175 51
68 176 38
68 287 21
68 80 46
68 211 50
68 93 77
68 97 11
68 228 9
68 232 39
68 238 78
68 221 80
68 120 88
69 256 21
69 128 69
69 262 44
69 138 88
69 143 37
69 162 14
69 134 78
69 169 43
69 175 32
69 179 15
69 216 40
69 221 41
69 293 90
69 243 69
69 244 23
69 247 27
70 260 84
70 134 12
70 278 5
70 295 50
70 172 59
70 174 94
70 178 68
70 192 51
70 194 94
70 196 93
70 199 100
70 73 91
70 89 75
70 96 80
70 225 100
70 101 74
70 230 86
70 108 57
70 113 84
70 119 2
70 124 29
71 260 41
71 139 88
71 159 46
71 291 27
71 292 84
71 294 66
71 168 74
71 298 79
71 299 31
71 186 96
71 197 1
71 201 10
71 164 69
71 224 6
71 97 29
71 99 57
71 100 15
71 166 13
71 230 96
71 114 32
71 255 42
72 256 97
72 130 30
72 133 77
72 285 89
72 172 18
72 192 8
72 196 18
72 74 36
72 218 35
72 92 29
72 98 91
72 231 98
72 104 31
72 235 11
73 262 14
73 135 6
73 136 99
73 146 19
73 156 2
73 157 36
73 289 32
73 167 90
73 297 19
73 178 54
73 202 62
73 182 47
73 199 76
73 74 86
73 76 20
73 83 97
73 292 33
73 92 22
73 223 67
73 98 75
73 234 45
73 235 79
73 109 44
73 189 86
73 241 60
73 243 16
73 117 36
73 248 78
73 252 81
73 125 59
74 257 38
74 140 30
74 173 64
74 146 16
74 277 64
74 180 37
74 197 91
74 92 32
74 230 11
74 232 84
74 112 79
74 241 10
74 118 35
74 121 18
75 129 75
75 136 56
75 138 66
75 141 64
75 144 87
75 153 91
75 286 29
75 297 86
75 182 22
75 197 85
75 200 83
75 203 98
75 76 98
75 214 3
75 88 12
75 220 4
75 221 91
75 222 39
75 229 24
75 235 72
75 110 0
75 118 71
75 248 92
75 251 6
75 253 96
75 126 74
76 227 63
76 166 85
76 174 74
76 175 78
76 177 54
76 243 23
76 276 0
76 277 25
76 247 91
76 89 93
76 217 88
76 211 75
77 263 25
77 129 80
77 262 48
77 193 92
77 145 14
77 295 76
77 142 11
77 112 45
77 113 58
77 114 88
77 275 28
77 84 64
77 186 49
77 188 50
78 133 46
78 265 26
78 280 76
78 156 76
78 161 41
78 295 38
78 176 47
78 179 65
78 182 71
78 201 94
78 204 22
78 86 14
78 93 36
78 96 5
78 227 39
78 100 53
78 232 24
78 108 70
78 244 95
78 120 86
78 254 70
79 267 41
79 141 15
79 273 45
79 274 10
79 280 55
79 285 74
79 287 99
79 296 66
79 179 55
79 182 31
79 203 65
79 84 11
79 214 29
79 95 77
79 224 18
79 243 28
80 247 26
80 107 50
80 294 36
80 277 77
80 235 90
80 204 16
80 239 7
80 281 45
80 181 77
80 89 10
80 216 63
80 284 78
80 157 13
80 267 87
80 213 44
81 268 18
81 146 3
81 275 73
81 151 2
81 165 30
81 167 79
81 93 12
81 190 60
81 214 30
81 88 68
81 221 30
81 99 78
81 103 1
81 106 83
81 244 24
81 119 55
81 234 39
82 128 10
82 261 4
82 265 19
82 143 76
82 279 80
82 155 19
82 86 81
82 165 9
82 189 73
82 190 9
82 201 62
82 207 71
82 237 95
82 213 11
82 214 28
82 218 28
82 222 58
82 224 55
82 107 49
82 109 24
82 126 52
82 246 43
82 249 95
82 255 39
82 254 58
82 85 72
83 266 3
83 141 13
83 270 35
83 272 69
83 276 31
83 283 11
83 292 85
83 174 41
83 181 33
83 182 94
83 200 93
83 211 94
83 212 14
83 215 17
83 235 59
83 241 98
83 249 10
83 253 95
84 261 81
84 136 24
84 142 85
84 145 10
84 278 93
84 151 21
84 156 93
84 289 78
84 166 14
84 174 17
84 176 70
84 264 100
84 138 83
84 193 17
84 194 96
84 210 20
84 270 33
84 90 84
84 250 63
84 263 52
84 232 51
84 105 67
84 127 72
84 238 7
84 111 80
84 122 85
84 123 34
84 255 7
85 193 14
85 148 40
85 150 49
85 153 70
85 282 94
85 160 8
85 165 95
85 179 68
85 189 33
85 191 7
85 214 69
85 87 61
85 91 35
85 224 80
85 225 61
85 188 45
85 121 19
85 250 88
86 149 54
86 283 86
86 156 46
86 286 97
86 297 2
86 188 36
86 200 84
86 207 34
86 291 4
86 229 9
86 106 39
86 109 80
86 112 70
86 113 35
86 123 16
86 252 76
86 254 26
87 258 52
87 131 31
87 260 100
87 274 42
87 275 44
87 278 14
87 279 73
87 284 4
87 287 79
87 294 96
87 169 70
87 173 9
87 187 92
87 194 96
87 198 7
87 97 71
87 200 65
87 214 50
87 96 38
87 99 95
87 273 51
87 232 26
87 233 84
87 234 58
87 107 90
87 122 46
88 130 62
88 270 85
88 143 72
88 274 39
88 281 4
88 155 84
88 165 76
88 166 14
88 185 100
88 199 2
88 208 23
88 213 58
88 216 16
88 91 33
88 229 51
88 230 82
88 234 10
88 241 66
88 250 26
88 252 18
89 256 86
89 259 81
89 271 20
89 144 84
89 145 55
89 164 89
89 297 82
89 189 19
89 194 46
89 202 23
89 183 61
89 206 95
89 93 45
89 227 1
89 102 58
89 103 5
89 274 88
89 113 71
89 120 47
90 257 75
90 98 61
90 261 4
90 119 64
90 298 21
90 247 26
90 268 54
90 269 5
90 113 1
90 91 72
90 142 91
90 138 78
90 283 42
90 220 24
90 95 97
91 150 92
91 134 26
91 136 5
91 267 54
91 140 17
91 141 83
91 270 71
91 143 38
91 145 27
91 147 89
91 278 92
91 280 38
91 154 65
91 156 15
91 282 60
91 286 77
91 170 81
91 205 33
91 271 26
91 209 82
91 219 33
91 273 49
91 232 27
91 108 16
91 238 34
91 241 20
91 124 34
92 259 15
92 135 99
92 152 7
92 156 28
92 165 78
92 167 78
92 168 99
92 180 58
92 199 95
92 201 36
92 216 81
92 229 90
92 230 42
92 242 17
92 248 44
92 127 49
93 260 94
93 262 4
93 267 52
93 268 57
93 164 21
93 275 20
93 289 50
93 162 10
93 294 30
93 175 62
93 189 82
93 195 32
93 199 66
93 140 38
93 208 75
93 96 73
93 161 4
93 238 96
93 245 89
93 247 27
93 255 31
94 150 60
94 266 79
94 139 75
94 274 81
94 153 16
94 283 85
94 156 47
94 160 68
94 163 92
94 191 80
94 194 52
94 198 87
94 203 53
94 207 44
94 222 77
94 104 11
94 233 56
94 232 2
94 122 71
94 124 64
94 170 11
95 130 54
95 264 86
95 258 99
95 281 85
95 160 69
95 164 87
95 170 84
95 176 4
95 190 33
95 199 29
95 200 79
95 210 10
95 212 58
95 214 42
95 230 39
95 102 66
95 242 2
95 248 64
95 127 75
96 129 9
96 291 40
96 135 40
96 168 85
96 231 89
96 236 85
96 114 50
96 243 54
96 213 98
96 250 5
96 122 4
96 156 70
97 129 43
97 267 27
97 278 99
97 280 49
97 132 93
97 288 6
97 161 65
97 164 96
97 294 44
97 174 84
97 191 98
97 139 87
97 200 79
97 206 19
97 214 67
97 216 76
97 219 34
97 229 75
97 102 39
97 233 74
97 109 65
97 110 79
97 246 56
97 249 15
98 262 62
98 269 78
98 271 23
98 272 36
98 276 17
98 187 52
98 223 44
98 230 42
98 106 6
98 247 98
98 254 45
98 255 9
99 269 9
99 142 82
99 276 62
99 277 57
99 165 60
99 174 10
99 175 80
99 178 21
99 270 17
99 216 17
99 293 65
99 226 7
99 115 53
99 248 17
100 167 43
100 103 22
100 235 11
100 270 5
100 237 67
100 136 84
100 200 30
100 214 30
100 215 51
100 222 93
101 129 65
101 194 43
101 131 91
101 132 28
101 156 35
101 196 62
101 269 4
101 206 9
101 239 28
101 291 69
101 276 90
101 149 44
101 292 88
101 218 89
101 252 100
101 282 6
101 277 71
102 129 27
102 164 63
102 198 28
102 298 89
102 299 79
102 112 83
102 287 32
102 210 26
102 116 4
102 278 100
102 183 46
102 120 85
102 218 85
102 219 99
102 286 41
103 267 74
103 142 100
103 272 3
103 273 7
103 155 20
103 288 23
103 299 79
103 186 41
103 187 79
103 189 63
103 199 72
103 208 86
103 104 56
103 109 77
103 296 68
104 257 34
104 177 61
104 105 13
104 241 78
104 236 33
104 173 7
104 239 75
104 240 95
104 145 19
104 147 31
104 280 48
104 185 65
104 277 89
105 133 65
105 198 10
105 264 25
105 174 57
105 175 62
105 115 76
105 163 31
105 119 87
105 250 19
106 294 93
106 236 62
106 142 53
106 112 22
106 145 78
106 248 6
106 153 17
106 186 97
106 123 77
107 134 93
107 144 94
107 150 50
107 152 80
107 284 48
107 159 26
107 291 100
107 295 5
107 180 19
107 183 67
107 224 35
107 272 0
107 229 73
107 241 73
107 117 14
107 249 40
107 252 68
107 126 2
108 268 88
108 143 49
108 144 79
108 152 37
108 161 11
108 292 37
108 166 81
108 167 26
108 179 100
108 182 66
108 195 68
108 202 94
108 203 57
108 211 29
108 222 23
108 230 46
108 238 58
108 111 46
108 126 76
108 251 76
108 254 25
109 129 31
109 135 43
109 141 68
109 148 87
109 281 2
109 167 54
109 169 8
109 192 54
109 194 87
109 204 0
109 205 14
109 206 17
109 208 31
109 219 3
109 221 23
109 240 27
109 114 34
109 116 74
109 117 5
109 119 32
109 254 11
110 131 73
110 133 50
110 269 29
110 145 92
110 276 7
110 290 89
110 168 4
110 297 49
110 188 23
110 191 63
110 195 21
110 198 99
110 212 7
110 214 52
110 215 72
110 226 28
110 119 4
110 121 7
111 129 4
111 130 64
111 139 45
111 295 70
111 220 67
111 267 46
111 205 62
111 112 52
111 147 35
111 141 62
111 225 58
111 253 47
112 269 90
112 173 19
112 274 41
112 275 17
112 161 78
112 295 65
112 189 95
112 204 50
112 141 60
112 216 25
112 217 81
112 222 81
112 167 12
112 115 32
112 117 22
112 249 60
113 271 27
113 144 87
113 155 37
113 156 92
113 286 71
113 293 80
113 175 68
113 191 43
113 192 77
113 196 10
113 200 66
113 211 99
113 227 6
113 147 34
113 246 8
114 149 70
114 156 56
114 289 25
114 168 83
114 176 13
114 179 95
114 190 3
114 195 49
114 202 43
114 210 1
114 213 69
114 215 52
114 217 67
114 219 94
114 119 6
115 132 62
115 136 50
115 139 43
115 270 34
115 152 16
115 291 48
115 167 6
115 181 33
115 265 94
115 187 86
115 209 58
115 217 69
115 230 15
115 246 1
115 127 63
115 255 25
116 131 95
116 134 44
116 156 81
116 287 8
116 166 42
116 180 64
116 181 100
116 183 50
116 201 75
116 208 39
116 217 47
116 223 80
116 230 27
116 241 45
116 249 88
116 250 35
117 256 5
117 262 46
117 136 39
117 265 85
117 269 15
117 142 86
117 145 21
117 160 1
117 179 13
117 185 24
117 288 2
117 202 30
117 204 67
117 206 12
117 223 14
117 251 73
117 127 90
118 262 93
118 136 24
118 138 33
118 281 12
118 157 49
118 158 79
118 167 87
118 180 94
118 198 30
118 215 3
118 165 69
118 187 12
118 236 40
118 123 52
119 261 38
119 134 93
119 135 52
119 264 45
119 145 0
119 155 52
119 287 17
119 133 98
119 171 81
119 220 97
119 223 71
119 226 24
119 227 13
119 230 16
119 189 51
119 244 58
119 249 73
119 250 47
119 255 5
119 254 46
119 127 46
120 140 27
120 148 14
120 149 45
120 153 44
120 154 94
120 285 76
120 292 30
120 296 61
120 157 38
120 191 90
120 216 34
120 124 26
120 241 88
120 252 79
120 253 89
121 225 75
121 291 30
121 231 67
121 232 11
121 259 33
121 235 25
121 208 68
121 226 41
121 272 21
121 177 61
121 131 92
121 203 97
121 217 22
121 221 2
122 264 41
122 141 90
122 272 60
122 280 88
122 283 12
122 159 21
122 180 77
122 197 1
122 200 14
122 221 25
122 225 95
122 254 14
123 130 59
123 262 29
123 264 17
123 266 8
123 267 27
123 273 3
123 150 33
123 284 98
123 286 66
123 165 91
123 294 36
123 174 16
123 176 46
123 198 45
123 211 50
123 222 55
123 229 45
123 230 24
123 238 32
123 166 81
123 127 68
124 139 9
124 269 96
124 271 38
124 273 74
124 155 13
124 286 66
124 176 54
124 163 88
124 198 51
124 166 92
124 295 95
124 194 66
124 205 39
124 227 67
124 228 75
124 246 25
125 259 53
125 261 36
125 134 90
125 138 10
125 145 10
125 289 25
125 163 6
125 297 42
125 190 37
125 194 94
125 196 8
125 199 64
125 206 2
125 216 76
125 219 41
126 257 41
126 265 4
126 267 26
126 130 20
126 147 75
126 276 81
126 278 41
126 282 12
126 160 72
126 178 11
126 179 88
126 184 65
126 185 93
126 192 47
126 194 6
126 195 90
126 236 5
126 242 94
127 258 29
127 131 35
127 268 20
127 143 47
127 151 38
127 281 72
127 284 60
127 291 6
127 156 89
127 298 15
127 173 87
127 177 74
127 178 27
127 186 17
127 202 28
127 224 86
127 226 52
127 251 96
127 248 64
128 257 57
128 262 46
128 266 8
128 269 8
128 277 25
128 155 73
128 285 55
128 292 26
128 194 52
128 199 83
128 207 99
128 212 6
128 223 21
128 230 62
128 232 18
128 234 83
128 236 13
128 289 99
129 256 53
129 136 9
129 237 89
129 148 63
129 288 73
129 180 9
129 181 69
129 198 38
129 200 84
129 231 9
129 276 82
129 250 66
130 131 57
130 278 10
130 134 47
130 239 42
130 151 57
130 153 79
130 283 38
130 286 83
130 155 51
130 297 52
130 174 44
130 186 74
130 188 15
130 191 28
130 215 24
130 221 38
130 237 92
130 246 36
130 253 51
131 134 14
131 263 20
131 264 45
131 270 53
131 277 72
131 283 50
131 158 38
131 169 20
131 171 10
131 197 15
131 209 81
131 243 43
131 253 85
132 257 11
132 259 39
132 264 72
132 269 100
132 143 5
132 153 49
132 169 13
132 182 74
132 188 4
132 191 85
132 218 7
132 224 56
132 230 68
132 239 74
132 249 69
132 255 78
133 198 77
133 262 37
133 295 90
133 201 68
133 138 18
133 171 6
133 140 27
133 154 69
133 191 73
134 136 44
134 269 59
134 153 0
134 158 54
134 160 54
134 289 37
134 174 23
134 177 25
134 178 54
134 183 70
134 188 55
134 266 40
134 199 9
134 164 24
134 224 44
134 274 91
134 250 72
134 254 41
135 256 1
135 139 64
135 274 21
135 150 12
135 288 4
135 289 32
135 292 99
135 298 75
135 224 61
135 211 88
135 212 72
135 221 13
135 244 13
135 253 61
136 259 70
136 268 0
136 142 42
136 273 74
136 149 78
136 160 99
136 262 83
136 298 61
136 195 15
136 197 37
136 204 16
136 206 5
136 210 83
136 214 62
136 217 57
136 233 36
137 164 37
137 293 86
137 262 60
137 265 95
137 138 37
137 235 100
137 268 57
137 172 9
137 233 78
137 202 96
138 270 21
138 147 4
138 151 42
138 154 73
138 158 90
138 162 97
138 164 34
138 170 32
138 203 96
138 206 29
138 246 24
138 297 84
139 261 66
139 141 70
139 284 55
139 290 42
139 291 100
139 211 82
139 207 56
139 163 88
139 226 68
139 228 81
139 242 33
140 259 85
140 260 14
140 298 1
140 177 0
140 190 87
140 200 82
140 206 93
140 248 31
140 214 76
140 222 50
140 223 43
140 231 79
140 237 52
140 242 64
141 261 72
141 158 59
141 271 39
141 282 90
141 284 78
141 290 72
141 291 6
141 298 51
141 172 10
141 181 31
141 186 89
141 199 47
141 209 18
141 216 64
141 143 1
141 228 74
141 167 63
141 236 52
141 242 7
142 262 37
142 271 54
142 290 1
142 295 82
142 296 63
142 264 39
142 206 1
142 210 41
142 214 12
142 231 23
143 267 10
143 277 53
143 281 87
143 292 42
143 169 13
143 173 71
143 180 37
143 191 39
143 196 66
143 208 86
143 218 90
143 228 52
143 229 100
143 230 76
143 236 4
143 240 51
143 245 35
143 251 28
144 146 45
144 148 70
144 287 87
144 288 87
144 241 84
144 296 41
144 172 10
144 181 90
144 186 47
144 192 98
144 202 79
144 209 32
145 266 76
145 160 19
145 162 84
145 164 29
145 176 89
145 180 30
145 208 97
145 221 84
145 248 56
145 249 100
145 254 97
145 149 75
146 277 6
146 152 58
146 153 23
146 154 51
146 160 80
146 290 75
146 163 78
146 169 26
146 298 98
146 190 16
146 192 51
146 197 81
146 200 20
146 203 42
146 291 53
146 217 49
146 233 72
146 247 76
147 282 77
147 295 95
147 174 66
147 176 38
147 177 55
147 183 80
147 197 15
147 205 15
147 211 67
147 222 82
147 249 37
148 260 95
148 194 88
148 279 95
148 283 67
148 163 31
148 297 42
148 179 47
148 196 31
148 199 19
148 269 44
148 213 18
149 260 41
149 261 56
149 282 94
149 283 59
149 160 60
149 161 34
149 178 100
149 180 56
149 194 99
149 202 7
149 164 70
149 220 39
150 225 85
150 230 70
150 190 67
150 212 64
150 216 33
150 159 57
150 287 64
151 256 61
151 260 63
151 269 4
151 270 71
151 281 98
151 155 95
151 288 12
151 289 13
151 167 11
151 174 24
151 178 85
151 191 59
151 204 35
151 208 88
151 224 60
151 241 68
151 244 21
151 249 34
151 251 5
152 156 23
152 159 80
152 163 34
152 169 22
152 180 45
152 181 53
152 204 22
152 216 14
152 235 76
152 274 31
152 243 84
152 252 19
153 256 86
153 261 52
153 266 66
153 276 1
153 260 55
153 158 51
153 290 26
153 167 27
153 198 15
153 200 23
153 201 59
153 204 44
153 207 34
153 233 75
153 247 75
153 249 88
154 225 68
154 194 41
154 249 92
154 252 16
154 236 2
154 242 58
154 208 43
154 264 74
154 215 91
154 184 23
154 217 81
154 188 30
154 287 70
155 265 46
155 280 51
155 290 50
155 169 31
155 171 17
155 172 30
155 186 30
155 196 75
155 209 48
155 218 77
155 233 47
155 241 14
155 250 63
155 253 37
156 259 52
156 269 97
156 281 20
156 293 18
156 295 24
156 296 78
156 178 97
156 168 64
156 196 71
156 204 44
156 229 59
156 224 44
156 234 64
156 240 15
156 244 75
156 246 11
157 270 2
157 273 20
157 274 5
157 159 38
157 289 66
157 173 83
157 185 32
157 195 39
157 268 24
157 212 54
157 214 94
157 216 22
157 222 38
157 225 30
157 232 42
157 240 49
157 245 30
158 259 19
158 266 14
158 267 41
158 271 74
158 159 34
158 295 12
158 299 44
158 173 22
158 176 78
158 208 3
158 230 16
158 235 68
158 239 83
159 259 49
159 275 14
159 278 21
159 160 75
159 292 48
159 284 8
159 182 80
159 189 37
159 297 85
159 230 100
159 234 98
159 239 73
159 240 60
159 242 82
159 247 7
160 270 12
160 281 21
160 293 21
160 172 67
160 173 68
160 182 96
160 195 81
160 201 96
160 216 86
160 244 0
160 249 40
161 266 40
161 274 20
161 286 26
161 294 96
161 295 73
161 193 77
161 212 63
161 213 70
161 223 87
161 227 8
161 228 26
161 242 26
161 251 53
162 225 35
162 228 54
162 169 13
162 206 48
162 207 92
162 208 60
162 270 12
162 179 94
162 281 94
162 287 32
163 257 17
163 165 15
163 204 50
163 173 1
163 206 85
163 176 48
163 211 3
163 293 75
163 254 6
163 287 82
164 266 90
164 171 1
164 182 4
164 185 97
164 208 6
164 212 92
164 219 65
164 232 47
164 234 34
164 235 72
165 288 88
165 290 96
165 177 39
165 182 16
165 194 42
165 205 8
165 207 86
165 208 92
165 211 13
165 234 56
165 235 77
165 238 67
166 262 10
166 265 12
166 285 22
166 286 68
166 177 1
166 181 67
166 197 36
166 204 68
166 212 45
166 214 100
166 169 60
167 264 33
167 268 5
167 271 42
167 273 18
167 289 93
167 292 56
167 174 36
167 179 10
167 183 42
167 188 56
167 196 78
167 220 33
167 248 44
167 253 7
168 257 27
168 284 54
168 286 70
168 299 51
168 176 0
168 186 52
168 196 100
168 198 3
168 200 65
168 215 3
168 216 20
168 237 84
168 243 25
168 247 9
169 266 42
169 274 41
169 279 59
169 283 100
169 296 0
169 177 88
169 185 45
169 271 29
169 220 34
169 221 12
169 234 51
169 247 28
170 257 90
170 276 59
170 279 28
170 285 40
170 290 46
170 298 9
170 180 64
170 182 25
170 183 68
170 191 69
170 193 23
170 195 56
170 201 6
170 238 51
170 239 56
171 258 23
171 290 21
171 178 56
171 194 76
171 198 56
171 212 65
171 218 74
171 187 16
171 230 52
171 250 100
172 176 52
172 290 65
172 235 91
172 230 54
172 233 54
172 178 83
172 294 78
172 249 43
172 200 59
172 221 71
173 259 37
173 264 16
173 266 48
173 267 52
173 291 52
173 297 53
173 180 25
173 201 80
173 204 3
173 225 32
173 235 4
173 239 52
173 250 31
174 257 53
174 260 49
174 274 99
174 279 92
174 176 76
174 208 41
174 184 92
174 223 90
174 232 51
174 238 64
175 240 84
175 283 55
176 264 47
176 274 64
176 276 31
176 282 58
176 295 24
176 178 89
176 181 58
176 200 51
176 221 50
176 223 82
176 229 11
176 234 6
176 242 52
177 267 55
177 275 53
177 280 17
177 285 54
177 294 25
177 207 15
177 211 66
177 212 3
177 226 23
177 230 13
177 189 97
177 240 28
177 249 45
178 259 89
178 281 49
178 288 46
178 295 81
178 298 47
178 204 94
178 214 84
178 223 14
178 229 89
178 234 27
178 243 42
178 246 34
179 259 1
179 260 3
179 261 100
179 267 61
179 269 54
179 277 90
179 283 70
179 293 39
179 296 3
179 298 34
179 182 54
179 201 96
179 209 30
179 210 42
179 215 11
179 216 74
179 231 4
180 293 49
180 294 13
180 190 26
180 216 61
180 225 54
180 273 91
180 236 3
180 254 38
181 263 100
181 264 19
181 186 29
181 187 1
181 196 0
181 199 100
181 204 85
181 219 96
181 273 68
181 238 80
181 246 94
181 248 92
181 252 48
181 253 80
182 259 83
182 267 9
182 272 95
182 274 90
182 282 69
182 291 36
182 293 35
182 208 97
182 220 19
182 233 18
183 299 33
183 292 93
183 275 41
183 202 49
183 248 33
183 190 61
184 224 7
184 229 45
184 221 2
184 212 88
184 277 53
184 189 9
185 293 1
185 296 61
185 268 8
185 255 33
185 240 8
185 187 9
185 254 66
186 261 7
186 274 25
186 297 87
186 200 34
186 224 66
186 226 70
186 232 63
186 233 58
186 237 86
186 255 41
187 257 59
187 264 71
187 272 97
187 278 40
187 279 35
187 295 61
187 297 88
187 194 69
187 221 6
187 241 12
187 245 28
187 246 64
187 247 21
188 268 17
188 270 38
188 271 29
188 290 97
188 283 73
188 199 30
188 212 37
188 223 99
188 233 43
188 235 66
189 270 46
189 273 62
189 191 59
189 208 41
189 215 20
189 222 51
189 229 93
189 232 64
189 252 96
190 265 99
190 282 0
190 287 85
190 296 41
190 298 27
190 198 6
190 218 11
190 226 33
190 253 18
190 255 31
191 263 48
191 293 93
191 203 56
191 222 6
191 226 76
191 232 78
191 235 2
191 240 49
191 245 80
192 198 44
192 268 34
192 276 70
192 216 73
192 286 18
193 258 72
193 262 91
193 280 92
193 293 38
193 200 1
193 208 81
193 209 90
193 226 92
193 233 57
193 237 75
194 271 6
194 272 24
194 285 42
194 287 19
194 291 66
194 199 97
194 205 98
194 230 38
195 263 22
195 267 10
195 281 31
195 287 8
195 297 84
195 285 46
195 288 86
195 231 88
195 239 94
195 221 100
195 253 1
196 257 64
196 262 20
196 198 9
196 202 46
196 209 13
196 218 84
196 293 67
196 242 32
197 294 37
197 296 23
197 202 14
197 199 88
197 200 89
198 257 22
198 273 43
198 283 15
198 210 67
198 216 24
198 236 14
198 243 18
199 259 17
199 281 16
199 285 98
199 286 82
199 260 88
199 214 41
199 221 22
199 229 28
199 231 63
199 253 11
199 242 63
199 245 98
199 254 61
200 266 10
200 278 80
200 284 82
200 292 4
200 299 13
200 204 36
200 209 11
200 220 49
200 231 87
200 238 39
200 246 13
200 254 89
201 294 15
201 208 71
201 209 77
201 211 100
201 214 1
201 215 35
201 232 8
201 239 23
202 263 29
202 277 18
202 283 4
202 208 11
202 209 86
202 214 11
202 216 52
202 217 8
202 224 97
203 282 11
203 295 47
203 297 5
203 274 97
203 205 1
203 249 86
203 217 60
203 234 69
204 280 52
204 289 45
204 299 51
204 206 79
204 218 1
204 233 70
204 243 99
205 294 47
205 295 75
205 268 34
205 209 70
205 254 22
205 214 7
205 283 83
205 271 82
205 286 15
206 273 51
206 286 89
206 219 59
206 221 14
206 227 93
206 232 14
206 234 7
206 241 9
207 259 75
207 263 56
207 272 53
207 279 90
207 282 21
207 289 8
207 222 91
207 211 36
207 216 77
207 244 17
207 247 54
208 259 41
208 262 3
208 284 36
208 289 31
208 211 63
208 215 27
208 223 40
208 230 66
208 249 2
208 254 64
209 263 41
209 264 88
209 259 4
209 276 8
209 299 75
209 220 2
209 241 55
209 248 32
210 263 96
210 264 69
210 298 92
210 270 0
210 273 42
210 249 23
210 250 49
211 259 72
211 263 83
211 269 93
211 276 70
211 283 73
211 212 15
212 266 8
212 273 35
212 217 44
212 248 86
212 252 17
213 291 98
213 293 63
213 220 95
213 268 0
213 271 8
213 272 19
213 278 53
213 282 7
213 219 16
213 286 59
214 238 40
214 284 97
214 298 89
215 259 44
215 265 24
215 266 88
215 284 14
215 285 57
215 290 44
215 293 94
215 295 36
215 229 23
215 234 28
215 249 16
216 263 10
216 268 88
216 292 22
216 294 81
216 288 66
216 218 54
216 249 57
217 263 86
217 277 84
217 283 53
217 285 23
217 240 65
217 244 64
217 266 87
217 234 73
217 253 10
218 274 18
218 238 67
218 243 76
218 254 47
219 291 100
219 228 66
219 298 63
219 240 52
219 251 65
219 253 25
219 286 33
220 295 93
220 228 12
220 297 38
220 238 69
220 269 93
221 267 11
221 237 93
221 274 32
221 282 23
221 295 70
221 249 27
221 228 70
221 230 20
221 236 42
221 239 92
221 245 51
221 253 30
222 263 32
222 297 91
222 251 72
222 230 61
222 248 25
223 258 14
223 261 18
223 264 71
223 285 63
223 295 100
223 224 52
223 233 23
223 247 34
223 250 17
224 259 94
224 261 30
224 279 34
224 275 5
224 277 24
224 232 25
224 235 26
224 252 39
225 282 47
225 260 20
225 286 43
225 292 30
225 232 1
225 233 66
225 253 49
226 264 36
226 270 61
226 284 5
226 291 47
226 292 99
226 254 28
227 276 53
227 279 46
227 287 46
227 288 63
227 292 63
227 297 18
227 241 19
228 261 27
228 262 3
228 263 71
228 284 30
228 295 45
228 245 63
229 274 76
229 234 62
229 237 95
229 238 85
230 266 8
230 268 67
230 232 83
230 238 86
231 256 23
231 235 45
231 260 83
231 263 25
231 264 97
231 291 45
231 293 97
231 295 41
231 240 76
231 248 80
232 256 60
232 283 18
232 294 70
232 237 9
232 241 22
233 267 28
233 274 95
233 241 26
234 236 36
234 237 77
234 249 18
234 253 37
235 272 16
235 279 33
235 297 33
235 242 73
235 245 9
235 252 52
236 256 98
236 275 57
236 287 59
236 289 67
236 292 59
236 293 64
236 241 87
236 252 87
237 279 39
237 292 63
237 255 55
238 263 2
238 277 69
238 289 42
238 249 70
238 253 80
238 255 0
239 299 10
239 285 61
240 259 79
240 265 75
240 277 25
240 284 12
240 286 55
240 293 88
240 297 97
240 246 55
240 251 57
241 271 91
241 274 46
241 287 76
241 289 51
241 298 19
242 261 82
242 265 100
242 275 68
242 285 12
242 287 31
242 297 57
242 251 45
243 269 52
243 272 16
243 291 50
243 293 69
243 297 2
243 246 76
243 254 65
244 245 52
244 283 64
245 261 22
245 269 39
245 254 51
246 264 19
246 273 86
246 290 12
246 271 51
246 247 18
246 250 60
247 263 83
247 272 90
247 285 23
247 296 30
248 261 65
248 292 47
248 249 69
248 252 88
249 262 9
249 266 34
249 270 42
249 274 87
249 275 42
249 278 55
249 283 65
249 286 33
249 298 94
249 252 21
250 298 81
250 255 91
251 253 92
252 257 49
252 267 85
252 276 91
252 291 22
252 292 3
253 259 88
253 281 82
254 290 44
254 291 41
255 256 45
255 257 44
255 290 89
255 292 34
256 268 58
256 283 3
257 278 85
257 281 94
257 290 35
257 294 65
257 296 26
258 259 35
258 261 54
258 270 56
258 273 16
258 279 31
258 299 38
258 283 24
258 289 79
259 285 4
259 286 85
259 290 62
260 278 95
260 282 49
260 298 64
261 270 38
261 278 96
261 280 69
261 282 68
261 292 62
261 299 93
262 267 51
262 285 5
262 293 62
262 295 36
263 272 52
263 274 100
263 283 37
263 285 23
263 286 85
264 266 68
264 267 4
264 268 67
264 279 18
264 290 3
264 296 69
265 279 50
265 285 81
265 290 4
265 292 4
265 293 48
266 283 40
267 275 92
267 283 7
267 299 36
269 286 97
269 288 13
269 293 46
270 280 51
270 295 36
271 293 36
272 284 19
272 290 95
273 282 53
273 283 64
273 285 98
274 295 35
274 298 57
274 299 28
275 280 32
275 284 72
275 287 67
275 294 91
276 278 7
276 294 66
277 281 31
278 286 38
278 296 78
279 288 81
279 291 58
281 290 30
282 287 82
283 290 45
283 293 41
284 285 75
284 291 16
284 298 44
285 287 49
286 288 69
287 289 4
287 299 58
289 293 95
289 294 65
290 296 57
290 299 20
