300 4000
0 130 57
0 10 98
0 267 31
0 272 83
0 145 79
0 277 8
0 278 86
0 24 63
0 155 84
0 161 94
0 292 63
0 294 63
0 173 68
0 178 44
0 55 24
0 184 90
0 188 47
0 152 25
0 205 9
0 207 70
0 87 8
0 90 71
0 223 95
0 228 13
0 38 86
0 107 13
0 236 6
1 258 99
1 131 46
1 6 97
1 264 66
1 141 60
1 16 38
1 145 91
1 280 91
1 28 34
1 288 32
1 38 26
1 53 46
1 66 67
1 203 35
1 210 22
1 99 70
1 89 21
1 219 4
1 227 43
1 100 100
1 237 96
1 119 12
1 125 16
2 257 77
2 130 12
2 134 54
2 138 47
2 142 5
2 150 21
2 153 67
2 27 49
2 30 8
2 287 26
2 160 73
2 292 29
2 38 64
2 168 99
2 43 84
2 53 85
2 54 0
2 55 95
2 65 65
2 194 55
2 68 33
2 198 70
2 199 24
2 200 18
2 77 87
2 208 68
2 211 77
2 87 1
2 219 19
2 223 68
2 112 46
2 241 26
2 115 11
2 118 24
2 120 28
2 249 73
3 263 35
3 140 2
3 13 49
3 142 10
3 271 38
3 274 88
3 148 4
3 280 6
3 161 12
3 34 36
3 35 32
3 36 55
3 165 51
3 180 67
3 189 70
3 63 10
3 71 42
3 202 30
3 75 32
3 83 72
3 230 79
3 105 75
3 241 47
3 211 20
4 32 11
4 33 86
4 67 26
4 101 60
4 231 26
4 72 95
4 9 4
4 76 94
4 173 99
4 238 53
4 205 86
4 209 49
4 274 86
4 244 13
4 88 4
4 124 31
4 192 34
4 190 42
5 256 68
5 131 81
5 265 58
5 271 16
5 43 42
5 27 98
5 30 26
5 289 57
5 291 91
5 164 65
5 198 28
5 41 8
5 42 10
5 171 61
5 57 91
5 64 97
5 194 17
5 70 4
5 201 21
5 79 12
5 216 66
5 222 6
5 106 27
5 114 0
5 243 20
5 246 23
5 249 15
5 252 2
5 127 24
6 137 82
6 275 78
6 276 38
6 23 70
6 25 18
6 283 98
6 292 35
6 294 98
6 172 31
6 114 85
6 54 1
6 184 3
6 186 51
6 70 27
6 204 35
6 86 64
6 223 57
6 98 85
6 227 54
6 233 65
6 242 7
7 129 27
7 141 36
7 22 94
7 27 69
7 156 68
7 289 0
7 298 57
7 44 86
7 53 99
7 55 94
7 187 87
7 203 53
7 204 43
7 213 16
7 216 98
7 103 64
7 234 17
7 231 98
7 236 47
7 110 79
7 111 69
7 241 9
7 247 77
7 124 75
8 264 33
8 275 25
8 21 35
8 150 98
8 151 64
8 69 97
8 164 18
8 298 64
8 172 83
8 173 37
8 175 83
8 177 28
8 159 28
8 197 49
8 198 2
8 214 23
8 93 2
8 94 76
8 95 63
8 233 37
8 110 28
8 241 27
8 243 72
8 250 2
8 252 51
8 170 53
9 64 13
9 97 43
9 214 66
9 103 90
9 183 96
9 137 90
9 234 65
9 107 86
9 108 48
9 207 50
9 140 33
9 246 96
9 233 72
9 121 55
9 250 87
9 27 28
9 285 44
9 55 48
9 95 48
10 51 41
10 264 15
10 137 37
10 266 52
10 12 40
10 146 16
10 19 58
10 155 94
10 285 76
10 161 50
10 27 28
10 36 57
10 167 89
10 136 16
10 179 80
10 180 62
10 53 9
10 182 97
10 265 8
10 52 48
10 189 59
10 62 41
10 193 64
10 68 9
10 72 57
10 211 0
10 212 73
10 215 43
10 89 7
10 96 16
10 229 60
10 102 24
10 108 37
10 114 16
10 119 80
10 120 91
10 250 65
10 124 26
11 258 65
11 133 94
11 134 21
11 18 29
11 149 88
11 280 68
11 27 65
11 288 92
11 162 40
11 39 72
11 42 13
11 44 87
11 56 27
11 64 32
11 211 75
11 86 49
11 216 6
11 92 31
11 222 94
11 122 98
11 252 32
11 126 20
12 260 46
12 261 16
12 108 16
12 143 8
12 22 64
12 151 50
12 132 44
12 150 84
12 164 54
12 165 76
12 40 2
12 42 77
12 178 95
12 181 86
12 57 33
12 196 1
12 204 35
12 208 15
12 216 65
12 236 78
12 242 87
12 115 90
12 118 70
12 247 85
12 248 8
12 249 38
12 127 8
13 271 91
13 152 10
13 281 31
13 29 59
13 32 32
13 33 85
13 171 78
13 44 17
13 45 0
13 176 67
13 51 37
13 57 62
13 63 37
13 197 28
13 202 69
13 79 81
13 80 64
13 218 46
13 223 61
13 230 78
13 103 73
13 238 74
13 116 15
13 117 7
13 246 9
13 249 14
13 252 17
13 127 85
14 131 1
14 263 39
14 269 93
14 271 71
14 145 75
14 276 20
14 279 92
14 155 78
14 288 70
14 295 67
14 55 46
14 57 76
14 194 89
14 199 84
14 75 46
14 226 59
14 185 53
14 233 24
14 93 3
14 98 33
14 102 69
14 105 37
14 119 67
14 249 70
14 124 80
14 125 79
15 131 21
15 137 85
15 138 16
15 271 76
15 23 60
15 156 76
15 35 9
15 166 99
15 295 36
15 284 34
15 42 31
15 174 95
15 51 11
15 54 73
15 64 95
15 75 15
15 205 19
15 210 92
15 213 1
15 215 78
15 90 25
15 95 0
15 294 75
15 105 57
15 236 62
15 237 59
15 238 0
15 253 29
15 119 48
15 298 83
15 126 80
16 217 100
16 211 84
16 108 45
16 142 34
16 61 64
16 112 3
16 49 32
16 243 31
16 52 24
16 206 78
16 118 51
16 121 89
16 24 80
16 57 90
16 250 29
16 122 8
16 218 26
17 32 10
17 224 30
17 292 52
17 102 50
17 97 66
17 74 39
17 183 14
17 175 12
17 206 94
17 157 40
17 114 83
17 52 39
17 119 91
17 24 87
17 27 22
17 284 82
17 93 36
18 132 28
18 136 7
18 138 49
18 22 87
18 26 15
18 28 53
18 287 54
18 54 53
18 58 23
18 31 82
18 189 85
18 190 82
18 194 87
18 68 78
18 198 96
18 81 21
18 214 61
18 94 29
18 223 36
18 113 75
18 118 31
18 250 67
19 192 6
19 198 1
19 162 39
19 228 55
19 69 46
19 166 4
19 263 27
19 200 5
19 73 45
19 39 42
19 142 72
19 21 6
19 22 47
19 89 28
19 90 60
19 187 5
19 60 6
19 286 34
19 63 55
20 128 75
20 257 65
20 259 60
20 260 84
20 134 15
20 139 83
20 268 33
20 143 26
20 275 71
20 26 97
20 31 65
20 164 73
20 165 44
20 294 53
20 295 23
20 44 41
20 177 56
20 52 34
20 64 82
20 67 75
20 69 57
20 74 16
20 204 4
20 80 11
20 210 100
20 84 99
20 195 20
20 234 93
20 243 58
20 119 31
21 143 13
21 146 75
21 25 33
21 27 39
21 29 50
21 30 26
21 289 58
21 163 6
21 39 78
21 296 9
21 297 88
21 42 19
21 171 79
21 49 85
21 286 90
21 58 74
21 187 15
21 61 68
21 193 0
21 195 55
21 161 92
21 201 44
21 83 82
21 71 1
21 228 14
21 235 92
21 236 62
21 251 33
21 124 61
21 253 66
21 264 5
22 129 47
22 268 64
22 146 82
22 23 87
22 280 24
22 281 57
22 284 89
22 285 91
22 160 92
22 36 58
22 167 42
22 169 39
22 45 3
22 175 32
22 59 66
22 188 70
22 65 10
22 66 13
22 70 74
22 73 2
22 202 64
22 82 33
22 214 58
22 88 95
22 164 75
22 227 82
22 112 5
22 115 47
23 257 88
23 260 33
23 264 70
23 269 86
23 24 82
23 152 79
23 281 3
23 154 99
23 27 72
23 28 18
23 288 43
23 297 46
23 170 83
23 242 92
23 174 27
23 179 79
23 53 49
23 54 76
23 63 59
23 64 58
23 212 81
23 93 32
23 224 73
23 103 17
23 232 9
23 108 91
23 114 98
23 244 9
23 118 58
23 121 44
23 253 49
24 130 62
24 263 15
24 141 51
24 272 88
24 275 32
24 47 71
24 156 28
24 159 7
24 163 62
24 166 94
24 39 24
24 168 53
24 299 71
24 175 11
24 179 39
24 56 36
24 187 63
24 62 55
24 65 12
24 70 91
24 206 51
24 91 48
24 114 7
24 243 98
24 245 37
24 246 35
24 122 8
24 253 77
25 131 33
25 132 47
25 273 89
25 147 45
25 280 84
25 281 34
25 155 38
25 161 67
25 39 44
25 41 60
25 175 100
25 189 19
25 192 68
25 194 62
25 75 49
25 76 11
25 205 70
25 94 63
25 98 95
25 106 34
25 107 43
25 244 13
25 120 89
26 161 71
26 194 53
26 35 99
26 51 37
26 235 87
26 46 93
26 61 32
26 115 66
26 227 49
26 181 47
26 154 99
26 125 12
26 94 58
27 128 15
27 257 60
27 259 62
27 260 86
27 278 9
27 292 89
27 166 37
27 41 59
27 46 90
27 47 27
27 190 5
27 65 41
27 69 61
27 72 48
27 211 10
27 213 6
27 222 85
27 227 66
27 228 38
27 233 81
27 107 35
27 108 57
27 174 59
27 243 69
27 118 32
27 250 30
27 126 85
28 130 44
28 146 55
28 276 0
28 30 28
28 34 22
28 293 1
28 41 81
28 170 19
28 180 22
28 56 100
28 58 89
28 192 23
28 196 12
28 70 92
28 73 42
28 75 28
28 95 19
28 99 0
28 228 76
28 111 82
28 113 1
28 242 82
28 245 88
29 288 81
29 101 0
29 87 74
29 196 9
29 69 11
29 102 56
29 259 58
29 73 57
29 75 47
29 111 7
29 211 55
29 121 55
29 185 15
29 282 8
29 124 93
29 93 50
29 215 33
29 191 31
30 129 38
30 265 86
30 138 96
30 258 82
30 283 62
30 288 65
30 163 6
30 293 44
30 39 70
30 171 92
30 176 83
30 51 60
30 189 59
30 191 78
30 67 87
30 118 55
30 75 51
30 208 75
30 210 65
30 92 56
30 222 65
30 96 77
30 231 31
30 107 21
30 237 33
30 241 16
30 242 52
30 244 26
30 245 87
30 246 81
31 133 46
31 263 87
31 270 28
31 173 42
31 275 98
31 289 82
31 297 53
31 172 33
31 45 46
31 57 50
31 60 67
31 63 72
31 68 2
31 118 90
31 33 64
31 119 89
31 76 51
31 210 38
31 94 86
31 108 73
31 110 71
31 147 61
31 246 4
31 41 99
31 250 27
32 64 79
32 80 78
32 155 100
32 38 63
32 201 56
32 74 29
32 206 15
32 48 34
32 259 100
32 278 31
32 87 7
32 283 81
32 292 58
32 282 9
32 251 22
32 188 36
32 126 23
32 191 81
33 133 16
33 134 95
33 268 59
33 144 89
33 147 78
33 281 31
33 160 92
33 38 56
33 39 72
33 93 51
33 176 80
33 51 44
33 53 19
33 194 0
33 206 1
33 269 72
33 208 64
33 215 81
33 90 58
33 122 29
33 166 84
33 102 41
33 115 43
33 117 73
33 118 54
33 250 56
34 260 2
34 276 17
34 279 75
34 159 78
34 162 0
34 38 11
34 45 55
34 177 97
34 183 58
34 56 98
34 62 0
34 63 92
34 73 72
34 207 58
34 88 23
34 89 56
34 92 49
34 221 65
34 226 9
34 227 56
34 102 72
34 115 10
34 252 92
35 290 73
35 68 76
35 165 28
35 294 27
35 140 72
35 266 5
35 236 75
35 48 57
35 88 71
35 178 26
35 195 22
35 213 85
35 186 81
35 120 85
35 234 82
35 283 57
35 90 1
35 254 66
36 128 58
36 260 62
36 264 63
36 137 91
36 259 80
36 276 22
36 281 27
36 289 73
36 37 44
36 172 75
36 53 51
36 186 62
36 203 66
36 77 67
36 209 59
36 217 75
36 94 5
36 223 69
36 97 44
36 99 29
36 228 21
36 107 88
36 246 89
36 148 45
37 149 36
37 176 12
37 131 95
37 69 45
37 289 35
37 105 54
37 140 88
37 205 13
37 270 63
37 221 100
37 208 77
37 271 27
37 288 0
37 142 97
37 57 14
37 282 57
37 187 20
37 186 86
37 63 23
38 128 6
38 139 68
38 269 100
38 142 48
38 155 29
38 285 20
38 291 52
38 40 47
38 177 56
38 50 84
38 59 57
38 192 6
38 194 53
38 196 77
38 71 92
38 200 46
38 73 32
38 75 86
38 80 6
38 90 36
38 225 19
38 256 57
38 107 62
38 246 67
39 152 86
39 287 57
39 160 14
39 165 5
39 43 62
39 192 8
39 73 4
39 80 86
39 216 71
39 91 53
39 97 21
39 103 20
39 232 1
39 111 67
39 115 75
39 117 0
39 249 10
40 130 30
40 292 55
40 102 47
40 103 98
40 168 98
40 138 55
40 236 61
40 270 82
40 176 11
40 145 3
40 210 21
40 243 94
40 149 32
40 169 44
40 186 35
40 59 19
40 286 23
41 262 19
41 264 54
41 88 35
41 195 14
41 278 25
41 281 48
41 284 36
41 294 22
41 43 66
41 172 40
41 173 97
41 174 41
41 50 29
41 51 80
41 192 15
41 67 49
41 201 54
41 85 46
41 216 87
41 217 1
41 103 74
41 169 91
41 122 66
41 255 80
42 258 35
42 259 80
42 132 31
42 140 75
42 275 70
42 148 37
42 280 36
42 282 76
42 158 76
42 298 21
42 45 70
42 47 89
42 196 27
42 197 17
42 199 29
42 78 36
42 225 24
42 98 52
42 254 76
43 256 53
43 270 45
43 147 67
43 281 47
43 282 12
43 157 57
43 161 37
43 163 82
43 295 31
43 170 2
43 176 21
43 182 91
43 61 59
43 62 74
43 195 73
43 68 6
43 72 91
43 77 6
43 78 37
43 82 95
43 88 56
43 222 27
43 102 22
43 189 79
43 112 74
43 113 70
43 117 9
43 118 65
43 119 20
43 298 98
43 125 20
43 127 83
44 130 0
44 262 20
44 275 28
44 150 28
44 167 27
44 168 60
44 297 24
44 53 19
44 54 13
44 184 92
44 58 39
44 201 21
44 80 86
44 81 5
44 211 96
44 88 24
44 208 54
44 231 46
44 110 83
44 296 83
44 114 55
44 253 21
45 132 84
45 124 67
45 275 69
45 155 23
45 293 52
45 167 100
45 169 43
45 48 43
45 51 56
45 57 82
45 68 11
45 197 37
45 72 80
45 202 66
45 81 61
45 93 57
45 224 77
45 226 28
45 227 16
45 233 26
45 242 41
45 243 77
45 244 50
45 297 36
45 122 5
45 252 100
45 298 95
46 129 98
46 91 77
46 90 99
46 65 99
46 71 92
46 296 43
46 297 71
46 74 24
46 289 71
46 298 58
46 47 45
46 112 65
46 155 36
46 178 71
46 52 84
46 185 23
46 138 90
46 190 93
46 63 38
47 128 29
47 129 23
47 137 74
47 138 41
47 141 68
47 158 6
47 162 77
47 163 96
47 166 89
47 295 64
47 299 53
47 176 68
47 50 23
47 183 91
47 283 28
47 189 17
47 62 40
47 63 66
47 70 12
47 205 7
47 208 23
47 85 28
47 94 30
47 224 44
47 227 25
47 233 27
47 117 100
47 170 68
48 261 23
48 263 6
48 266 6
48 143 3
48 146 87
48 147 13
48 155 92
48 284 35
48 133 33
48 165 76
48 180 23
48 63 11
48 275 59
48 76 69
48 92 6
48 97 87
48 226 78
48 100 96
48 107 20
48 111 80
48 115 84
48 244 53
48 247 89
49 259 51
49 133 49
49 138 84
49 140 97
49 269 70
49 272 95
49 216 57
49 152 64
49 284 25
49 288 100
49 289 3
49 292 62
49 166 10
49 178 18
49 51 38
49 181 25
49 73 18
49 201 22
49 79 73
49 212 78
49 88 72
49 164 19
49 229 37
49 241 61
50 134 78
50 264 19
50 267 50
50 77 31
50 147 97
50 277 90
50 167 3
50 288 57
50 290 92
50 291 47
50 70 75
50 295 33
50 51 2
50 194 4
50 69 52
50 198 60
50 71 14
50 74 96
50 162 48
50 78 82
50 79 85
50 220 45
50 142 21
50 219 78
50 92 24
50 107 64
50 113 5
50 246 38
51 274 29
51 201 28
51 158 15
51 162 8
51 170 11
51 172 4
51 183 3
51 60 60
51 195 68
51 72 62
51 73 81
51 202 40
51 141 6
51 83 81
51 221 55
51 224 65
51 110 44
51 115 51
51 120 78
51 121 61
52 135 39
52 265 57
52 271 93
52 290 35
52 294 47
52 172 74
52 53 60
52 183 67
52 187 45
52 60 15
52 208 32
52 91 26
52 228 28
52 229 26
52 103 41
52 108 50
52 240 51
52 246 36
53 136 56
53 265 65
53 141 85
53 142 70
53 147 7
53 156 83
53 289 84
53 173 98
53 178 0
53 266 51
53 194 36
53 67 67
53 201 69
53 80 91
53 215 56
53 97 72
53 161 25
53 110 32
53 244 14
53 248 49
54 129 56
54 258 75
54 140 71
54 288 22
54 299 31
54 184 61
54 185 6
54 61 46
54 73 77
54 205 5
54 77 77
54 88 66
54 143 2
54 224 38
54 229 26
54 102 100
54 231 86
54 234 1
54 112 5
55 146 53
55 165 68
55 298 25
55 177 51
55 178 63
55 191 20
55 194 78
55 67 60
55 73 30
55 75 19
55 77 23
55 210 20
55 83 19
55 89 28
55 91 32
55 98 40
55 99 19
55 229 24
55 230 53
55 103 38
55 117 48
55 63 9
55 252 36
56 256 66
56 271 94
56 274 13
56 160 67
56 291 10
56 292 72
56 173 97
56 191 22
56 65 69
56 67 22
56 198 77
56 203 99
56 206 39
56 217 55
56 240 11
56 241 40
56 118 99
56 248 58
56 121 69
56 122 52
56 255 25
57 129 76
57 260 43
57 265 26
57 271 18
57 274 12
57 157 10
57 158 71
57 172 79
57 182 77
57 190 42
57 191 23
57 206 88
57 269 47
57 81 51
57 270 10
57 91 100
57 94 25
57 224 28
57 102 93
57 246 12
57 124 14
58 256 91
58 263 15
58 267 44
58 148 56
58 160 100
58 295 10
58 220 44
58 299 74
58 180 98
58 191 12
58 224 47
58 72 40
58 77 94
58 83 68
58 284 81
58 217 13
58 92 35
58 96 98
58 106 40
58 235 97
58 112 2
58 243 63
58 247 70
58 254 66
59 132 9
59 261 42
59 262 11
59 135 93
59 137 32
59 269 66
59 143 77
59 146 77
59 195 24
59 174 100
59 176 82
59 188 62
59 67 58
59 71 61
59 206 11
59 79 90
59 80 34
59 94 58
59 108 61
59 240 39
60 130 99
60 261 70
60 263 54
60 265 45
60 142 93
60 272 70
60 281 12
60 158 28
60 133 50
60 290 45
60 294 56
60 159 79
60 286 35
60 180 74
60 72 34
60 203 87
60 85 97
60 220 48
60 223 39
60 187 13
60 232 11
60 234 42
60 238 75
60 239 87
60 117 61
60 246 81
60 248 73
60 126 56
61 256 93
61 264 5
61 137 22
61 143 79
61 281 91
61 282 68
61 284 42
61 154 67
61 289 3
61 296 64
61 169 1
61 136 96
61 180 10
61 184 8
61 117 93
61 191 1
61 65 53
61 66 51
61 195 96
61 74 35
61 83 10
61 85 94
61 224 64
61 106 81
61 107 73
61 239 66
61 114 17
61 244 98
61 126 6
61 254 66
62 64 57
62 266 55
62 145 52
62 152 83
62 111 49
62 157 74
62 159 37
62 161 86
62 164 31
62 297 24
62 177 71
62 184 46
62 186 44
62 192 58
62 66 32
62 196 82
62 209 13
62 210 58
62 85 54
62 227 45
62 104 89
62 233 34
62 234 42
62 239 55
62 115 4
62 116 59
62 247 33
62 125 87
63 264 2
63 271 77
63 152 56
63 285 54
63 292 4
63 171 26
63 179 57
63 69 56
63 72 66
63 205 6
63 82 64
63 227 45
63 221 8
63 222 43
63 99 18
63 228 43
63 107 53
63 236 18
63 238 60
63 243 66
63 248 51
64 273 26
64 155 37
64 284 64
64 299 80
64 197 2
64 89 93
64 271 15
64 220 80
64 107 39
64 109 95
64 113 78
64 114 73
64 115 52
64 276 62
64 252 57
64 255 60
65 135 86
65 156 49
65 286 57
65 161 87
65 292 77
65 299 4
65 177 96
65 158 28
65 194 87
65 67 55
65 83 99
65 225 21
65 99 73
65 121 21
65 127 94
66 130 82
66 68 8
66 293 13
66 70 20
66 295 38
66 72 82
66 297 48
66 298 73
66 167 51
66 76 57
66 237 59
66 176 89
66 95 52
66 185 47
66 90 51
66 255 97
66 159 89
67 132 52
67 261 2
67 265 38
67 273 40
67 103 17
67 284 29
67 289 84
67 163 46
67 171 29
67 175 22
67 179 65
67 192 46
67 200 40
67 212 34
67 218 41
67 221 86
67 97 38
67 145 28
67 233 9
67 231 79
67 242 12
67 245 4
67 246 14
67 122 31
67 126 16
68 256 59
68 265 65
68 269 75
68 275 91
68 196 56
68 291 88
68 164 42
68 194 58
68 74 26
68 163 85
68 214 47
68 90 9
68 225 89
68 226 94
68 227 22
68 228 60
68 230 92
68 235 100
68 258 56
69 130 54
69 131 74
69 137 78
69 269 32
69 273 96
69 150 84
69 280 4
69 282 24
69 161 86
69 163 63
69 296 82
69 170 44
69 171 14
69 175 2
69 182 22
69 192 42
69 200 74
69 77 38
69 211 85
69 84 19
69 224 36
69 225 54
69 105 7
69 236 42
69 112 7
69 275 12
69 127 30
70 262 61
70 135 82
70 265 8
70 271 93
70 145 62
70 282 70
70 283 30
70 154 36
70 162 35
70 155 16
70 165 74
70 296 16
70 178 29
70 182 85
70 205 45
70 209 74
70 280 28
70 96 65
70 238 4
70 116 30
71 256 19
71 136 98
71 142 30
71 144 95
71 151 34
71 158 61
71 289 52
71 295 84
71 297 90
71 298 85
71 171 9
71 115 30
71 181 76
71 189 44
71 77 33
71 80 5
71 218 30
71 93 16
71 97 97
71 230 15
71 237 16
71 242 55
71 243 39
71 120 47
71 126 97
72 259 39
72 135 72
72 136 80
72 194 84
72 156 52
72 291 15
72 296 62
72 155 47
72 191 54
72 73 10
72 209 34
72 213 37
72 214 72
72 225 88
72 98 15
72 231 24
72 113 22
72 245 96
73 256 59
73 130 46
73 132 51
73 133 5
73 269 64
73 144 6
73 146 51
73 281 51
73 153 28
73 155 96
73 286 82
73 159 95
73 169 56
73 287 23
73 180 78
73 187 80
73 188 29
73 182 85
73 162 37
73 209 28
73 211 45
73 212 28
73 88 74
73 96 14
73 108 96
73 120 36
74 256 15
74 163 10
74 167 48
74 298 24
74 288 98
74 195 83
74 75 95
74 291 16
74 95 49
74 227 6
74 107 13
74 237 1
74 110 93
74 241 93
74 242 65
74 119 1
75 129 30
75 262 48
75 135 63
75 140 86
75 147 46
75 150 75
75 287 30
75 160 100
75 290 65
75 165 12
75 176 38
75 198 50
75 204 96
75 81 31
75 212 1
75 93 78
75 227 27
75 234 88
75 240 82
75 117 51
75 247 58
75 251 87
76 128 63
76 259 78
76 134 0
76 135 70
76 277 37
76 278 99
76 292 77
76 174 91
76 181 82
76 197 31
76 77 21
76 205 16
76 232 50
76 111 53
76 116 0
76 118 10
76 123 37
76 254 95
77 299 46
77 132 1
77 265 5
77 139 25
77 146 62
77 148 16
77 187 5
77 191 81
77 194 81
77 200 69
77 81 16
77 112 69
77 242 16
77 121 87
77 123 49
77 254 91
78 192 6
78 96 54
78 197 67
78 132 24
78 134 18
78 262 93
78 201 30
78 298 85
78 140 20
78 269 17
78 240 7
78 209 98
78 242 72
78 280 66
78 271 31
78 220 89
78 190 82
78 159 11
79 264 82
79 274 45
79 149 15
79 151 47
79 152 30
79 282 87
79 285 0
79 289 38
79 162 72
79 165 27
79 178 61
79 181 84
79 192 27
79 193 6
79 202 85
79 213 3
79 216 90
79 218 18
79 102 82
79 232 77
79 233 35
79 237 7
79 112 11
79 115 54
79 116 33
79 248 96
80 263 50
80 142 99
80 154 88
80 284 66
80 175 28
80 176 38
80 180 67
80 183 52
80 203 82
80 210 90
80 211 24
80 226 16
80 105 62
80 237 24
80 110 25
80 246 36
80 148 59
80 122 28
80 126 62
80 255 71
81 138 32
81 141 32
81 271 85
81 148 92
81 152 74
81 282 17
81 162 26
81 241 11
81 197 33
81 204 0
81 208 18
81 91 47
81 221 93
81 230 23
81 104 9
81 106 34
81 232 21
81 244 89
81 250 32
82 129 80
82 135 35
82 267 41
82 140 19
82 270 54
82 144 68
82 149 39
82 172 70
82 190 5
82 191 1
82 84 40
82 86 66
82 220 56
82 222 98
82 224 82
82 251 54
82 234 4
82 240 3
82 123 45
82 125 79
82 127 64
83 129 98
83 257 26
83 142 37
83 259 12
83 148 43
83 277 56
83 286 24
83 164 12
83 200 88
83 204 18
83 208 87
83 216 46
83 89 93
83 94 46
83 95 77
83 96 86
83 226 38
83 123 66
83 231 99
83 105 36
83 239 76
83 147 16
83 246 77
83 248 12
83 251 13
83 255 16
84 131 98
84 263 2
84 136 97
84 265 42
84 216 85
84 150 29
84 283 5
84 197 21
84 289 0
84 164 6
84 166 43
84 297 57
84 172 78
84 250 78
84 210 89
84 88 6
84 217 88
84 90 17
84 93 64
84 95 86
84 294 96
84 102 52
84 108 69
84 240 87
84 241 29
84 245 15
84 247 53
84 121 71
84 122 87
84 125 78
85 264 37
85 273 26
85 274 35
85 156 28
85 287 25
85 161 79
85 163 74
85 241 8
85 168 58
85 299 14
85 182 6
85 244 44
85 201 32
85 211 97
85 185 70
85 235 73
85 236 47
85 238 67
85 296 87
85 116 9
85 120 34
86 256 59
86 129 91
86 226 82
86 203 56
86 230 74
86 168 22
86 298 11
86 108 74
86 142 14
86 271 23
86 209 0
86 276 84
86 245 70
86 119 29
86 248 78
86 149 66
86 215 4
86 117 54
87 288 6
87 99 95
87 196 74
87 261 99
87 199 48
87 200 47
87 234 64
87 144 53
87 243 5
87 120 9
87 187 98
87 157 15
87 191 43
88 132 87
88 271 23
88 277 84
88 152 91
88 154 84
88 158 6
88 287 28
88 164 70
88 296 75
88 187 60
88 206 100
88 89 12
88 90 2
88 91 28
88 98 29
88 229 27
88 236 56
88 120 65
88 124 46
89 131 13
89 263 32
89 259 64
89 139 62
89 278 90
89 152 13
89 164 90
89 172 5
89 177 89
89 191 86
89 194 1
89 206 46
89 214 56
89 220 7
89 224 27
89 229 57
89 102 32
89 232 26
89 234 22
89 241 73
89 248 40
89 252 9
90 128 92
90 136 21
90 137 2
90 272 64
90 276 17
90 155 91
90 298 83
90 299 56
90 190 97
90 192 67
90 194 80
90 205 24
90 206 84
90 212 45
90 91 31
90 225 97
90 237 88
90 238 62
90 241 19
91 256 87
91 134 31
91 144 5
91 285 60
91 294 24
91 170 61
91 176 83
91 181 95
91 189 75
91 206 13
91 226 56
91 103 51
91 233 0
91 235 70
91 253 88
91 112 22
91 244 69
91 117 22
91 246 53
91 125 31
91 126 74
92 261 14
92 137 14
92 139 37
92 268 93
92 141 67
92 144 49
92 149 95
92 287 86
92 170 81
92 187 82
92 195 89
92 229 64
92 231 9
92 234 21
92 109 23
92 239 75
93 261 81
93 173 19
93 272 86
93 148 32
93 282 4
93 177 91
93 190 32
93 203 43
93 199 64
93 95 66
93 228 98
93 233 25
93 110 56
93 243 22
93 116 48
93 120 77
94 267 9
94 145 88
94 148 37
94 285 46
94 165 9
94 181 5
94 194 45
94 139 95
94 203 86
94 219 73
94 109 52
94 238 83
94 239 75
94 240 22
94 244 67
94 247 79
94 248 46
95 128 23
95 258 34
95 133 56
95 138 47
95 147 71
95 151 5
95 154 74
95 157 23
95 290 8
95 295 41
95 171 100
95 179 62
95 181 96
95 183 76
95 202 89
95 236 92
95 250 15
96 136 65
96 269 43
96 270 21
96 273 51
96 284 35
96 156 11
96 178 85
96 198 13
96 199 28
96 205 7
96 206 32
96 218 79
96 222 53
96 97 34
96 230 72
96 109 89
96 241 76
96 248 79
96 121 40
97 195 85
97 119 10
97 171 62
97 273 66
97 156 30
97 243 49
97 215 8
97 218 61
97 251 18
97 188 48
97 125 100
97 222 27
98 263 26
98 264 26
98 275 90
98 276 95
98 277 87
98 155 28
98 162 95
98 293 46
98 172 20
98 175 14
98 187 54
98 193 27
98 195 3
98 205 22
98 207 88
98 218 61
98 224 81
98 239 29
98 242 71
98 121 14
98 122 28
98 251 75
99 129 8
99 263 99
99 273 7
99 275 76
99 279 23
99 152 60
99 163 17
99 299 62
99 196 9
99 204 41
99 208 6
99 214 5
99 221 53
99 225 9
99 101 26
99 110 2
100 259 6
100 144 23
100 145 79
100 147 94
100 148 98
100 287 84
100 294 70
100 167 26
100 168 9
100 159 71
100 203 85
100 205 8
100 214 16
100 225 31
100 103 91
100 105 64
100 253 53
100 240 72
100 115 88
100 117 85
100 125 49
101 133 64
101 135 72
101 264 62
101 148 86
101 154 91
101 155 54
101 163 38
101 165 46
101 173 21
101 182 60
101 190 44
101 196 26
101 223 51
101 106 72
101 107 33
101 241 39
101 242 73
101 115 53
101 125 54
102 260 0
102 134 15
102 269 93
102 274 47
102 154 29
102 285 70
102 162 4
102 291 9
102 292 93
102 169 80
102 179 5
102 200 52
102 216 71
102 221 92
102 222 43
102 231 34
102 112 18
102 126 94
103 131 3
103 271 8
103 263 90
103 176 59
103 197 17
103 205 20
103 141 85
103 229 67
103 230 77
103 232 100
103 109 97
103 239 96
103 243 53
103 126 72
103 123 55
103 254 39
104 224 5
104 193 48
104 162 67
104 266 62
104 134 60
104 265 53
104 138 7
104 111 29
104 172 35
104 206 97
104 271 52
104 178 7
104 246 54
104 137 35
104 218 83
104 122 31
104 155 92
104 154 73
105 256 48
105 130 40
105 263 51
105 266 1
105 145 76
105 282 67
105 285 98
105 286 5
105 290 73
105 164 67
105 165 97
105 185 96
105 188 23
105 138 42
105 198 13
105 271 12
105 225 27
105 240 56
105 241 93
105 114 69
105 255 40
106 129 46
106 130 46
106 147 82
106 277 87
106 287 92
106 167 82
106 297 92
106 170 87
106 187 45
106 193 39
106 198 45
106 222 30
106 225 56
106 232 98
106 234 62
106 122 59
106 252 2
106 254 90
107 133 25
107 134 27
107 138 18
107 142 98
107 277 59
107 281 3
107 218 55
107 233 96
107 246 45
107 255 24
108 132 76
108 155 71
108 262 14
108 263 69
108 273 20
108 146 84
108 291 48
108 165 51
108 183 16
108 200 43
108 205 3
108 221 69
108 224 95
108 229 45
108 232 64
108 241 36
108 249 86
109 192 6
109 136 65
109 150 79
109 286 93
109 160 26
109 169 21
109 170 51
109 186 8
109 193 36
109 200 60
109 204 35
109 206 12
109 211 91
109 212 1
109 214 89
109 215 49
109 221 8
109 222 29
109 233 36
109 238 63
109 239 72
109 117 15
109 124 42
109 126 95
110 268 18
110 152 77
110 155 54
110 157 66
110 298 53
110 184 29
110 198 64
110 213 50
110 217 91
110 230 38
110 231 92
110 241 53
110 244 25
111 165 55
111 275 36
111 265 89
111 202 90
111 269 66
111 238 95
111 240 7
111 257 2
111 115 36
111 206 69
111 159 62
112 256 5
112 278 64
112 267 79
112 148 15
112 149 0
112 165 23
112 173 67
112 191 56
112 197 80
112 200 58
112 201 90
112 207 39
112 121 89
113 128 99
113 136 70
113 265 38
113 143 17
113 274 0
113 147 35
113 276 29
113 153 47
113 158 8
113 161 75
113 174 14
113 176 69
113 202 57
113 206 14
113 211 96
113 215 62
113 224 17
113 226 15
113 235 61
113 146 99
113 239 32
113 242 71
113 244 70
113 117 99
113 121 26
113 126 95
114 131 95
114 132 37
114 262 3
114 137 4
114 147 40
114 154 6
114 282 7
114 291 98
114 175 32
114 265 79
114 134 93
114 203 61
114 217 33
114 121 75
114 250 22
115 129 42
115 259 87
115 134 66
115 264 79
115 142 95
115 145 19
115 277 74
115 279 55
115 152 88
115 285 18
115 291 72
115 293 87
115 298 81
115 179 8
115 198 8
115 162 62
115 214 3
115 240 86
115 116 15
116 133 29
116 270 42
116 271 62
116 145 15
116 148 30
116 159 23
116 164 20
116 295 85
116 175 5
116 190 64
116 214 26
116 292 72
116 224 29
116 244 40
116 276 77
116 124 97
117 258 69
117 281 5
117 156 91
117 285 76
117 289 92
117 164 33
117 182 30
117 185 26
117 161 75
117 203 14
117 208 97
117 212 93
117 216 11
117 218 71
117 230 59
117 234 82
117 247 78
117 249 98
118 261 18
118 264 19
118 137 61
118 143 2
118 277 51
118 155 0
118 285 22
118 290 21
118 164 40
118 293 94
118 170 36
118 190 80
118 195 74
118 208 54
118 216 99
118 271 12
118 221 18
118 239 13
118 241 31
118 121 11
118 251 99
118 127 93
119 265 39
119 266 39
119 149 62
119 150 80
119 163 61
119 196 89
119 197 67
119 200 100
119 201 44
119 217 58
119 227 80
119 228 89
120 193 66
120 225 0
120 226 29
120 293 94
120 169 37
120 208 25
120 152 54
120 266 30
121 129 71
121 288 35
121 162 78
121 165 38
121 169 55
121 226 18
121 157 79
121 188 84
121 196 35
121 215 3
121 272 10
121 235 87
121 244 25
121 248 91
121 250 54
121 126 27
122 129 62
122 141 84
122 280 70
122 156 34
122 166 84
122 171 43
122 176 23
122 180 25
122 196 93
122 202 30
122 204 76
122 225 78
122 227 27
122 123 0
123 128 94
123 224 36
123 194 22
123 195 62
123 291 97
123 297 85
123 139 39
123 237 54
123 238 4
123 269 66
123 273 30
123 244 22
123 147 12
123 152 26
123 157 17
124 257 49
124 130 73
124 269 70
124 271 80
124 144 83
124 147 10
124 161 21
124 291 61
124 157 28
124 185 72
124 192 57
124 193 72
124 258 63
124 204 10
124 239 30
124 247 18
124 252 13
124 125 20
125 161 49
125 291 69
125 296 81
125 169 90
125 180 95
125 181 35
125 183 10
125 202 87
125 222 56
125 246 21
125 254 12
126 271 57
126 147 41
126 276 21
126 149 82
126 152 66
126 285 24
126 294 23
126 295 59
126 298 35
126 191 13
126 197 19
126 205 79
126 215 73
126 225 21
126 166 47
126 235 74
126 240 22
126 244 8
126 245 57
126 251 55
127 154 26
127 285 94
127 133 53
127 162 37
127 292 100
127 181 41
127 201 58
127 206 15
127 211 63
127 214 14
127 220 18
127 227 17
127 210 30
127 140 97
127 253 8
128 131 56
128 134 42
128 140 35
128 272 15
128 280 40
128 262 23
128 172 25
128 190 37
128 191 59
128 211 93
128 216 76
128 235 71
128 148 95
129 132 3
129 140 97
129 149 42
129 286 35
129 168 77
129 180 57
129 189 30
129 181 17
129 192 48
129 201 41
129 204 9
129 206 5
129 236 44
129 239 92
130 131 5
130 141 26
130 188 59
130 159 94
130 166 66
130 175 49
130 179 74
130 186 11
130 201 85
130 213 100
130 217 84
130 239 27
130 250 41
131 267 7
131 269 74
131 274 1
131 281 78
131 285 23
131 292 24
131 294 20
131 297 43
131 173 17
131 176 75
131 186 62
131 188 78
131 192 95
131 139 20
131 200 1
131 203 90
131 270 8
131 218 62
131 228 69
131 239 82
131 169 3
132 134 18
132 267 87
132 272 11
132 276 41
132 150 10
132 156 79
132 285 10
132 160 22
132 289 26
132 164 64
132 262 68
132 157 61
132 178 88
132 191 11
132 198 10
132 206 36
132 207 18
132 292 89
132 226 17
132 244 81
132 170 91
133 235 72
133 262 11
133 265 97
133 144 43
133 276 69
133 153 70
133 282 95
133 284 24
133 166 1
133 156 70
133 196 90
133 272 58
133 227 9
133 245 44
134 273 93
134 278 52
134 288 77
134 293 17
134 169 66
134 298 77
134 178 46
134 192 62
134 217 84
134 241 76
135 148 57
135 149 67
135 156 52
135 161 79
135 293 8
135 284 39
135 192 24
135 218 58
135 221 69
135 223 86
135 225 78
135 231 27
135 237 57
135 249 23
135 255 86
136 256 65
136 138 89
136 144 62
136 149 21
136 162 85
136 166 80
136 295 11
136 186 90
136 195 20
136 203 8
136 217 63
136 232 64
136 234 59
136 235 70
136 246 83
137 260 80
137 139 15
137 268 50
137 147 7
137 149 79
137 151 66
137 282 55
137 160 64
137 167 3
137 168 4
137 178 70
137 197 23
137 198 43
137 207 1
137 213 76
137 214 68
137 226 72
138 265 17
138 267 20
138 140 46
138 280 37
138 158 40
138 170 72
138 173 57
138 286 10
138 194 53
138 220 96
138 222 31
138 238 25
139 261 3
139 266 60
139 141 9
139 279 28
139 156 77
139 287 21
139 162 31
139 168 35
139 284 39
139 186 21
139 204 42
139 208 78
139 214 15
139 215 95
139 237 99
139 243 8
140 264 69
140 269 31
140 270 19
140 271 38
140 272 7
140 147 43
140 153 48
140 158 71
140 287 4
140 289 44
140 290 1
140 167 41
140 220 83
140 228 71
140 235 15
140 250 8
140 252 96
140 170 12
141 149 86
141 159 32
141 291 16
141 183 40
141 186 1
141 191 84
141 197 11
141 232 52
141 234 31
141 239 78
141 249 41
142 214 22
142 290 77
142 172 20
142 177 18
142 184 29
142 188 22
142 192 43
142 193 81
142 194 43
142 223 99
142 144 10
142 228 37
142 236 0
143 262 74
143 264 26
143 282 91
143 286 34
143 290 68
143 169 73
143 190 52
143 191 89
143 200 43
143 215 75
143 220 45
143 224 52
143 240 91
143 247 33
143 251 75
143 253 27
143 277 50
144 258 70
144 150 15
144 284 81
144 158 91
144 197 75
144 198 43
144 202 49
144 218 83
144 224 33
144 225 78
144 239 44
144 241 33
144 250 24
144 255 81
145 259 38
145 267 0
145 277 30
145 279 69
145 155 77
145 159 65
145 290 83
145 165 29
145 166 88
145 295 50
145 169 35
145 287 25
145 214 10
145 216 78
145 220 27
145 223 70
145 167 64
145 247 83
145 149 75
146 271 3
146 148 57
146 152 32
146 201 72
146 282 52
146 162 72
146 166 100
146 179 74
146 205 58
146 223 46
146 239 33
146 252 88
147 259 26
147 264 44
147 265 12
147 269 67
147 275 51
147 282 52
147 156 30
147 286 56
147 292 92
147 172 25
147 184 70
147 192 20
147 203 10
147 214 2
147 224 79
148 279 59
148 289 39
148 166 47
148 172 21
148 196 32
148 161 81
148 206 10
148 207 29
148 217 31
148 245 0
148 251 52
148 170 41
149 269 69
149 275 14
149 294 60
149 298 70
149 200 53
149 214 100
149 223 44
149 237 49
149 239 63
149 240 15
149 241 60
150 198 31
150 166 17
150 238 94
150 241 45
150 250 94
150 223 72
151 267 15
151 272 79
151 273 0
151 277 92
151 279 78
151 287 77
151 168 38
151 174 34
151 192 21
151 198 1
151 268 85
151 213 64
151 225 1
151 238 62
151 241 41
151 251 67
152 266 52
152 276 74
152 284 28
152 287 29
152 160 39
152 180 11
152 183 36
152 185 39
152 193 43
152 197 60
152 208 37
152 209 82
152 255 37
153 288 46
153 258 5
153 291 56
153 260 23
153 230 79
153 232 58
153 162 5
153 174 14
153 274 99
153 172 42
153 277 84
153 218 96
153 283 47
153 190 89
153 287 47
154 160 100
154 165 0
154 194 73
154 183 86
154 175 51
154 209 43
154 243 55
154 245 21
154 213 6
155 259 54
155 267 40
155 284 49
155 286 31
155 159 77
155 167 40
155 181 82
155 211 58
155 223 97
155 231 38
155 238 16
155 240 78
156 256 39
156 263 21
156 267 51
156 272 2
156 157 49
156 289 47
156 183 81
156 200 90
156 202 5
156 204 0
156 206 34
156 217 92
156 250 41
156 224 39
156 236 85
157 264 74
157 275 42
157 280 39
157 159 8
157 293 55
157 169 32
157 178 85
157 183 6
157 186 44
157 195 96
157 250 86
157 252 8
158 263 29
158 269 85
158 293 61
158 241 20
158 297 79
158 193 8
158 299 65
158 180 40
158 187 67
158 189 51
158 206 99
158 244 15
158 250 97
158 254 42
159 165 35
159 167 9
159 172 11
159 174 44
159 183 43
159 191 82
159 197 87
159 200 93
159 208 62
159 212 51
159 221 48
159 229 94
159 231 64
159 232 88
159 235 71
159 236 90
159 243 49
159 251 76
160 259 43
160 265 11
160 289 27
160 163 68
160 294 14
160 170 22
160 174 67
160 177 6
160 181 5
160 215 35
160 228 93
160 295 90
160 239 90
160 252 86
161 288 64
161 163 55
161 294 61
161 169 97
161 178 11
161 190 69
161 208 62
161 291 78
161 224 76
161 231 18
161 253 11
162 269 64
162 278 7
162 292 10
162 166 69
162 199 18
162 216 53
162 218 62
162 236 8
162 252 73
163 269 89
163 279 14
163 172 5
163 200 68
163 219 84
163 228 7
163 231 81
163 237 10
164 275 59
164 289 43
164 168 41
164 200 80
164 224 80
164 242 53
164 212 3
164 254 84
165 270 89
165 280 0
165 287 42
165 192 98
165 197 68
165 198 26
165 206 76
165 228 9
165 233 34
165 255 47
166 257 100
166 269 64
166 297 46
166 174 48
166 195 76
166 198 28
166 199 48
166 213 89
166 237 72
166 169 2
166 255 70
167 257 26
167 274 37
167 281 18
167 294 40
167 299 96
167 177 15
167 183 62
167 192 38
167 201 45
167 213 69
167 217 90
167 226 58
167 237 31
167 243 96
167 246 42
168 262 30
168 198 94
168 257 60
168 169 39
168 170 68
168 209 42
168 297 18
169 258 4
169 259 100
169 269 2
169 286 67
169 174 62
169 176 17
169 184 48
169 186 62
169 214 67
169 216 61
169 221 79
169 234 42
169 245 54
169 255 30
170 259 75
170 275 44
170 288 14
170 289 90
170 290 80
170 182 33
170 209 89
170 213 77
170 235 43
170 239 0
170 240 21
170 244 34
170 252 94
171 204 72
171 269 0
171 242 55
171 282 58
171 287 91
171 222 58
172 257 19
172 261 59
172 278 81
172 293 12
172 299 32
172 175 4
172 189 26
172 196 87
172 226 10
172 215 44
172 218 68
172 240 43
172 241 55
172 242 17
172 243 54
172 245 32
172 254 2
173 260 41
173 271 44
173 176 40
173 177 24
173 243 39
173 183 99
174 273 81
174 241 91
174 299 44
174 182 98
174 186 95
174 209 6
174 230 61
174 232 88
174 239 13
175 267 44
175 276 93
175 196 91
175 212 4
175 221 74
175 273 16
175 241 41
175 245 38
175 248 96
175 253 46
176 266 58
176 259 96
176 283 53
176 292 54
176 177 10
176 181 34
176 184 53
176 191 55
176 199 34
176 201 23
176 221 14
176 187 33
176 253 71
177 256 79
177 262 42
177 263 16
177 278 32
177 280 29
177 288 28
177 194 68
177 214 58
177 233 40
177 237 74
177 247 55
177 251 67
178 194 30
178 202 68
178 204 8
178 210 66
178 216 92
178 221 7
178 229 11
178 230 33
178 235 17
178 245 41
179 225 18
179 198 20
179 231 18
179 297 34
179 199 91
179 274 99
179 291 94
179 276 52
179 216 77
179 217 93
179 255 71
180 280 25
180 286 27
180 293 27
180 297 22
180 185 71
180 187 77
180 193 43
180 203 41
180 211 65
180 284 27
180 231 78
180 235 32
180 245 15
180 251 38
181 232 28
181 233 61
181 250 38
182 277 49
182 193 26
182 260 32
182 232 36
182 239 21
182 188 38
182 184 97
182 254 91
183 260 86
183 268 41
183 298 10
183 186 92
183 189 16
183 204 74
183 210 77
183 212 62
183 226 71
183 232 52
184 288 23
184 296 15
184 236 43
184 239 98
184 253 96
184 212 17
184 215 93
185 263 35
185 268 62
185 276 31
185 285 55
185 292 4
185 186 56
185 188 61
185 189 25
185 190 89
185 206 0
185 224 3
185 246 9
186 269 34
186 271 17
186 285 36
186 201 32
186 258 4
186 211 91
186 219 63
186 235 38
186 246 54
186 253 39
186 255 20
187 260 57
187 267 58
187 274 89
187 291 24
187 220 43
187 192 94
187 208 41
187 241 83
188 268 81
188 283 87
188 193 61
188 194 61
188 198 70
188 209 93
188 212 4
188 213 91
188 226 7
188 232 13
189 273 18
189 275 37
189 284 83
189 294 36
189 274 11
189 212 15
189 230 36
189 237 78
189 255 76
190 263 62
190 267 65
190 292 57
190 293 13
190 194 29
190 199 34
190 206 42
190 216 27
190 224 40
191 261 88
191 270 16
191 297 10
191 217 51
191 233 99
191 249 30
192 268 50
192 276 82
192 278 34
192 198 24
192 270 34
192 230 40
192 233 69
192 243 3
192 248 74
192 255 96
193 257 7
193 262 20
193 272 10
193 208 89
193 213 13
193 214 17
193 233 82
193 239 27
193 247 4
194 266 11
194 284 91
194 291 23
194 296 41
194 297 96
194 299 67
194 214 93
194 218 57
194 228 43
194 233 20
194 237 34
194 240 31
195 203 98
195 237 92
195 215 23
196 278 76
196 288 63
196 293 6
196 297 8
196 299 80
196 213 86
196 220 55
196 222 76
196 224 35
197 262 57
197 290 98
197 206 49
197 232 94
197 236 42
197 244 64
197 250 89
198 275 50
198 199 32
198 293 50
198 248 94
199 256 14
199 259 6
199 262 79
199 265 20
199 269 72
199 276 92
199 201 87
199 202 92
199 223 16
199 224 44
199 237 20
199 244 28
200 273 5
200 295 78
200 229 22
200 244 1
200 250 90
200 251 50
200 252 42
201 260 78
201 265 27
201 267 25
201 283 63
201 297 31
201 247 18
201 231 71
201 233 35
202 256 7
202 258 15
202 265 51
202 270 99
202 289 55
202 290 76
202 223 89
202 244 64
202 248 2
203 272 83
203 274 35
203 293 5
203 209 66
203 275 46
203 246 41
203 254 74
204 298 20
204 216 13
204 247 11
205 257 55
205 295 91
205 298 19
205 224 77
205 231 27
205 234 39
205 242 32
205 245 1
205 253 48
206 265 72
206 274 35
206 260 81
206 287 57
206 208 21
206 214 42
206 215 44
206 223 32
206 224 87
206 232 63
206 243 31
206 249 32
206 251 13
207 226 27
207 268 64
207 290 97
207 275 99
207 276 3
207 251 94
207 284 23
208 256 46
208 265 39
208 268 9
208 218 50
208 220 79
208 221 38
208 230 61
208 237 33
209 267 40
209 274 27
209 275 94
209 279 82
209 287 34
209 222 54
209 225 83
209 236 84
209 252 0
210 273 96
210 292 19
210 211 68
210 214 37
210 226 18
210 227 68
210 231 20
210 234 72
210 240 25
210 241 54
210 247 34
210 255 93
211 260 52
211 265 51
211 270 37
211 286 27
211 296 61
211 214 80
211 221 71
211 242 83
211 243 78
211 247 2
212 263 37
212 282 97
212 220 73
212 221 6
212 222 63
212 226 61
212 240 29
212 254 40
213 277 49
213 281 5
213 291 42
213 222 35
213 227 7
213 232 49
213 238 84
214 256 72
214 217 26
214 285 79
214 290 48
214 265 56
214 235 46
214 239 60
214 253 40
215 268 93
215 270 2
215 272 20
215 278 7
215 283 21
215 225 38
215 219 14
215 222 49
215 223 22
215 242 95
216 262 33
216 292 28
216 220 46
216 273 69
216 235 10
216 242 55
216 250 18
217 258 47
217 277 92
217 286 5
217 290 46
217 292 5
217 228 97
218 265 44
218 267 69
218 272 82
218 278 76
218 287 29
218 298 21
218 224 7
218 239 84
219 298 15
219 299 72
219 258 68
219 238 47
219 272 90
219 276 79
219 245 52
219 250 15
220 267 13
220 295 83
220 298 31
220 224 89
220 228 74
220 234 11
220 240 82
220 245 54
221 257 75
221 259 64
221 278 20
221 292 19
221 290 84
221 224 29
221 230 12
221 247 69
222 257 50
222 259 30
222 271 32
222 286 6
222 266 84
222 240 44
222 277 42
223 275 69
223 281 51
223 224 75
223 232 90
223 234 94
223 250 28
223 252 48
224 283 64
224 287 86
224 293 38
224 230 81
224 237 2
224 243 0
225 270 21
225 277 25
225 285 56
225 239 29
225 249 70
225 255 99
226 257 77
226 263 47
226 260 13
226 285 7
226 292 62
226 238 19
226 246 69
227 285 39
227 261 20
227 296 17
227 231 99
227 255 96
228 256 89
228 259 60
228 271 63
228 231 65
228 238 32
228 247 14
228 248 41
229 232 1
229 233 22
229 277 5
229 247 13
229 254 39
230 260 99
230 277 18
230 287 43
230 292 96
230 295 9
230 299 30
230 231 61
230 239 13
230 245 30
230 246 70
230 248 84
230 252 2
230 255 90
231 258 55
231 269 69
231 239 83
231 244 95
231 247 20
232 261 71
232 268 93
232 291 83
232 269 76
232 233 24
232 240 30
232 244 27
232 246 27
232 247 37
233 273 56
233 278 53
233 283 19
233 287 5
233 239 1
234 260 41
234 263 19
234 270 36
234 272 29
234 275 90
234 297 99
234 247 36
234 255 95
235 257 86
235 258 40
235 273 76
235 275 84
235 283 91
235 290 15
236 264 88
236 285 70
236 293 73
236 284 54
236 270 8
236 237 96
236 246 77
236 247 86
237 258 10
237 262 61
237 272 93
237 284 37
237 251 7
237 241 47
237 242 11
237 246 97
237 249 22
237 252 80
238 258 13
238 264 95
238 265 60
238 279 33
238 270 32
238 298 32
238 283 33
238 239 49
239 262 83
239 242 29
239 251 98
239 254 27
240 259 43
240 268 70
240 294 23
240 247 9
240 251 69
241 268 47
241 281 6
241 290 40
241 244 36
242 266 60
242 248 43
243 271 16
243 281 64
243 285 40
243 288 45
243 250 73
244 259 57
244 260 19
244 265 16
244 268 21
244 271 13
244 272 99
244 277 90
244 292 99
244 299 2
244 249 22
244 248 99
245 256 18
245 260 80
245 279 18
246 283 5
246 296 82
247 293 17
247 294 82
247 295 35
248 260 27
248 274 31
248 297 86
248 250 86
248 254 50
249 294 79
249 277 37
249 268 91
249 286 51
250 277 74
250 281 93
250 292 65
250 299 27
251 264 54
251 279 84
251 285 99
251 290 33
251 299 18
251 267 5
252 296 32
253 289 94
253 262 13
254 263 75
254 268 76
254 269 80
254 276 11
254 287 37
254 294 96
254 299 15
255 265 12
255 283 14
255 294 41
256 266 2
256 278 91
256 286 34
257 292 99
257 274 54
257 282 24
257 284 77
258 260 79
258 282 62
259 279 84
259 291 50
259 292 70
259 293 41
260 272 62
260 274 13
260 285 18
261 275 38
261 273 44
261 278 71
261 285 75
262 263 89
262 288 7
262 290 58
262 293 91
262 296 87
263 273 67
263 286 64
263 287 61
264 269 23
264 273 71
264 296 88
264 299 52
266 289 41
267 273 67
267 279 82
267 285 0
267 286 58
268 273 79
268 275 82
268 287 77
269 281 20
269 289 77
269 286 51
270 274 90
270 280 21
270 287 1
270 290 8
270 298 84
271 279 28
271 282 47
271 298 21
272 277 9
272 291 59
273 274 95
273 278 25
273 296 79
273 297 30
273 299 63
274 281 10
274 282 94
274 290 45
274 296 15
274 297 53
275 290 75
276 281 12
277 284 39
278 282 88
278 296 20
278 297 6
278 288 9
279 284 5
281 287 31
281 296 50
281 297 46
281 299 5
283 294 100
284 285 99
285 295 44
285 294 48
287 289 6
287 297 43
288 292 41
290 295 28
292 294 47
294 297 27
294 298 50
295 298 96
295 299 54
298 299 40
