300 4000
0 258 8
0 163 50
0 133 11
0 39 79
0 104 94
0 265 85
0 266 27
0 173 71
0 110 80
0 253 2
0 293 34
0 81 21
0 156 84
0 19 94
0 9 82
0 218 53
0 136 50
0 219 48
0 220 66
0 125 47
0 223 38
1 176 10
1 98 49
1 150 65
1 262 28
1 40 15
1 252 5
1 107 37
1 34 17
1 110 3
1 144 45
1 88 25
1 248 65
1 147 99
1 182 72
1 56 37
1 281 2
1 92 43
1 253 80
1 264 68
2 192 48
2 260 86
2 6 58
2 8 99
2 265 93
2 13 91
2 18 12
2 22 26
2 29 85
2 288 18
2 37 95
2 168 74
2 298 22
2 174 29
2 179 59
2 185 100
2 64 72
2 67 97
2 75 7
2 85 60
2 98 16
2 233 44
2 122 25
3 130 60
3 259 6
3 135 83
3 267 43
3 143 9
3 28 83
3 29 45
3 287 54
3 162 71
3 299 80
3 46 69
3 177 64
3 53 72
3 190 93
3 199 70
3 201 67
3 83 9
3 219 20
3 224 30
3 225 70
3 239 54
3 119 11
3 249 87
4 258 24
4 8 0
4 265 10
4 141 28
4 270 75
4 147 8
4 277 79
4 22 31
4 282 29
4 159 79
4 288 28
4 162 51
4 164 19
4 172 39
4 177 73
4 179 59
4 55 96
4 184 72
4 59 27
4 197 0
4 76 87
4 209 75
4 83 53
4 36 80
4 220 30
4 227 51
4 113 94
4 19 46
4 250 98
5 225 19
5 130 22
5 227 30
5 260 5
5 261 94
5 134 40
5 263 9
5 168 27
5 42 54
5 107 72
5 268 4
5 13 63
5 15 19
5 131 95
5 62 12
5 56 48
5 25 40
5 122 82
5 111 17
5 94 93
6 128 37
6 262 93
6 11 84
6 271 12
6 276 61
6 278 99
6 32 46
6 289 99
6 294 29
6 176 39
6 55 43
6 184 47
6 66 25
6 67 3
6 199 25
6 200 23
6 56 89
6 211 89
6 216 80
6 224 11
6 250 68
6 127 91
7 13 70
7 270 69
7 145 74
7 276 62
7 149 69
7 278 33
7 151 11
7 26 72
7 172 35
7 238 36
7 199 36
7 213 67
7 217 2
7 228 79
7 233 21
7 110 2
7 112 49
7 113 86
7 115 28
7 247 68
7 251 14
7 253 82
7 21 66
8 256 55
8 263 12
8 136 34
8 140 67
8 13 86
8 271 0
8 273 35
8 146 3
8 31 38
8 288 77
8 165 22
8 174 50
8 59 96
8 63 48
8 69 85
8 203 70
8 208 1
8 83 99
8 91 47
8 104 99
8 109 3
8 240 52
8 247 74
9 129 57
9 133 24
9 267 14
9 140 92
9 150 100
9 279 39
9 280 100
9 201 5
9 156 75
9 26 54
9 161 0
9 168 30
9 46 40
9 157 13
9 49 16
9 178 20
9 183 79
9 56 73
9 57 42
9 11 59
9 12 31
9 98 43
9 78 37
9 214 36
9 216 81
9 217 93
9 93 79
9 224 91
9 225 100
9 226 68
9 229 68
9 231 95
9 106 45
9 109 92
9 110 74
10 256 36
10 264 2
10 272 69
10 273 85
10 275 23
10 277 70
10 22 46
10 23 27
10 281 4
10 154 45
10 34 56
10 291 16
10 296 60
10 49 21
10 60 59
10 190 62
10 194 26
10 199 28
10 201 67
10 75 5
10 212 46
10 87 48
10 88 41
10 96 20
10 227 79
10 104 1
10 126 16
11 141 35
11 14 16
11 145 91
11 277 33
11 278 68
11 29 38
11 293 0
11 39 59
11 179 55
11 184 96
11 60 92
11 67 68
11 196 4
11 72 68
11 75 79
11 206 88
11 209 88
11 213 66
11 86 54
11 221 9
11 94 5
11 165 66
11 229 61
11 106 53
11 237 48
11 247 73
11 252 100
12 256 16
12 135 92
12 266 32
12 267 48
12 14 78
12 273 23
12 147 86
12 277 24
12 160 31
12 298 92
12 172 58
12 48 28
12 54 11
12 185 25
12 189 20
12 190 69
12 195 4
12 196 52
12 71 75
12 72 60
12 73 58
12 82 81
12 86 19
12 215 21
12 220 12
12 227 63
12 101 65
12 108 53
12 118 65
12 123 49
12 170 82
12 254 16
12 127 92
13 257 7
13 146 80
13 282 6
13 32 77
13 34 14
13 91 2
13 170 86
13 171 26
13 173 24
13 176 60
13 64 21
13 68 49
13 71 6
13 207 6
13 211 49
13 84 74
13 87 19
13 219 19
13 231 53
13 233 27
13 234 52
13 235 36
13 113 58
13 243 32
13 250 10
13 125 35
14 259 58
14 135 13
14 136 46
14 268 89
14 273 15
14 152 43
14 27 52
14 35 3
14 37 47
14 295 26
14 40 98
14 201 16
14 62 10
14 68 62
14 291 33
14 87 39
14 91 0
14 93 22
14 222 67
14 225 14
14 229 15
14 238 3
14 240 42
14 118 33
14 253 65
15 256 95
15 129 83
15 137 72
15 274 4
15 22 85
15 23 47
15 25 56
15 33 27
15 162 7
15 35 50
15 295 92
15 49 70
15 179 36
15 61 46
15 196 53
15 201 66
15 202 100
15 205 22
15 81 44
15 91 62
15 92 76
15 95 100
15 239 45
15 253 75
16 128 37
16 256 9
16 142 77
16 275 38
16 111 47
16 288 50
16 294 68
16 40 77
16 298 37
16 177 42
16 222 81
16 194 81
16 195 77
16 246 76
16 77 88
16 208 18
16 93 1
16 94 71
16 230 15
16 231 46
16 233 51
16 239 69
16 114 57
16 117 84
16 118 44
16 105 16
16 124 77
16 125 44
16 126 13
17 129 26
17 134 46
17 138 94
17 146 21
17 278 18
17 29 33
17 36 6
17 168 19
17 44 36
17 61 72
17 64 78
17 196 69
17 292 30
17 207 68
17 212 6
17 164 70
17 223 37
17 102 14
17 239 39
17 242 40
17 115 15
17 117 66
17 123 81
17 253 49
18 131 36
18 271 56
18 153 3
18 155 8
18 31 47
18 160 81
18 161 54
18 38 34
18 297 91
18 173 54
18 178 77
18 187 0
18 61 17
18 63 12
18 67 54
18 203 66
18 85 100
18 214 28
18 89 25
18 219 69
18 92 5
18 224 22
18 226 15
18 235 2
18 239 95
18 125 1
19 147 86
19 217 49
19 283 4
19 28 45
19 290 83
19 37 23
19 296 27
19 169 83
19 45 20
19 178 70
19 188 26
19 191 54
19 192 54
19 66 92
19 197 84
19 76 66
19 206 81
19 80 79
19 215 8
19 89 73
19 91 36
19 221 48
19 228 2
19 60 98
19 111 95
19 112 0
20 134 19
20 266 5
20 268 25
20 277 12
20 31 3
20 288 11
20 161 22
20 159 86
20 45 88
20 49 12
20 54 85
20 186 92
20 187 21
20 61 56
20 32 35
20 200 77
20 74 86
20 75 33
20 206 26
20 209 29
20 82 66
20 220 4
20 232 22
20 21 90
20 239 78
20 243 8
20 247 30
20 251 83
20 252 81
20 149 27
21 258 62
21 272 88
21 169 1
21 298 79
21 44 95
21 174 63
21 179 18
21 53 15
21 64 31
21 200 61
21 73 100
21 76 2
21 205 80
21 213 44
21 88 31
21 93 4
21 224 5
21 98 65
21 102 14
21 232 17
21 107 26
21 246 16
22 155 13
22 93 16
22 52 83
22 181 5
22 55 31
22 180 61
22 187 32
22 189 31
22 190 81
22 224 32
22 209 19
22 210 91
22 91 11
22 221 70
22 96 22
22 233 59
22 118 72
22 125 28
23 267 95
23 268 62
23 157 69
23 31 26
23 32 22
23 289 46
23 91 65
23 292 59
23 294 46
23 47 58
23 51 93
23 57 39
23 59 79
23 60 64
23 191 54
23 197 60
23 200 27
23 74 53
23 205 24
23 218 42
23 271 51
23 98 19
23 109 10
23 238 75
23 239 96
23 255 76
23 124 37
23 127 56
24 32 23
24 144 11
24 165 86
24 296 19
24 54 97
24 139 10
24 207 99
24 272 11
24 177 56
24 245 42
24 214 88
24 56 2
24 176 47
24 281 99
24 250 79
24 283 57
24 86 71
24 93 58
24 30 48
24 117 70
25 273 81
25 294 19
25 42 79
25 43 27
25 172 85
25 45 14
25 181 83
25 183 49
25 186 6
25 192 55
25 194 24
25 195 74
25 202 18
25 75 95
25 87 16
25 91 44
25 220 35
25 110 66
25 112 67
25 241 49
26 128 84
26 235 98
26 132 26
26 269 77
26 237 33
26 146 97
26 153 89
26 282 73
26 27 96
26 290 39
26 163 29
26 292 43
26 241 100
26 47 62
26 50 17
26 53 48
26 55 81
26 66 81
26 73 80
26 217 5
26 93 90
26 98 59
26 103 91
26 232 33
26 295 40
26 109 88
26 113 55
26 114 27
26 119 6
26 252 40
26 254 63
27 128 100
27 261 2
27 265 76
27 270 89
27 271 49
27 272 67
27 277 14
27 287 7
27 32 97
27 291 58
27 164 87
27 167 69
27 172 33
27 181 93
27 73 58
27 191 81
27 67 23
27 201 60
27 77 87
27 209 90
27 210 42
27 214 23
27 238 6
27 245 8
27 119 66
27 122 68
27 126 61
28 132 36
28 261 18
28 263 14
28 137 86
28 140 48
28 284 2
28 163 17
28 293 70
28 170 68
28 299 21
28 44 99
28 49 27
28 178 23
28 182 99
28 57 16
28 59 67
28 190 56
28 64 62
28 197 38
28 201 53
28 74 9
28 75 50
28 76 11
28 82 64
28 216 76
28 222 69
28 98 13
28 121 56
29 192 90
29 256 18
29 229 77
29 136 62
29 226 29
29 159 81
29 269 67
29 174 91
29 240 64
29 179 36
29 213 41
29 54 39
29 215 39
29 127 69
29 62 88
29 63 45
30 128 36
30 258 60
30 267 43
30 130 36
30 273 84
30 283 89
30 161 63
30 71 88
30 172 68
30 178 84
30 57 70
30 58 43
30 59 12
30 192 37
30 68 38
30 199 67
30 210 43
30 86 93
30 218 13
30 94 29
30 227 87
30 106 89
30 109 26
30 247 43
30 124 30
31 129 5
31 130 71
31 259 70
31 260 64
31 261 94
31 136 40
31 150 50
31 49 36
31 296 90
31 179 87
31 94 43
31 55 18
31 184 83
31 63 37
31 78 8
31 222 92
31 100 97
31 102 69
31 103 56
31 110 82
31 117 70
31 119 47
32 257 3
32 258 84
32 129 36
32 268 94
32 270 55
32 156 48
32 159 35
32 168 3
32 171 33
32 182 87
32 55 49
32 184 48
32 58 3
32 189 74
32 192 84
32 197 34
32 140 64
32 80 18
32 56 34
32 211 93
32 91 38
32 100 50
32 234 82
32 236 25
32 237 18
32 114 32
32 247 21
32 249 80
32 255 74
32 254 50
32 127 64
33 131 22
33 261 98
33 137 6
33 35 99
33 168 7
33 171 65
33 54 63
33 183 17
33 186 41
33 68 10
33 197 0
33 72 84
33 207 50
33 212 45
33 143 69
33 92 12
33 224 57
33 102 55
33 232 13
33 119 13
33 124 75
33 255 53
34 129 2
34 259 93
34 260 87
34 272 87
34 145 22
34 151 33
34 285 77
34 292 43
34 41 91
34 170 12
34 173 59
34 177 23
34 182 61
34 55 19
34 184 37
34 57 95
34 190 43
34 191 86
34 75 12
34 76 99
34 85 95
34 217 21
34 90 26
34 221 12
34 102 66
34 236 95
34 239 13
34 297 40
34 250 48
34 253 26
34 254 16
35 257 31
35 130 94
35 268 31
35 269 6
35 278 70
35 154 32
35 284 7
35 166 47
35 177 75
35 53 18
35 55 73
35 187 25
35 188 34
35 192 78
35 200 77
35 75 0
35 79 93
35 211 15
35 84 82
35 216 12
35 94 64
35 241 23
35 118 8
35 251 33
35 252 87
36 261 93
36 145 72
36 265 0
36 141 8
36 273 91
36 293 23
36 167 23
36 40 28
36 43 26
36 46 46
36 183 38
36 190 11
36 63 67
36 195 11
36 208 59
36 86 91
36 217 9
36 95 53
36 115 78
36 252 93
37 64 51
37 43 90
37 228 39
37 133 82
37 243 11
37 169 6
37 202 58
37 107 15
37 45 98
37 270 5
37 240 49
37 299 37
37 89 89
37 154 7
37 156 50
37 286 9
38 260 24
38 152 55
38 281 52
38 166 24
38 169 90
38 42 92
38 172 7
38 46 10
38 176 43
38 179 81
38 188 51
38 61 35
38 66 96
38 68 15
38 210 35
38 211 98
38 86 11
38 221 30
38 82 17
38 111 83
38 112 75
38 114 85
38 248 67
38 124 61
39 142 61
39 274 38
39 148 5
39 277 25
39 150 87
39 151 87
39 280 100
39 294 3
39 296 14
39 169 16
39 170 22
39 55 72
39 192 86
39 65 80
39 68 77
39 72 30
39 201 66
39 204 45
39 78 54
39 120 20
39 212 0
39 270 84
39 219 42
39 92 76
39 122 16
39 94 81
39 224 88
39 98 93
39 166 46
39 238 49
39 239 68
39 248 50
39 250 84
39 124 18
40 129 98
40 258 24
40 259 40
40 134 9
40 154 32
40 159 56
40 288 26
40 166 65
40 263 26
40 46 85
40 50 10
40 189 6
40 205 93
40 86 29
40 97 74
40 231 20
40 242 83
40 243 58
40 125 13
41 259 82
41 228 7
41 133 49
41 266 6
41 203 11
41 44 71
41 132 36
41 273 10
41 147 23
41 74 44
41 149 3
41 56 8
41 184 46
41 234 54
41 90 26
41 298 64
41 220 2
41 42 24
41 126 61
41 101 90
42 225 92
42 259 38
42 295 40
42 73 60
42 171 32
42 204 97
42 110 74
42 174 59
42 203 31
42 117 100
42 86 80
42 87 1
42 282 34
42 219 60
42 215 93
42 223 4
43 138 96
43 269 49
43 142 6
43 156 58
43 158 71
43 159 62
43 297 46
43 170 73
43 173 26
43 51 44
43 52 79
43 55 6
43 187 97
43 63 57
43 203 38
43 77 50
43 206 26
43 80 100
43 227 77
43 292 79
43 91 30
43 99 54
43 232 24
43 238 58
43 117 58
43 169 15
43 252 99
44 131 65
44 267 55
44 143 35
44 275 92
44 279 100
44 280 50
44 293 81
44 171 18
44 173 67
44 46 30
44 192 8
44 69 57
44 76 21
44 81 10
44 156 16
44 226 11
44 228 70
44 229 80
44 232 67
44 112 46
44 252 9
45 256 84
45 128 78
45 261 57
45 135 72
45 140 4
45 142 23
45 163 50
45 46 10
45 177 33
45 184 47
45 58 19
45 194 44
45 67 46
45 201 34
45 202 93
45 75 93
45 77 74
45 80 33
45 56 100
45 215 48
45 93 31
45 225 39
45 227 84
45 103 91
45 232 81
45 237 59
45 240 45
45 116 53
45 247 83
45 123 76
46 268 52
46 142 19
46 131 81
46 137 99
46 289 42
46 166 100
46 169 40
46 171 47
46 176 35
46 50 76
46 180 6
46 265 58
46 62 53
46 195 25
46 55 86
46 77 62
46 217 5
46 90 54
46 219 54
46 97 91
46 113 18
46 116 67
46 190 56
47 129 48
47 162 83
47 163 85
47 197 50
47 51 88
47 161 91
47 275 79
47 201 3
47 176 11
47 109 82
47 136 96
47 272 44
47 99 32
47 259 44
47 54 23
47 88 38
47 91 72
47 58 83
48 261 74
48 139 15
48 285 39
48 159 5
48 290 94
48 291 2
48 165 92
48 295 81
48 296 68
48 64 25
48 68 80
48 75 64
48 162 99
48 209 9
48 82 0
48 83 57
48 215 4
48 228 79
48 223 48
48 100 72
48 117 51
48 119 32
48 248 44
48 253 78
48 127 4
49 257 66
49 271 49
49 272 60
49 277 95
49 151 92
49 280 45
49 283 57
49 158 63
49 291 76
49 169 91
49 173 16
49 191 75
49 71 36
49 206 23
49 208 62
49 212 25
49 87 50
49 227 63
49 237 77
49 111 77
49 113 87
49 118 75
49 251 96
49 148 7
49 63 75
49 253 24
50 256 81
50 257 43
50 137 51
50 278 35
50 157 1
50 286 62
50 159 45
50 162 16
50 293 3
50 169 83
50 187 98
50 188 69
50 189 41
50 62 52
50 191 20
50 74 58
50 76 68
50 205 82
50 209 41
50 210 1
50 86 97
50 89 21
50 102 29
50 105 58
50 237 5
50 168 5
50 251 82
51 98 32
51 229 63
51 119 50
51 87 19
51 108 57
51 290 61
51 206 50
51 210 90
51 180 7
51 158 87
51 118 86
51 121 99
51 79 7
51 281 52
51 286 44
51 52 31
52 260 97
52 179 23
52 139 85
52 150 9
52 279 97
52 281 81
52 282 66
52 261 17
52 178 84
52 56 99
52 187 18
52 119 39
52 205 79
52 208 34
52 82 78
52 212 93
52 85 34
52 88 42
52 220 4
52 221 15
52 104 14
52 210 8
52 110 25
52 116 1
52 247 89
52 153 7
53 263 82
53 238 57
53 279 78
53 285 42
53 289 19
53 170 94
53 172 30
53 186 63
53 61 8
53 67 6
53 196 98
53 197 16
53 72 36
53 206 38
53 217 29
53 221 84
53 110 22
53 239 59
54 132 0
54 67 40
54 292 38
54 70 71
54 103 13
54 188 55
54 202 50
54 75 13
54 125 89
54 208 79
54 275 67
54 279 100
54 84 43
54 252 20
54 159 68
55 263 35
55 281 38
55 165 78
55 168 3
55 175 0
55 190 88
55 191 90
55 193 62
55 68 69
55 203 22
55 89 59
55 219 27
55 92 67
55 230 54
55 112 43
55 296 47
55 252 84
55 253 41
56 164 92
56 166 88
56 71 80
56 106 50
56 237 18
56 77 74
56 208 12
56 193 51
56 276 19
56 155 71
56 284 93
57 259 87
57 267 60
57 272 26
57 157 80
57 287 29
57 288 45
57 161 62
57 296 31
57 243 1
57 189 96
57 194 57
57 201 31
57 76 86
57 79 66
57 211 52
57 92 88
57 93 73
57 94 91
57 95 90
57 225 25
57 98 61
57 230 29
57 103 24
57 108 49
57 115 35
57 117 9
57 251 90
58 128 16
58 270 53
58 154 50
58 285 73
58 166 56
58 169 32
58 298 63
58 158 83
58 184 81
58 190 51
58 199 6
58 85 70
58 237 83
58 116 35
58 297 89
58 249 50
58 252 72
58 126 36
58 255 39
59 256 86
59 192 19
59 66 93
59 164 85
59 262 31
59 193 82
59 233 15
59 158 3
59 107 44
59 258 80
59 238 50
59 79 4
59 296 83
59 181 97
59 216 27
59 223 18
60 129 50
60 258 89
60 132 1
60 136 3
60 147 10
60 159 62
60 296 54
60 178 51
60 243 86
60 184 8
60 185 26
60 64 13
60 66 96
60 195 94
60 199 23
60 209 97
60 212 85
60 86 68
60 216 56
60 90 71
60 222 48
60 102 62
60 235 80
60 111 21
60 115 54
60 249 14
60 126 27
61 131 58
61 266 18
61 142 75
61 289 3
61 293 36
61 295 98
61 170 3
61 178 95
61 183 89
61 189 89
61 161 0
61 202 9
61 92 78
61 221 25
61 230 28
61 105 36
61 254 84
62 261 67
62 266 98
62 277 6
62 281 82
62 153 46
62 295 13
62 171 41
62 183 72
62 287 7
62 73 85
62 215 60
62 216 85
62 103 34
62 243 85
62 249 0
62 125 46
62 126 33
63 151 96
63 158 7
63 167 16
63 178 7
63 180 35
63 286 63
63 192 53
63 201 30
63 78 19
63 207 31
63 94 16
63 97 52
63 227 12
63 115 9
63 118 69
63 121 30
63 123 44
63 126 4
64 262 0
64 263 93
64 258 92
64 142 23
64 145 79
64 275 19
64 280 20
64 285 19
64 156 3
64 172 56
64 174 48
64 175 76
64 180 14
64 188 59
64 192 47
64 209 34
64 82 76
64 213 98
64 284 16
64 89 8
64 218 52
64 91 89
64 224 51
64 104 7
64 239 92
64 112 21
64 169 2
64 250 69
64 125 15
65 137 87
65 268 51
65 283 34
65 285 28
65 240 38
65 165 9
65 221 80
65 176 0
65 193 74
65 194 36
65 195 76
65 201 93
65 206 74
65 86 51
65 93 56
65 222 93
65 123 2
65 232 57
65 237 66
65 112 18
65 243 3
65 116 86
65 251 84
66 131 7
66 137 23
66 269 82
66 287 64
66 161 84
66 299 33
66 177 2
66 195 37
66 196 41
66 197 3
66 289 13
66 72 76
66 206 84
66 216 35
66 103 83
66 106 41
66 236 88
66 109 90
67 129 1
67 131 12
67 260 99
67 162 6
67 268 95
67 172 73
67 205 63
67 99 24
67 218 10
67 188 71
67 109 47
68 256 68
68 129 76
68 263 6
68 139 76
68 147 83
68 148 58
68 151 2
68 156 53
68 158 5
68 289 45
68 292 56
68 175 98
68 198 88
68 206 65
68 209 99
68 211 14
68 88 6
68 233 40
68 224 75
68 97 29
68 294 53
68 231 10
68 105 63
68 110 98
68 116 47
68 118 52
68 119 34
68 121 24
68 253 68
69 134 0
69 138 76
69 268 65
69 141 37
69 143 99
69 275 46
69 279 11
69 286 81
69 289 0
69 291 25
69 168 85
69 198 16
69 199 67
69 203 7
69 80 15
69 212 63
69 220 66
69 110 78
69 240 44
69 118 64
69 250 55
69 251 43
70 224 14
70 91 26
70 292 16
70 150 16
70 211 78
70 159 26
70 172 86
70 269 15
70 285 49
70 240 63
70 82 88
70 243 92
70 182 11
70 155 65
70 125 33
70 255 62
71 133 8
71 268 26
71 144 84
71 146 31
71 285 77
71 287 47
71 167 29
71 296 59
71 175 15
71 178 87
71 179 83
71 185 75
71 189 52
71 193 20
71 198 32
71 74 8
71 211 80
71 87 36
71 218 36
71 106 71
71 236 1
71 239 59
71 117 84
72 203 65
72 134 51
72 232 57
72 107 12
72 110 31
72 241 98
72 146 43
72 147 13
72 180 31
72 171 36
72 213 27
72 281 41
72 255 75
72 199 9
73 262 26
73 264 75
73 216 18
73 147 51
73 290 8
73 134 42
73 175 75
73 194 17
73 206 60
73 120 60
73 212 97
73 87 37
73 88 81
73 217 60
73 90 44
73 103 11
73 236 81
73 112 93
73 248 20
74 261 66
74 270 33
74 274 97
74 278 57
74 288 43
74 296 43
74 169 100
74 174 38
74 175 51
74 190 77
74 207 88
74 82 44
74 85 32
74 284 46
74 217 94
74 96 41
74 232 15
74 246 62
74 124 82
75 129 21
75 259 88
75 267 76
75 141 14
75 237 98
75 145 14
75 274 38
75 158 17
75 293 15
75 295 98
75 298 65
75 172 94
75 191 22
75 193 85
75 205 92
75 218 95
75 108 31
75 146 52
75 111 49
75 112 48
75 242 83
75 243 95
75 249 25
75 255 39
76 256 53
76 136 71
76 142 26
76 280 79
76 282 59
76 287 34
76 169 52
76 174 16
76 184 4
76 224 22
76 194 42
76 195 38
76 196 66
76 200 28
76 290 0
76 207 49
76 80 71
76 270 96
76 219 67
76 94 2
76 96 13
76 104 18
76 106 35
76 110 77
76 116 67
76 254 23
77 133 30
77 134 28
77 139 57
77 143 90
77 144 28
77 274 21
77 277 24
77 151 15
77 161 11
77 290 38
77 293 96
77 188 73
77 195 20
77 201 24
77 81 51
77 213 63
77 216 12
77 89 76
77 165 87
77 98 1
77 101 31
77 253 27
78 132 21
78 137 17
78 140 65
78 271 3
78 144 92
78 145 94
78 281 95
78 152 76
78 153 85
78 282 13
78 298 40
78 197 26
78 209 93
78 82 41
78 213 10
78 167 10
78 236 12
78 191 44
79 139 74
79 153 40
79 154 64
79 160 30
79 164 81
79 297 69
79 172 7
79 183 49
79 186 77
79 189 74
79 195 29
79 209 90
79 91 10
79 93 39
79 227 59
79 240 91
79 243 9
79 246 44
79 122 36
79 125 49
79 126 69
80 299 43
80 136 34
80 266 66
80 139 38
80 269 88
80 142 75
80 273 52
80 148 68
80 171 23
80 279 99
80 285 85
80 158 99
80 291 15
80 293 46
80 167 73
80 170 31
80 172 15
80 286 34
80 288 56
80 194 62
80 198 58
80 205 56
80 212 49
80 94 94
80 227 27
80 231 11
80 247 19
80 250 78
80 253 0
81 262 31
81 264 73
81 151 27
81 146 33
81 279 0
81 152 62
81 293 61
81 177 81
81 189 96
81 190 61
81 195 51
81 84 55
81 92 12
81 234 98
81 107 79
81 109 72
81 117 15
81 249 35
81 254 17
82 262 69
82 144 36
82 274 32
82 275 33
82 283 56
82 286 52
82 290 60
82 190 62
82 196 64
82 199 93
82 85 77
82 218 11
82 223 47
82 294 55
82 103 39
82 105 84
82 234 2
82 240 37
82 116 31
82 246 94
83 129 47
83 130 18
83 133 87
83 141 98
83 281 30
83 153 97
83 283 1
83 286 86
83 287 20
83 162 74
83 294 38
83 183 24
83 209 59
83 212 9
83 216 96
83 218 8
83 224 62
83 98 43
83 237 5
83 110 76
83 113 35
83 244 69
83 117 13
84 131 48
84 263 30
84 151 35
84 152 86
84 153 83
84 162 59
84 291 2
84 294 58
84 296 72
84 297 49
84 298 50
84 179 13
84 196 76
84 212 0
84 214 20
84 87 72
84 218 8
84 103 95
84 106 98
84 112 29
84 211 91
84 250 58
85 140 65
85 130 95
85 148 28
85 284 59
85 158 11
85 159 51
85 298 68
85 93 54
85 94 55
85 191 32
85 199 89
85 203 78
85 208 71
85 209 68
85 213 57
85 90 29
85 186 47
85 222 26
85 230 81
85 240 24
85 125 82
86 130 33
86 260 14
86 265 31
86 266 39
86 141 64
86 142 29
86 146 77
86 148 0
86 192 31
86 202 88
86 207 47
86 216 7
86 220 77
86 228 16
86 102 98
86 109 68
86 114 8
86 116 94
86 252 85
87 274 72
87 150 58
87 152 27
87 156 17
87 288 55
87 291 50
87 166 39
87 299 2
87 181 0
87 192 50
87 195 76
87 218 64
87 93 77
87 233 51
87 236 72
87 247 100
87 251 4
88 128 74
88 129 20
88 130 25
88 140 19
88 275 42
88 276 45
88 281 89
88 155 65
88 159 36
88 161 11
88 296 51
88 185 91
88 207 6
88 93 76
88 232 95
88 233 69
88 119 43
88 122 46
89 132 9
89 262 85
89 141 40
89 152 88
89 281 27
89 157 96
89 287 65
89 166 45
89 169 80
89 171 37
89 173 53
89 189 11
89 190 22
89 207 95
89 212 85
89 225 51
89 232 6
89 234 41
89 238 61
89 119 58
89 121 47
89 251 43
89 253 83
89 126 35
90 261 64
90 147 42
90 148 85
90 160 63
90 169 15
90 177 100
90 178 2
90 179 95
90 193 34
90 199 26
90 204 92
90 208 87
90 215 20
90 219 40
90 235 68
90 110 48
90 117 34
90 122 56
91 192 95
91 132 64
91 261 61
91 267 51
91 196 78
91 217 94
91 92 76
91 223 3
91 119 31
91 248 47
91 122 21
92 131 57
92 135 6
92 271 45
92 278 76
92 154 30
92 158 56
92 172 4
92 189 71
92 199 52
92 212 75
92 185 86
92 219 100
92 112 49
92 241 22
92 245 51
92 246 72
92 120 67
93 267 73
93 173 51
93 286 76
93 167 92
93 191 44
93 139 1
93 199 15
93 205 35
93 217 3
93 105 23
93 235 95
93 237 38
93 244 80
93 246 10
93 120 63
93 122 76
93 251 65
94 130 8
94 131 33
94 264 93
94 271 88
94 283 59
94 293 89
94 287 77
94 197 24
94 206 64
94 211 46
94 212 51
94 219 19
94 225 30
94 227 9
94 238 74
94 114 49
94 116 17
94 249 55
95 129 1
95 137 85
95 141 87
95 252 84
95 278 76
95 153 52
95 294 68
95 295 55
95 299 94
95 175 75
95 196 92
95 214 66
95 101 60
95 224 31
95 226 79
95 99 79
95 100 89
95 229 74
95 233 100
95 108 36
95 238 13
95 240 48
95 124 0
95 253 93
95 127 48
96 160 2
96 155 21
96 261 84
96 166 89
96 263 59
96 232 47
96 105 1
96 138 56
96 248 4
96 213 26
96 247 1
96 120 93
96 121 80
96 219 50
96 156 2
96 106 95
97 135 38
97 264 55
97 273 49
97 279 97
97 152 58
97 154 35
97 167 7
97 172 45
97 173 73
97 185 66
97 188 87
97 192 78
97 203 25
97 208 36
97 225 85
97 100 5
97 233 4
97 235 34
97 110 47
97 248 30
97 121 92
98 257 42
98 146 7
98 147 64
98 281 27
98 292 90
98 174 71
98 177 22
98 188 26
98 228 41
98 219 81
98 221 58
98 223 63
98 100 6
98 108 32
98 113 73
98 114 17
98 246 25
98 123 49
98 253 62
98 126 45
99 192 52
99 149 21
99 131 26
99 228 13
99 231 46
99 296 84
99 172 66
99 289 40
99 146 87
99 163 21
99 121 30
99 245 31
99 247 11
99 281 41
99 188 68
99 285 4
99 213 61
100 266 69
100 278 71
100 155 94
100 290 64
100 170 59
100 181 42
100 192 28
100 199 3
100 205 90
100 206 90
100 207 92
100 208 48
100 218 76
100 235 56
100 108 39
100 123 56
101 258 48
101 263 17
101 265 49
101 138 59
101 141 38
101 142 72
101 282 34
101 285 57
101 287 34
101 197 57
101 204 37
101 208 6
101 218 85
101 230 32
101 104 11
101 235 1
101 237 44
101 111 95
101 241 5
101 123 52
102 131 92
102 267 70
102 143 21
102 151 20
102 153 12
102 163 34
102 168 82
102 112 37
102 289 11
102 203 18
102 210 50
102 218 58
102 222 55
102 223 17
102 233 57
102 108 77
102 109 69
102 240 80
102 119 24
102 122 51
102 247 94
103 130 49
103 276 35
103 149 6
103 150 78
103 299 16
103 176 91
103 184 52
103 187 13
103 200 59
103 224 88
103 240 96
103 248 69
103 122 25
104 257 52
104 265 61
104 140 54
104 270 88
104 144 38
104 155 74
104 156 42
104 166 48
104 295 19
104 179 35
104 185 92
104 187 49
104 188 56
104 212 92
104 110 29
104 119 18
105 263 16
105 265 14
105 140 64
105 271 21
105 274 75
105 149 56
105 154 52
105 162 5
105 163 21
105 166 97
105 194 49
105 212 10
105 235 28
105 238 46
105 120 74
105 124 27
105 255 49
106 260 95
106 294 1
106 107 23
106 290 72
106 164 45
106 120 53
106 275 65
106 244 85
106 212 83
106 299 52
106 217 67
106 250 85
107 132 91
107 266 93
107 276 21
107 152 11
107 157 75
107 159 20
107 160 56
107 299 71
107 179 94
107 182 12
107 192 46
107 198 75
107 221 91
107 240 79
107 241 43
107 242 54
107 248 38
107 234 75
108 256 86
108 138 38
108 268 22
108 141 70
108 142 63
108 271 39
108 273 27
108 274 64
108 149 25
108 155 98
108 157 99
108 288 31
108 167 67
108 299 95
108 179 79
108 182 40
108 190 43
108 140 3
108 210 94
108 221 86
108 222 46
108 110 66
108 243 88
108 245 75
108 118 84
108 125 67
109 128 14
109 266 12
109 267 80
109 194 100
109 143 42
109 277 43
109 298 21
109 264 7
109 188 18
109 197 19
109 199 6
109 203 70
109 209 13
109 217 79
109 233 1
109 112 29
110 258 74
110 259 64
110 260 88
110 261 77
110 269 54
110 157 69
110 286 5
110 190 27
110 197 56
110 222 14
110 234 58
110 113 84
111 258 24
111 132 18
111 261 7
111 266 100
111 268 27
111 269 35
111 276 98
111 155 58
111 163 11
111 173 52
111 176 4
111 178 64
111 183 8
111 185 16
111 187 99
111 211 28
111 229 17
111 224 5
111 272 29
111 242 26
111 118 15
112 257 76
112 259 21
112 274 91
112 150 39
112 153 77
112 280 66
112 155 23
112 284 41
112 158 13
112 160 49
112 290 27
112 292 10
112 172 33
112 185 87
112 189 39
112 194 47
112 197 24
112 131 66
112 232 96
112 233 100
112 236 72
112 147 21
112 122 90
112 183 43
112 126 52
113 130 22
113 261 85
113 135 17
113 258 60
113 144 79
113 287 63
113 169 79
113 180 49
113 182 6
113 204 64
113 210 98
113 215 82
113 219 1
113 220 64
113 221 67
113 227 77
113 241 11
113 117 9
113 247 89
113 248 47
113 122 5
113 127 61
114 265 84
114 274 98
114 278 40
114 279 57
114 165 46
114 186 20
114 191 81
114 193 26
114 212 33
114 219 46
114 221 51
114 235 18
114 115 75
114 120 24
114 123 31
114 252 66
114 255 29
115 263 37
115 147 58
115 277 78
115 278 16
115 151 69
115 280 33
115 285 27
115 161 38
115 293 9
115 166 95
115 180 15
115 181 75
115 186 62
115 194 54
115 218 46
115 231 41
115 235 12
115 236 15
115 238 66
115 246 38
116 128 63
116 129 43
116 259 30
116 260 82
116 134 52
116 264 24
116 141 98
116 142 75
116 147 84
116 148 18
116 278 45
116 285 36
116 161 46
116 298 38
116 209 4
116 236 15
116 237 49
116 121 93
116 126 61
116 127 74
117 256 42
117 129 12
117 261 66
117 143 27
117 153 3
117 156 25
117 288 38
117 165 50
117 171 13
117 174 86
117 183 50
117 194 85
117 203 43
117 217 75
117 223 22
117 228 12
117 233 7
117 234 77
117 236 1
117 243 65
117 245 53
117 248 30
117 123 79
118 141 84
118 148 72
118 149 25
118 281 98
118 283 26
118 292 90
118 297 27
118 174 90
118 178 53
118 186 2
118 189 10
118 193 6
118 213 0
118 217 48
118 219 76
118 222 99
118 248 7
118 123 4
118 252 81
118 254 87
119 128 35
119 130 75
119 135 32
119 136 62
119 270 40
119 280 41
119 285 91
119 162 100
119 295 94
119 169 66
119 298 13
119 179 22
119 191 12
119 217 72
119 222 82
119 223 60
119 237 71
119 249 13
120 259 88
120 140 38
120 141 72
120 146 9
120 279 9
120 286 53
120 169 48
120 174 72
120 180 38
120 185 84
120 189 78
120 204 32
120 209 83
120 212 5
120 217 62
120 220 22
120 226 2
120 251 7
121 258 73
121 261 99
121 263 66
121 136 77
121 267 83
121 150 63
121 155 83
121 285 49
121 290 49
121 166 42
121 295 76
121 299 31
121 187 83
121 199 31
121 223 83
121 236 36
121 124 41
122 260 6
122 273 77
122 271 32
122 145 68
122 158 37
122 261 9
122 221 37
122 183 72
122 188 75
122 191 82
122 198 92
122 225 92
122 233 98
122 243 93
122 246 79
122 249 43
122 124 60
123 261 18
123 134 23
123 138 1
123 143 27
123 147 16
123 157 100
123 286 98
123 165 18
123 183 46
123 186 57
123 187 93
123 188 82
123 212 81
123 217 11
123 233 14
123 237 38
123 243 34
123 255 32
124 261 9
124 140 40
124 279 21
124 159 68
124 294 0
124 169 67
124 186 67
124 202 62
124 203 95
124 210 54
124 235 89
124 236 63
124 243 38
124 255 76
125 150 78
125 283 79
125 194 13
125 212 40
125 214 46
125 219 87
125 222 64
125 233 65
125 239 86
125 126 48
126 128 72
126 130 20
126 141 39
126 142 78
126 150 4
126 162 63
126 298 81
126 193 40
126 201 76
126 207 6
126 186 37
126 221 43
126 239 68
126 242 96
126 250 68
127 257 2
127 187 54
127 196 0
127 166 64
127 265 28
127 173 81
127 175 99
127 176 100
127 195 8
127 155 92
127 172 55
128 256 92
128 269 44
128 145 24
128 153 39
128 160 86
128 291 35
128 178 77
128 194 2
128 204 55
128 205 5
128 208 95
128 211 5
128 231 93
129 269 96
129 144 61
129 274 12
129 149 18
129 285 80
129 165 8
129 174 36
129 176 90
129 184 18
129 193 61
129 194 93
129 160 29
129 212 77
129 224 10
129 246 90
129 249 76
130 131 8
130 262 49
130 277 46
130 153 25
130 288 51
130 292 16
130 293 45
130 294 74
130 296 89
130 170 66
130 188 8
130 189 13
130 192 5
130 197 70
130 201 38
130 209 97
130 212 37
130 220 48
130 238 66
131 256 39
131 146 6
131 147 13
131 155 46
131 156 40
131 171 59
131 222 45
131 197 69
131 204 100
131 275 8
131 247 55
132 137 78
132 138 2
132 277 42
132 158 64
132 161 11
132 219 82
132 295 3
132 174 70
132 192 57
132 201 44
132 208 61
132 232 62
132 247 15
132 249 11
133 257 95
133 261 5
133 149 50
133 280 88
133 282 3
133 173 1
133 176 30
133 179 5
133 137 94
133 193 87
133 196 35
133 210 36
133 216 89
133 217 70
133 211 0
133 248 66
134 288 79
134 289 26
134 155 64
134 161 88
134 166 6
134 277 89
134 174 68
134 245 44
134 169 98
134 297 16
134 287 51
135 256 94
135 272 72
135 278 85
135 151 29
135 152 25
135 155 23
135 159 36
135 162 66
135 167 31
135 170 52
135 177 57
135 185 65
135 192 54
135 238 63
135 252 11
136 274 63
136 149 50
136 154 86
136 161 70
136 293 100
136 198 38
136 217 74
136 233 47
136 238 47
136 241 18
136 244 18
137 138 65
137 282 16
137 283 50
137 163 37
137 165 53
137 177 5
137 181 18
137 223 82
137 202 54
137 220 57
137 224 76
137 233 28
137 236 63
137 247 9
137 251 11
138 266 8
138 283 3
138 285 47
138 289 3
138 296 5
138 173 58
138 188 99
138 205 91
138 210 36
138 219 18
138 239 66
138 242 66
138 246 0
138 247 50
139 171 44
139 261 38
139 262 53
139 264 97
139 148 88
139 150 45
139 285 20
139 294 78
139 170 60
139 299 70
139 203 59
139 215 49
139 217 66
139 220 97
139 222 56
139 225 71
139 233 88
139 242 77
139 244 36
139 276 81
140 143 65
140 145 29
140 276 75
140 153 92
140 282 3
140 290 90
140 170 92
140 172 64
140 180 11
140 181 22
140 187 82
140 200 26
140 201 29
140 210 59
140 223 91
140 242 77
140 244 91
140 246 22
140 247 18
140 249 56
140 298 56
141 257 41
141 157 24
141 160 26
141 171 85
141 183 56
141 191 57
141 267 76
141 237 37
141 246 37
142 264 63
142 147 20
142 287 49
142 170 57
142 185 36
142 196 34
142 200 72
142 217 83
142 236 45
142 239 16
142 242 50
142 245 19
142 253 23
143 261 12
143 262 14
143 267 100
143 276 24
143 286 75
143 163 94
143 171 31
143 202 21
143 204 39
143 209 52
143 223 46
143 251 20
143 229 54
143 240 47
144 258 69
144 272 62
144 277 34
144 286 77
144 287 43
144 166 71
144 174 0
144 175 18
144 185 67
144 187 65
144 188 68
144 200 74
144 201 100
144 205 21
144 207 93
144 229 99
144 252 80
145 230 12
145 172 26
145 199 78
145 161 7
145 175 66
145 272 33
145 270 51
145 147 12
145 148 35
145 217 85
145 255 43
146 262 70
146 278 48
146 279 12
146 283 82
146 248 53
146 160 49
146 164 6
146 167 59
146 186 0
146 187 49
146 190 65
146 227 14
146 219 84
146 238 60
146 239 12
146 211 54
147 256 63
147 271 4
147 274 92
147 276 14
147 288 43
147 164 64
147 172 24
147 243 26
147 244 7
147 199 85
147 207 23
147 214 47
147 233 9
147 252 21
148 268 39
148 270 73
148 149 72
148 155 36
148 160 62
148 161 31
148 295 18
148 170 21
148 176 26
148 180 70
148 184 87
148 190 57
148 195 95
148 205 14
148 206 1
148 211 15
148 228 6
148 251 60
148 253 46
149 267 43
149 272 32
149 281 45
149 290 24
149 164 23
149 165 30
149 170 43
149 172 42
149 185 62
149 195 76
149 232 75
149 234 32
149 246 17
149 248 32
150 260 68
150 272 8
150 289 87
150 165 32
150 299 45
150 178 100
150 183 67
150 193 93
150 195 73
150 211 10
150 227 11
150 242 35
151 256 92
151 259 86
151 270 46
151 275 88
151 279 18
151 153 28
151 156 53
151 296 71
151 195 94
151 201 51
151 227 82
151 255 61
152 288 10
152 267 15
152 164 39
152 235 10
152 180 65
152 177 29
152 210 99
152 228 75
152 189 17
153 277 91
153 295 0
153 245 25
153 184 17
153 276 49
154 192 98
154 162 12
154 257 86
154 264 47
154 270 82
154 241 29
154 274 43
154 243 16
154 201 78
154 218 18
154 287 20
155 262 19
155 236 2
155 285 93
155 162 41
155 291 33
155 167 56
155 182 36
155 194 29
155 202 30
155 209 20
155 163 61
155 212 48
155 235 96
155 238 63
156 256 91
156 261 63
156 265 45
156 268 48
156 271 26
156 276 80
156 196 76
156 286 33
156 176 26
156 195 19
156 203 37
156 217 1
156 223 47
156 165 46
156 240 56
156 244 59
156 248 53
157 299 85
157 260 43
157 261 82
157 286 86
157 163 0
157 296 65
157 171 52
157 181 11
157 188 7
157 196 29
157 206 66
157 213 38
157 228 76
157 230 78
157 235 12
157 246 3
157 251 66
157 254 93
158 257 32
158 274 72
158 164 79
158 196 83
158 201 18
158 216 39
158 219 44
158 244 8
158 248 60
158 253 35
159 258 89
159 269 89
159 277 41
159 286 80
159 290 27
159 164 68
159 241 61
159 168 65
159 203 40
159 212 67
159 217 31
159 224 75
159 234 34
159 240 3
159 253 88
160 263 32
160 267 17
160 283 7
160 161 72
160 197 86
160 199 76
160 200 56
160 211 56
160 227 2
160 232 62
161 269 7
161 169 38
161 180 96
161 198 58
161 207 4
161 224 15
161 231 91
161 253 74
162 282 23
162 287 26
162 289 1
162 283 47
162 297 8
162 185 73
162 198 46
162 200 51
162 204 70
162 232 97
162 239 49
162 241 30
162 253 72
163 256 39
163 270 30
163 274 78
163 283 17
163 177 1
163 178 0
163 182 77
163 211 6
163 221 55
163 223 28
163 230 88
163 242 12
163 245 6
164 266 18
164 275 49
164 260 56
164 286 58
164 296 7
164 185 54
164 198 40
164 201 78
164 208 70
164 212 95
164 220 90
164 222 11
164 242 51
165 292 93
165 299 84
165 175 88
165 184 16
165 194 68
165 195 18
165 198 26
165 211 60
165 225 30
165 240 57
165 241 69
166 281 75
166 292 72
166 183 87
166 201 43
166 206 55
166 208 35
166 236 74
167 267 96
167 281 7
167 288 77
167 283 19
167 168 25
167 179 78
167 180 15
167 184 27
167 191 8
167 192 61
167 194 29
167 248 70
167 254 65
168 257 67
168 279 26
168 170 14
168 189 93
168 202 46
168 203 10
168 210 3
168 211 30
168 216 89
168 217 4
168 230 42
168 236 87
168 249 1
168 254 81
169 192 74
169 261 70
169 280 74
169 294 60
169 172 96
169 175 19
169 202 86
169 194 39
169 198 38
169 201 94
169 215 67
169 224 78
169 232 49
169 233 5
169 235 41
169 238 39
169 244 68
169 246 79
169 249 9
170 257 16
170 260 77
170 261 63
170 262 29
170 272 65
170 280 39
170 282 67
170 289 38
170 294 57
170 173 4
170 179 0
170 212 59
170 218 17
170 219 35
170 237 43
170 240 93
170 241 13
171 281 96
171 288 15
171 174 46
171 180 48
171 186 3
171 187 92
171 215 53
171 229 96
171 230 14
171 236 77
171 190 63
172 264 67
172 287 40
172 291 72
172 178 10
172 190 75
172 199 93
172 207 24
172 208 4
172 222 85
172 233 43
172 237 35
172 250 55
173 258 42
173 299 5
173 288 25
173 295 59
173 174 42
173 186 36
173 225 4
173 231 43
173 233 6
173 234 1
173 245 10
173 248 43
173 254 56
174 275 54
174 282 23
174 183 96
174 191 10
174 207 98
174 220 81
174 239 70
174 255 70
175 272 57
175 285 88
175 299 18
175 176 58
175 177 91
175 195 35
175 197 90
175 200 100
175 202 8
175 216 35
175 224 51
175 233 47
175 246 20
175 251 70
176 265 26
176 270 98
176 279 100
176 280 27
176 287 54
176 177 88
176 182 63
176 183 23
176 184 46
176 224 59
176 234 8
176 244 26
176 248 71
177 267 85
177 278 67
177 299 2
177 180 12
177 216 97
177 219 20
177 272 38
178 264 88
178 290 94
178 298 7
178 183 35
178 180 53
178 189 92
178 195 30
178 205 69
178 214 64
178 215 6
178 225 22
178 228 77
178 240 86
178 251 66
178 254 24
179 272 69
179 278 3
179 261 74
179 209 61
179 221 38
179 231 78
179 298 50
180 278 30
180 264 91
180 267 77
180 277 67
180 279 54
180 296 97
180 297 59
180 182 97
180 206 43
180 247 97
180 250 77
180 254 66
181 278 90
181 243 13
181 205 13
181 208 52
181 245 4
181 220 27
181 221 95
182 273 2
182 281 72
182 290 96
182 191 39
182 194 40
182 204 81
182 229 79
182 230 12
182 232 98
182 245 0
182 249 6
183 293 35
183 243 77
183 204 78
183 215 75
183 227 16
183 233 23
183 251 50
184 256 11
184 268 42
184 269 34
184 270 20
184 271 28
184 281 17
184 286 74
184 296 58
184 195 99
184 199 42
184 211 91
184 214 42
184 229 67
184 241 32
184 249 36
185 282 77
185 295 89
185 290 84
185 207 6
185 221 71
185 222 84
185 225 20
185 245 43
185 255 89
186 259 37
186 272 32
186 283 7
186 296 68
186 195 77
186 197 88
186 201 46
186 208 3
186 210 43
186 240 81
187 262 11
187 287 22
187 299 2
187 191 90
187 206 71
187 272 45
187 246 67
187 250 1
188 265 98
188 267 12
188 278 97
188 290 15
188 296 38
188 198 10
188 203 66
188 209 21
188 227 36
188 226 34
188 243 10
188 253 54
189 260 92
189 270 38
189 279 16
189 287 75
189 210 59
189 211 67
189 216 63
189 233 97
189 249 53
189 254 100
190 272 22
190 238 34
190 279 26
190 282 18
190 199 96
190 215 82
190 223 85
190 235 19
190 250 60
190 251 77
190 254 31
191 273 86
191 277 71
191 279 14
191 192 92
191 242 95
192 277 90
192 285 19
192 224 28
192 229 36
193 233 72
193 234 29
193 231 0
193 208 8
193 251 93
193 218 87
193 230 5
194 256 14
194 290 99
194 266 89
194 219 98
194 221 11
194 225 82
194 228 74
194 297 81
194 255 78
195 266 38
195 285 11
195 198 78
195 203 25
195 233 12
195 235 9
195 242 45
195 244 51
196 265 49
196 273 91
196 200 88
196 203 22
196 215 58
196 247 15
196 249 25
196 250 68
196 251 17
197 261 62
197 266 48
197 273 66
197 274 74
197 281 39
197 210 30
197 217 46
197 225 42
197 234 20
198 291 100
198 230 30
198 296 90
198 276 65
198 218 99
198 232 20
199 261 91
199 267 44
199 269 29
199 281 35
199 282 13
199 287 40
199 289 55
199 293 2
199 202 42
199 228 75
199 231 37
199 240 7
199 243 0
199 248 85
200 226 6
200 263 55
200 211 21
200 280 7
200 249 45
200 285 97
200 286 27
201 263 48
201 280 66
201 260 59
201 298 32
201 202 65
201 203 17
201 213 30
201 215 39
201 222 70
201 229 24
201 249 77
202 278 29
202 279 12
202 284 78
202 288 30
202 204 77
202 218 100
202 224 95
202 227 16
203 267 95
203 237 99
203 277 1
203 205 16
203 209 2
203 274 93
203 219 80
203 229 92
203 254 83
204 260 45
204 281 43
204 284 30
204 292 28
204 228 55
204 234 99
204 236 77
204 238 5
204 240 80
204 246 42
204 250 81
205 263 17
205 283 5
205 284 74
205 286 57
205 287 61
205 299 47
205 266 57
205 207 75
205 241 64
205 255 28
206 256 40
206 264 38
206 273 5
206 278 25
206 284 9
206 287 42
206 291 78
206 295 89
206 296 5
206 222 18
206 294 78
206 235 71
206 245 71
206 252 54
207 224 20
207 237 18
208 262 1
208 299 92
208 211 9
208 216 55
208 220 19
208 244 69
209 257 85
209 259 47
209 266 6
209 270 15
209 278 76
209 293 54
209 216 77
209 229 26
210 264 9
210 265 12
210 278 98
210 286 53
210 295 79
210 221 11
210 254 50
211 257 27
211 258 61
211 285 20
211 261 95
211 216 82
211 220 30
211 225 94
211 233 21
211 296 54
211 246 42
212 264 35
212 280 62
212 294 76
212 295 54
212 214 34
212 217 18
212 225 48
212 252 23
213 297 51
213 268 27
213 276 88
214 289 2
214 242 43
214 275 74
214 246 79
215 260 79
215 274 95
215 220 67
215 244 0
215 252 18
215 255 97
216 257 8
216 287 27
216 227 79
216 233 62
216 252 86
216 255 75
217 280 42
217 282 7
217 288 41
217 284 85
217 222 46
217 251 8
217 242 24
217 248 72
217 250 82
217 252 36
218 257 41
218 290 22
218 219 44
218 247 95
219 237 49
219 274 31
219 293 70
219 269 13
220 285 88
220 289 24
220 238 43
220 276 40
221 260 47
221 273 6
221 222 90
221 239 94
221 254 68
221 252 72
222 281 38
222 288 1
222 299 64
222 226 43
222 252 19
223 262 99
223 264 61
223 295 60
223 226 43
223 225 79
223 234 96
223 246 51
223 254 53
224 264 27
224 269 62
224 285 41
224 228 14
224 274 72
225 273 93
225 280 57
225 291 99
225 235 80
225 237 12
225 243 35
225 252 70
225 254 95
226 274 82
226 239 71
226 296 89
226 269 21
226 278 0
226 247 5
227 264 9
227 270 31
227 294 64
227 299 33
227 251 31
228 266 70
228 287 61
228 230 2
228 241 49
229 266 48
229 287 5
230 257 81
230 269 30
230 270 82
230 232 26
231 256 10
231 237 88
231 239 13
231 273 70
231 243 94
231 286 37
232 279 30
232 285 50
232 292 79
232 298 24
232 235 54
232 251 45
233 256 0
233 267 53
233 241 89
234 256 29
234 259 89
234 261 91
234 274 21
234 282 60
234 286 19
234 240 25
234 249 16
234 250 38
235 256 52
235 282 5
235 286 10
235 293 14
235 294 13
235 299 67
235 239 66
236 269 51
236 271 40
236 275 90
236 285 19
236 299 98
236 244 38
237 295 87
237 246 50
237 255 32
238 257 70
238 260 69
238 281 44
238 240 41
238 247 53
239 277 87
239 279 25
239 285 56
239 299 10
239 255 86
240 258 86
240 259 53
240 263 39
240 266 7
240 281 70
240 294 9
240 245 33
241 257 65
241 261 84
241 267 74
241 272 22
241 280 98
241 294 71
241 295 8
241 242 91
241 244 19
242 296 14
242 298 60
243 256 31
243 262 78
243 272 55
243 298 66
244 262 71
244 294 53
244 275 89
244 273 21
244 283 70
245 265 21
245 267 23
245 268 79
245 269 40
245 296 44
245 250 53
246 296 44
246 297 65
246 249 76
246 252 70
247 270 32
247 281 15
247 291 67
247 293 48
247 298 80
247 249 88
248 263 62
248 287 99
248 250 25
249 265 49
249 285 100
249 255 78
250 260 3
250 278 27
250 290 2
250 262 32
250 298 26
251 258 38
251 272 46
251 273 66
251 284 16
251 265 11
251 254 8
252 260 23
252 261 81
252 266 12
252 280 81
252 290 72
252 294 93
252 296 35
252 272 92
252 275 40
253 260 57
253 266 10
254 258 61
254 277 22
254 278 74
254 280 82
254 296 1
255 266 6
255 279 20
255 269 34
255 281 6
256 267 18
256 270 9
256 281 48
256 291 47
256 293 75
256 266 76
257 273 92
257 280 84
257 286 33
258 272 100
258 285 19
258 289 7
259 260 38
259 267 80
259 268 96
260 266 21
260 280 61
260 290 15
261 299 27
261 284 14
262 266 67
262 273 52
262 274 77
262 280 19
262 290 18
262 292 36
263 266 56
264 279 56
264 295 29
265 268 8
265 290 4
265 291 45
266 279 93
266 287 80
266 294 2
266 295 59
266 297 22
267 297 77
267 299 95
267 288 84
268 273 80
268 292 81
269 272 25
269 288 53
269 292 12
269 293 78
269 287 19
270 290 49
270 296 32
271 292 40
271 299 56
271 277 71
272 285 31
272 288 44
273 274 21
273 297 8
274 276 1
274 283 27
274 287 1
274 292 3
274 296 31
274 286 38
275 279 26
277 295 40
279 280 20
279 290 72
279 293 30
279 295 43
280 284 80
280 290 94
281 299 15
281 288 45
281 298 72
282 289 64
283 297 62
284 292 37
284 293 44
286 298 48
287 296 2
288 289 34
288 292 55
289 290 91
289 297 81
289 299 20
291 299 5
292 294 91
297 298 19
