300 4000
0 256 38
0 4 66
0 137 30
0 140 59
0 141 10
0 145 82
0 275 95
0 284 97
0 158 28
0 288 68
0 28 90
0 298 53
0 174 94
0 175 0
0 265 27
0 189 26
0 62 50
0 64 87
0 269 51
0 120 98
0 219 100
0 101 96
0 234 31
0 237 23
0 243 63
0 244 63
0 246 17
0 248 62
0 255 23
0 127 4
1 138 39
1 269 33
1 15 76
1 144 35
1 147 68
1 155 22
1 30 94
1 31 15
1 288 54
1 42 69
1 44 27
1 176 50
1 61 21
1 68 67
1 74 17
1 204 38
1 80 70
1 90 52
1 93 88
1 222 0
1 230 59
1 235 49
1 240 44
1 113 37
2 3 94
2 5 100
2 6 76
2 139 90
2 283 37
2 29 55
2 287 93
2 288 60
2 292 95
2 166 87
2 174 27
2 178 95
2 62 81
2 64 44
2 203 41
2 75 77
2 86 71
2 222 28
2 224 12
2 227 88
2 106 95
2 235 42
2 111 36
2 114 55
3 131 100
3 8 94
3 269 68
3 15 60
3 17 88
3 278 68
3 26 10
3 160 51
3 34 96
3 35 94
3 170 12
3 179 20
3 61 77
3 196 40
3 72 75
3 205 40
3 89 86
3 228 97
3 230 41
3 273 19
3 234 82
3 242 88
3 246 20
3 121 94
4 131 25
4 271 13
4 148 98
4 277 71
4 22 70
4 23 26
4 159 93
4 161 35
4 290 60
4 291 0
4 70 41
4 298 94
4 172 49
4 177 87
4 55 82
4 191 36
4 198 64
4 230 17
4 232 49
4 247 54
4 120 75
4 42 27
4 254 20
5 6 68
5 138 71
5 141 62
5 270 43
5 271 99
5 17 28
5 277 53
5 280 33
5 25 23
5 157 48
5 30 77
5 181 81
5 55 3
5 56 49
5 79 91
5 81 44
5 14 70
5 94 86
5 233 84
5 106 40
5 235 12
5 112 57
5 118 82
5 120 34
5 123 26
5 254 73
5 255 17
6 129 50
6 259 88
6 267 33
6 270 92
6 17 71
6 148 27
6 278 88
6 31 61
6 162 93
6 165 34
6 48 5
6 178 69
6 54 81
6 185 90
6 159 24
6 61 46
6 192 4
6 68 54
6 83 7
6 214 61
6 220 38
6 223 42
6 228 30
6 102 99
6 236 69
6 239 23
6 117 61
7 129 55
7 261 10
7 137 26
7 10 46
7 139 42
7 14 36
7 17 80
7 153 28
7 32 95
7 163 67
7 40 61
7 92 81
7 182 75
7 296 3
7 195 33
7 204 71
7 211 33
7 84 88
7 142 58
7 217 79
7 91 14
7 220 48
7 95 40
7 224 38
7 98 22
7 232 62
7 113 81
7 121 13
7 122 69
8 17 6
8 263 62
8 10 87
8 267 12
8 16 6
8 145 23
8 28 16
8 158 39
8 159 85
8 36 12
8 297 37
8 176 90
8 49 24
8 30 59
8 66 4
8 207 66
8 85 52
8 216 7
8 93 16
8 98 71
8 102 92
8 231 7
8 117 57
8 120 50
9 256 65
9 257 3
9 263 49
9 11 67
9 270 40
9 147 40
9 22 67
9 279 21
9 27 61
9 156 31
9 29 72
9 286 80
9 163 46
9 164 15
9 297 3
9 49 14
9 178 76
9 180 41
9 57 36
9 61 90
9 190 55
9 196 6
9 69 32
9 73 52
9 204 4
9 84 92
9 87 40
9 36 14
9 230 61
9 233 26
9 237 60
10 257 1
10 130 91
10 13 72
10 273 3
10 147 85
10 35 51
10 164 54
10 129 84
10 47 40
10 179 99
10 52 99
10 201 39
10 203 96
10 207 9
10 213 84
10 92 95
10 222 6
10 233 100
10 110 7
10 115 23
10 253 45
11 129 77
11 132 38
11 140 51
11 143 14
11 272 35
11 145 39
11 196 77
11 154 66
11 30 11
11 161 75
11 35 70
11 185 11
11 186 16
11 189 43
11 68 33
11 207 21
11 83 5
11 57 8
11 93 72
11 100 7
11 106 55
11 107 7
11 249 8
11 251 22
11 125 88
11 254 24
11 127 89
12 86 57
12 13 19
12 146 42
12 23 15
12 154 54
12 283 75
12 287 60
12 36 16
12 38 15
12 39 32
12 298 17
12 43 1
12 53 26
12 201 78
12 206 68
12 82 48
12 84 89
12 214 71
12 88 61
12 97 4
12 229 56
12 103 86
12 241 25
12 117 93
13 51 98
13 261 79
13 135 38
13 265 75
13 143 35
13 273 28
13 146 62
13 28 54
13 159 92
13 291 94
13 170 39
13 41 2
13 298 50
13 43 27
13 50 46
13 178 63
13 179 33
13 181 51
13 137 82
13 266 92
13 75 21
13 205 46
13 78 78
13 80 94
13 163 74
13 212 97
13 87 81
13 92 80
13 95 60
13 98 100
13 231 16
13 232 70
13 111 0
13 297 44
13 251 74
13 125 10
14 129 10
14 261 13
14 137 21
14 146 53
14 149 7
14 278 24
14 279 6
14 24 61
14 283 16
14 160 3
14 42 25
14 49 31
14 53 74
14 186 59
14 210 73
14 92 84
14 93 30
14 94 60
14 223 4
14 101 84
14 106 1
14 237 17
14 241 20
14 117 96
14 170 98
14 249 3
14 253 36
14 254 21
15 132 96
15 265 88
15 146 45
15 278 28
15 25 78
15 282 97
15 284 80
15 165 65
15 41 4
15 298 31
15 57 26
15 67 46
15 72 59
15 74 71
15 203 52
15 120 53
15 213 18
15 89 83
15 232 98
15 236 74
15 113 75
15 116 91
15 248 65
15 249 56
15 125 51
15 126 43
15 127 96
16 226 32
16 99 3
16 261 94
16 103 86
16 233 26
16 279 43
16 208 45
16 115 85
16 57 44
16 151 14
16 153 24
16 154 29
16 155 57
16 252 36
16 69 22
16 191 33
17 256 90
17 267 43
17 141 88
17 142 37
17 273 47
17 259 29
17 155 0
17 32 100
17 163 85
17 295 91
17 178 72
17 52 96
17 57 99
17 189 27
17 87 2
17 90 70
17 101 9
17 231 84
17 122 6
18 138 12
18 271 81
18 272 45
18 29 80
18 292 83
18 169 36
18 174 33
18 52 38
18 186 73
18 63 49
18 69 83
18 199 58
18 214 85
18 219 71
18 92 16
18 101 62
18 231 82
18 104 98
18 233 41
18 106 6
18 118 47
18 251 67
18 253 25
18 254 89
19 288 3
19 161 79
19 155 73
19 261 7
19 166 59
19 39 68
19 177 35
19 138 34
19 267 65
19 141 72
19 27 18
19 145 32
19 115 46
19 116 69
19 213 54
19 229 99
19 186 91
19 123 9
19 218 57
19 127 47
20 262 40
20 271 96
20 150 44
20 151 74
20 25 12
20 288 33
20 36 5
20 294 64
20 299 38
20 44 18
20 173 49
20 181 62
20 202 90
20 216 12
20 143 19
20 94 59
20 102 72
20 231 76
20 233 48
20 115 73
20 120 4
20 122 83
20 127 20
21 32 79
21 257 79
21 278 88
21 293 3
21 262 59
21 136 47
21 105 48
21 107 83
21 28 71
21 175 42
21 113 54
21 114 18
21 270 7
21 182 50
21 60 99
21 118 57
21 30 15
22 262 0
22 139 98
22 141 71
22 273 39
22 150 100
22 152 7
22 26 20
22 156 19
22 285 84
22 158 42
22 290 90
22 35 10
22 39 26
22 40 91
22 28 83
22 46 52
22 178 63
22 52 24
22 188 19
22 62 58
22 66 73
22 227 48
22 73 49
22 76 77
22 209 27
22 211 54
22 95 92
22 98 82
22 99 89
22 236 100
22 238 93
22 246 10
23 261 92
23 135 63
23 138 19
23 139 53
23 289 4
23 291 66
23 296 47
23 92 4
23 47 98
23 184 82
23 63 73
23 66 91
23 140 22
23 75 79
23 205 12
23 207 53
23 214 95
23 215 66
23 220 63
23 118 78
24 131 58
24 140 12
24 272 54
24 150 84
24 26 55
24 36 38
24 293 68
24 299 80
24 55 74
24 184 83
24 186 35
24 67 95
24 197 99
24 70 71
24 73 63
24 76 87
24 79 6
24 209 63
24 86 35
24 94 67
24 95 91
24 104 46
24 110 97
25 259 60
25 267 58
25 140 62
25 145 81
25 146 48
25 280 25
25 155 0
25 28 14
25 29 7
25 31 65
25 133 15
25 156 64
25 175 81
25 186 68
25 198 16
25 72 0
25 208 60
25 86 51
25 219 94
25 221 20
25 99 86
25 228 64
25 232 25
25 105 5
25 106 78
25 108 66
25 238 46
25 244 40
25 245 87
26 130 18
26 133 86
26 142 81
26 147 89
26 151 20
26 157 89
26 158 64
26 289 88
26 162 78
26 296 20
26 185 2
26 64 78
26 197 96
26 74 46
26 76 60
26 207 96
26 213 89
26 86 36
26 94 97
26 95 71
26 96 19
26 233 63
26 116 88
26 249 62
26 252 72
26 125 77
27 145 51
27 275 46
27 277 94
27 154 56
27 283 46
27 36 50
27 165 67
27 181 63
27 186 87
27 189 10
27 193 20
27 69 24
27 199 92
27 206 52
27 79 38
27 210 27
27 83 99
27 107 80
27 241 58
27 252 48
28 129 74
28 261 29
28 270 27
28 144 50
28 157 70
28 158 78
28 49 83
28 54 94
28 183 40
28 57 66
28 191 50
28 66 67
28 71 5
28 89 38
28 91 52
28 226 19
28 99 18
28 115 63
28 116 100
28 249 29
28 250 91
28 251 57
28 127 81
29 257 99
29 260 55
29 134 58
29 266 38
29 269 35
29 277 97
29 157 5
29 37 68
29 168 26
29 45 34
29 64 93
29 67 24
29 204 39
29 218 98
29 97 78
29 99 99
29 104 84
29 233 63
29 108 77
29 124 13
30 131 50
30 263 75
30 138 46
30 150 13
30 151 78
30 284 49
30 35 92
30 292 72
30 166 78
30 295 43
30 54 88
30 64 4
30 193 76
30 196 16
30 70 44
30 163 82
30 213 43
30 215 13
30 223 88
30 237 17
30 243 59
30 250 96
30 251 6
31 130 97
31 131 86
31 134 12
31 135 1
31 265 69
31 138 57
31 142 32
31 277 39
31 287 49
31 161 1
31 294 88
31 167 12
31 129 27
31 41 59
31 170 25
31 299 50
31 53 19
31 58 62
31 67 60
31 197 18
31 216 5
31 186 75
31 99 44
31 235 94
31 112 64
31 242 16
31 246 73
31 247 70
31 120 83
31 254 50
32 259 70
32 267 89
32 278 31
32 283 31
32 159 38
32 165 17
32 294 39
32 42 71
32 48 56
32 183 82
32 60 93
32 205 72
32 216 52
32 224 40
32 119 30
32 121 7
32 251 71
32 254 82
32 127 100
33 144 54
33 279 4
33 158 11
33 160 14
33 162 54
33 293 57
33 166 66
33 39 71
33 171 77
33 46 92
33 178 24
33 179 28
33 181 36
33 61 33
33 53 93
33 288 46
33 75 74
33 205 41
33 222 73
33 85 23
33 214 67
33 215 60
33 94 12
33 227 93
33 233 2
33 251 92
34 130 73
34 260 81
34 273 9
34 276 78
34 279 88
34 280 23
34 161 74
34 292 79
34 40 66
34 297 26
34 43 29
34 45 76
34 46 49
34 48 80
34 183 91
34 60 61
34 189 56
34 193 48
34 73 34
34 91 58
34 92 52
34 95 27
34 238 71
34 116 20
34 245 18
34 246 36
34 121 3
34 122 45
35 134 70
35 264 38
35 147 15
35 149 8
35 151 54
35 280 62
35 153 54
35 164 66
35 37 32
35 167 89
35 177 32
35 266 87
35 194 84
35 68 29
35 118 63
35 74 11
35 205 50
35 82 15
35 215 8
35 240 38
35 245 81
35 246 12
35 253 47
36 134 45
36 270 18
36 145 27
36 154 88
36 282 76
36 171 0
36 50 66
36 51 98
36 182 31
36 183 55
36 196 22
36 209 51
36 211 100
36 213 68
36 86 68
36 88 54
36 91 36
36 227 62
36 103 7
36 110 99
36 239 71
36 112 17
36 241 59
36 115 94
36 117 75
36 118 78
36 248 80
37 263 43
37 51 26
37 98 85
37 164 25
37 261 90
37 231 19
37 232 69
37 203 3
37 45 100
37 288 43
37 152 74
37 146 16
37 147 56
37 276 23
37 118 65
37 183 3
37 67 80
37 57 4
37 179 70
38 260 46
38 261 90
38 135 6
38 138 72
38 155 84
38 285 85
38 294 64
38 168 84
38 169 28
38 298 20
38 45 70
38 48 54
38 183 63
38 60 45
38 192 49
38 66 9
38 71 65
38 207 8
38 83 31
38 166 95
38 102 94
38 238 88
38 242 62
39 160 3
39 100 82
39 71 55
39 137 74
39 106 81
39 139 61
39 141 68
39 143 80
39 81 24
39 146 98
39 244 50
39 149 62
39 215 24
39 152 23
39 57 50
39 284 3
39 44 55
40 225 1
40 99 34
40 164 17
40 166 67
40 134 46
40 103 68
40 41 43
40 267 54
40 76 90
40 258 33
40 75 17
40 85 95
40 215 90
40 185 29
40 58 70
40 155 24
40 220 98
41 258 13
41 259 47
41 272 56
41 280 4
41 154 85
41 292 72
41 169 72
41 173 18
41 178 8
41 187 99
41 200 48
41 269 27
41 99 97
41 216 18
41 95 62
41 144 59
41 59 87
41 228 17
41 101 54
41 105 78
41 235 21
41 168 65
41 117 74
41 255 56
42 128 52
42 257 22
42 133 69
42 138 75
42 45 51
42 163 12
42 173 42
42 174 61
42 179 59
42 53 35
42 182 88
42 183 16
42 184 66
42 57 89
42 58 5
42 59 5
42 190 20
42 191 22
42 204 14
42 87 7
42 216 87
42 91 98
42 95 80
42 96 51
42 227 58
42 229 77
42 237 90
42 240 42
42 115 47
42 254 1
42 121 68
42 126 15
43 129 17
43 261 91
43 87 62
43 143 58
43 144 83
43 121 48
43 154 16
43 283 71
43 172 41
43 48 25
43 49 93
43 181 12
43 183 34
43 184 96
43 63 12
43 194 87
43 69 44
43 70 66
43 73 78
43 203 27
43 81 2
43 84 67
43 85 48
43 86 56
43 215 35
43 148 41
43 249 23
44 256 54
44 129 96
44 258 66
44 264 62
44 151 81
44 145 45
44 147 38
44 279 31
44 284 79
44 294 35
44 297 32
44 47 8
44 48 43
44 184 92
44 69 56
44 73 73
44 203 88
44 207 83
44 88 52
44 218 96
44 221 16
44 226 85
44 99 24
44 233 70
44 295 27
44 110 91
44 255 47
45 258 97
45 139 51
45 272 80
45 273 46
45 279 57
45 283 59
45 285 13
45 47 17
45 50 51
45 53 36
45 186 57
45 181 31
45 65 76
45 197 65
45 74 84
45 78 98
45 81 85
45 82 75
45 87 13
45 89 29
45 92 39
45 222 8
45 96 79
45 238 10
45 118 100
45 119 66
46 267 82
46 268 92
46 148 66
46 151 58
46 159 96
46 294 81
46 298 37
46 186 44
46 65 72
46 139 21
46 68 83
46 202 61
46 207 58
46 83 46
46 212 52
46 215 51
46 88 5
46 99 59
46 100 92
46 102 20
46 106 11
46 111 8
46 117 23
46 251 10
46 234 48
47 299 81
47 139 60
47 140 25
47 270 89
47 276 56
47 279 58
47 280 0
47 155 92
47 159 78
47 161 74
47 164 86
47 295 53
47 171 39
47 53 8
47 185 0
47 67 89
47 69 4
47 210 74
47 213 95
47 217 56
47 108 49
47 109 30
47 118 69
48 299 6
48 134 2
48 263 72
48 139 6
48 269 48
48 148 16
48 280 0
48 153 76
48 282 81
48 156 19
48 159 89
48 289 12
48 297 75
48 174 77
48 52 79
48 184 41
48 60 4
48 74 32
48 198 51
48 202 18
48 83 96
48 95 99
48 227 53
48 229 27
48 211 93
48 244 19
48 119 82
48 252 19
48 253 77
48 255 78
49 138 65
49 143 92
49 144 51
49 146 45
49 277 93
49 284 16
49 157 23
49 296 18
49 181 80
49 58 33
49 75 80
49 205 41
49 86 7
49 88 82
49 217 84
49 186 62
49 106 12
49 115 38
49 122 11
49 254 32
50 256 97
50 133 87
50 266 19
50 275 57
50 152 27
50 153 13
50 284 28
50 288 70
50 293 41
50 170 43
50 172 43
50 177 1
50 178 68
50 183 92
50 62 34
50 195 96
50 69 75
50 214 2
50 247 54
50 255 89
51 96 96
51 290 51
51 115 77
51 134 61
51 105 69
51 172 90
51 205 42
51 272 33
51 82 0
51 147 81
51 276 98
51 85 42
51 214 34
51 154 27
51 143 53
51 127 82
52 259 89
52 140 17
52 147 40
52 277 83
52 287 43
52 220 49
52 299 4
52 175 83
52 97 29
52 75 60
52 210 37
52 213 25
52 249 69
52 92 29
52 225 97
52 227 38
52 101 18
52 145 91
52 232 43
52 238 78
52 113 9
52 243 2
52 121 18
52 127 13
53 131 58
53 135 86
53 138 41
53 139 52
53 141 41
53 145 63
53 279 21
53 158 66
53 162 8
53 291 39
53 292 25
53 63 4
53 207 27
53 228 14
53 115 3
53 244 47
53 122 43
54 128 21
54 97 98
54 290 6
54 99 16
54 69 4
54 113 75
54 137 18
54 139 0
54 257 73
54 125 4
54 81 29
54 243 78
54 86 65
54 250 88
54 219 41
54 284 53
54 189 25
54 133 28
55 160 81
55 80 47
55 98 70
55 227 81
55 133 81
55 72 95
55 73 5
55 171 74
55 190 61
55 180 100
55 177 30
55 244 52
55 149 59
55 203 45
55 185 44
55 250 11
55 88 98
56 131 88
56 144 20
56 274 34
56 288 7
56 289 78
56 167 68
56 297 77
56 299 28
56 182 4
56 187 10
56 61 11
56 63 45
56 194 13
56 195 60
56 196 73
56 212 47
56 224 12
56 84 76
56 228 69
56 231 97
56 109 54
56 242 39
56 116 64
56 249 74
56 250 4
56 253 8
57 128 8
57 131 56
57 136 68
57 269 12
57 280 85
57 163 41
57 194 8
57 71 88
57 206 77
57 208 17
57 222 95
57 97 90
57 99 48
57 228 0
57 231 70
57 233 91
57 272 17
57 118 26
57 124 17
58 267 12
58 271 15
58 146 8
58 147 28
58 165 22
58 173 70
58 174 75
58 179 69
58 191 44
58 69 61
58 71 54
58 205 80
58 84 0
58 220 27
58 114 38
58 232 58
58 233 83
58 237 29
58 238 69
58 111 52
58 112 23
58 242 88
58 115 83
58 125 36
59 261 23
59 263 55
59 140 72
59 194 42
59 147 68
59 280 79
59 159 66
59 161 60
59 168 22
59 178 47
59 181 67
59 182 87
59 184 55
59 60 47
59 189 95
59 62 27
59 191 51
59 66 23
59 68 68
59 289 3
59 204 7
59 77 62
59 220 52
59 223 15
59 98 7
59 227 13
59 116 3
59 63 59
59 253 3
60 128 7
60 260 60
60 145 0
60 274 100
60 147 87
60 148 84
60 150 31
60 217 62
60 282 71
60 287 8
60 165 10
60 297 22
60 170 1
60 299 58
60 176 93
60 177 51
60 182 54
60 62 24
60 191 91
60 69 59
60 206 54
60 211 48
60 86 84
60 89 68
60 90 99
60 91 72
60 92 65
60 224 88
60 108 15
60 237 96
60 114 17
60 245 41
60 249 98
60 251 60
60 125 89
60 254 13
61 130 49
61 261 51
61 145 9
61 280 81
61 283 82
61 168 63
61 170 4
61 189 91
61 206 53
61 212 37
61 214 75
61 94 58
61 97 4
61 99 33
61 103 93
61 231 76
61 247 25
61 121 69
61 124 96
62 134 39
62 145 89
62 278 92
62 90 27
62 161 46
62 162 2
62 164 38
62 168 74
62 169 13
62 172 0
62 181 39
62 196 7
62 201 70
62 218 27
62 91 8
62 221 38
62 99 60
62 231 66
62 188 8
62 106 96
62 255 65
63 262 19
63 263 68
63 277 82
63 153 40
63 154 6
63 111 2
63 284 72
63 291 25
63 175 36
63 182 45
63 194 13
63 198 42
63 206 32
63 184 0
63 210 69
63 96 87
63 239 62
63 244 94
64 137 48
64 138 38
64 147 43
64 188 99
64 198 77
64 200 21
64 76 77
64 214 63
64 96 63
64 98 79
64 230 1
64 231 98
64 237 78
64 238 70
64 240 93
64 245 23
64 247 30
64 252 68
65 257 66
65 135 15
65 136 8
65 144 22
65 278 47
65 155 73
65 287 18
65 163 18
65 296 73
65 172 81
65 186 86
65 188 19
65 96 37
65 194 54
65 76 21
65 227 39
65 92 58
65 224 48
65 99 22
65 103 98
65 232 100
65 233 21
65 235 41
65 248 36
65 123 45
66 256 91
66 257 1
66 130 0
66 150 87
66 272 7
66 291 70
66 166 72
66 296 93
66 173 52
66 185 7
66 195 27
66 197 17
66 198 93
66 73 71
66 89 55
66 98 100
66 243 55
66 123 72
66 124 23
67 275 33
67 182 62
67 184 27
67 186 86
67 191 17
67 68 37
67 201 92
67 87 89
67 165 63
67 97 65
67 100 52
67 235 93
67 112 53
67 119 73
67 121 68
67 124 43
67 127 70
68 129 36
68 86 64
68 137 67
68 271 97
68 146 71
68 278 46
68 166 78
68 175 70
68 265 78
68 191 46
68 194 13
68 69 20
68 73 0
68 208 0
68 85 4
68 214 53
68 143 70
68 100 63
68 103 73
68 239 40
68 249 1
68 251 18
68 253 60
69 138 15
69 273 79
69 282 10
69 218 36
69 158 63
69 295 19
69 297 39
69 170 34
69 174 74
69 176 12
69 236 25
69 189 38
69 204 45
69 207 14
69 248 28
69 210 79
69 211 87
69 212 89
69 85 54
69 214 72
69 90 74
69 220 31
69 226 16
69 106 66
69 108 19
69 247 16
69 120 53
69 249 19
70 272 95
70 273 40
70 276 81
70 277 24
70 285 43
70 163 54
70 165 61
70 296 20
70 177 63
70 191 99
70 193 80
70 202 48
70 204 72
70 207 39
70 80 91
70 81 61
70 210 49
70 94 70
70 120 26
70 250 64
71 139 10
71 152 43
71 285 56
71 290 51
71 115 48
71 83 99
71 199 59
71 203 18
71 78 63
71 80 11
71 211 24
71 87 44
71 218 18
71 93 44
71 95 47
71 208 68
71 228 52
71 103 7
71 104 25
71 108 94
71 238 22
71 240 5
71 243 5
71 245 20
72 128 86
72 267 10
72 270 57
72 143 49
72 272 34
72 279 97
72 152 34
72 159 83
72 291 49
72 292 16
72 178 55
72 184 46
72 224 91
72 196 67
72 202 16
72 211 38
72 87 100
72 89 79
72 96 33
72 101 21
72 104 75
72 114 62
72 118 21
72 119 65
72 251 72
73 129 61
73 259 32
73 260 0
73 209 53
73 152 97
73 153 50
73 285 46
73 158 75
73 293 18
73 296 47
73 298 39
73 175 14
73 187 12
73 191 63
73 192 18
73 202 42
73 76 8
73 81 83
73 211 86
73 213 39
73 216 40
73 90 38
73 96 14
73 227 37
73 273 91
73 110 93
73 112 0
73 114 96
73 244 78
73 245 31
73 250 37
73 254 91
73 255 72
74 128 57
74 133 4
74 134 65
74 147 64
74 152 24
74 282 63
74 167 25
74 178 83
74 180 45
74 202 45
74 75 50
74 78 77
74 87 59
74 89 17
74 143 32
74 230 84
74 106 38
74 236 27
74 112 60
74 113 46
74 116 47
74 123 0
75 260 100
75 142 15
75 148 56
75 155 40
75 298 36
75 182 0
75 189 46
75 203 91
75 205 57
75 206 10
75 207 58
75 87 26
75 88 19
75 217 3
75 230 65
75 103 68
75 234 4
75 241 42
75 117 95
75 249 7
75 122 75
75 255 31
76 137 15
76 140 38
76 144 66
76 147 59
76 281 76
76 158 96
76 294 81
76 295 83
76 186 67
76 188 49
76 268 2
76 202 26
76 209 87
76 83 52
76 212 55
76 224 21
76 99 22
76 123 68
77 291 78
77 228 81
77 198 8
77 167 50
77 105 37
77 138 32
77 203 85
77 140 70
77 273 16
77 242 8
77 115 97
77 148 0
77 246 33
77 281 22
77 88 27
77 153 7
77 187 4
77 156 55
77 159 82
78 130 81
78 264 45
78 141 69
78 273 48
78 148 88
78 283 8
78 290 2
78 297 66
78 172 8
78 173 100
78 175 84
78 183 1
78 188 90
78 205 52
78 79 54
78 219 72
78 225 20
78 227 90
78 235 59
78 113 53
78 247 87
78 255 20
79 132 97
79 272 65
79 147 3
79 149 56
79 150 16
79 154 14
79 158 10
79 175 19
79 177 6
79 179 16
79 188 20
79 192 16
79 230 70
79 232 15
79 105 46
79 234 44
79 245 8
79 247 96
79 121 8
80 135 47
80 275 67
80 152 40
80 161 61
80 291 63
80 165 12
80 173 54
80 182 54
80 191 39
80 198 69
80 203 18
80 210 16
80 163 94
80 84 35
80 88 32
80 90 47
80 107 14
81 139 38
81 143 94
81 274 65
81 153 19
81 171 69
81 174 88
81 175 15
81 188 20
81 193 77
81 214 9
81 99 59
81 100 48
81 104 69
81 108 65
81 299 46
82 128 25
82 137 0
82 140 100
82 271 69
82 275 39
82 158 4
82 293 85
82 178 7
82 186 51
82 205 77
82 216 27
82 228 73
82 94 69
82 99 37
82 100 35
82 229 91
82 234 32
82 236 90
82 110 82
82 117 25
82 246 84
82 248 99
82 122 46
82 255 77
83 259 74
83 268 66
83 146 62
83 147 70
83 150 66
83 153 69
83 160 74
83 161 72
83 164 44
83 293 88
83 166 47
83 173 27
83 182 16
83 192 33
83 193 30
83 197 53
83 95 94
83 99 30
83 230 12
83 103 61
83 108 4
83 116 49
83 123 65
83 252 6
84 129 38
84 130 58
84 274 32
84 275 88
84 149 25
84 153 91
84 283 83
84 161 99
84 290 21
84 293 9
84 166 28
84 168 57
84 299 27
84 176 35
84 186 82
84 201 0
84 205 31
84 90 12
84 103 3
84 109 5
85 256 18
85 261 61
85 262 19
85 140 52
85 142 9
85 152 22
85 157 55
85 290 45
85 166 54
85 167 64
85 170 40
85 94 4
85 183 79
85 186 29
85 92 92
85 222 74
85 225 61
85 226 25
85 102 89
85 238 74
85 243 70
85 117 50
85 249 57
86 129 63
86 133 64
86 266 40
86 142 64
86 282 43
86 159 87
86 288 50
86 293 34
86 168 79
86 181 46
86 194 2
86 199 54
86 200 91
86 226 82
86 109 62
86 112 78
86 113 47
86 244 99
86 122 30
86 123 64
87 257 97
87 134 25
87 152 73
87 288 40
87 167 26
87 215 10
87 97 16
87 231 74
87 106 48
87 237 11
87 243 58
87 298 15
88 142 35
88 272 26
88 150 34
88 231 18
88 162 36
88 298 66
88 171 44
88 179 19
88 181 78
88 183 19
88 118 45
88 210 14
88 218 95
88 101 99
88 229 47
88 103 74
88 124 86
88 235 33
88 237 66
88 114 82
88 246 48
88 252 39
88 253 42
89 193 47
89 130 99
89 106 57
89 176 43
89 240 19
89 178 65
89 195 46
89 148 80
89 181 71
89 278 4
89 137 4
89 157 46
89 191 78
90 259 62
90 265 37
90 139 13
90 269 49
90 288 88
90 293 98
90 195 19
90 206 61
90 216 16
90 98 60
90 227 75
90 229 44
90 230 57
90 273 61
90 105 40
90 106 37
90 235 41
90 237 27
90 238 18
90 113 6
90 122 78
91 129 3
91 257 19
91 267 96
91 146 99
91 276 47
91 153 21
91 281 90
91 156 1
91 287 28
91 177 38
91 181 17
91 182 75
91 139 18
91 213 0
91 292 2
91 222 78
91 95 15
91 103 65
91 234 11
91 109 44
91 246 34
92 141 48
92 273 94
92 148 15
92 157 82
92 159 30
92 298 47
92 179 27
92 186 22
92 194 85
92 199 86
92 200 11
92 203 30
92 207 53
92 220 58
92 223 46
92 97 77
92 109 84
92 111 79
92 127 29
93 131 24
93 132 89
93 135 79
93 266 19
93 141 13
93 273 57
93 277 21
93 150 64
93 152 30
93 159 97
93 174 89
93 176 99
93 191 100
93 193 54
93 194 21
93 195 98
93 100 50
93 106 100
93 107 9
94 128 84
94 265 22
94 144 0
94 273 28
94 278 16
94 281 62
94 284 26
94 159 2
94 172 0
94 177 68
94 178 47
94 196 67
94 213 87
94 219 42
94 245 97
94 252 6
94 254 98
95 129 17
95 145 88
95 275 54
95 196 93
95 203 17
95 205 21
95 209 39
95 217 44
95 96 41
95 102 81
95 104 36
95 107 61
95 245 89
95 169 20
95 248 60
95 250 33
96 257 7
96 130 95
96 269 16
96 270 79
96 276 34
96 152 11
96 159 46
96 172 52
96 174 81
96 175 3
96 181 72
96 200 82
96 206 36
96 207 29
96 244 59
96 247 35
96 120 65
97 99 17
97 155 24
97 295 14
97 138 82
97 144 49
97 210 64
97 244 92
97 213 57
97 143 15
97 125 77
97 158 35
98 264 84
98 270 23
98 143 86
98 154 98
98 160 15
98 295 64
98 203 10
98 205 38
98 208 13
98 213 23
98 214 60
98 104 4
98 108 96
98 240 6
98 113 1
98 125 96
99 260 64
99 269 34
99 276 6
99 286 8
99 171 74
99 181 31
99 197 90
99 200 94
99 224 67
99 228 4
99 107 57
99 246 81
99 121 2
99 253 61
100 132 58
100 271 5
100 287 69
100 160 70
100 183 62
100 188 74
100 192 38
100 194 33
100 203 6
100 228 20
100 235 2
100 110 79
100 240 11
100 241 44
100 115 52
100 125 22
101 258 87
101 171 4
101 263 27
101 264 6
101 276 32
101 149 68
101 280 11
101 154 43
101 156 100
101 289 24
101 166 26
101 299 39
101 185 72
101 201 96
101 207 99
101 220 77
101 135 2
101 226 24
101 229 53
101 102 76
101 104 40
101 240 34
101 115 9
101 246 38
101 255 70
102 134 76
102 135 21
102 266 92
102 140 100
102 147 7
102 279 26
102 280 76
102 285 52
102 163 41
102 298 5
102 173 39
102 223 16
102 193 18
102 203 7
102 214 97
102 227 16
102 109 87
102 238 55
102 239 27
102 125 97
103 256 42
103 148 51
103 296 0
103 179 1
103 194 86
103 204 24
103 223 16
103 232 13
103 237 52
103 252 59
104 130 90
104 141 71
104 280 83
104 283 85
104 289 72
104 291 68
104 170 20
104 157 83
104 181 6
104 187 79
104 190 91
104 196 91
104 207 32
104 214 68
104 221 28
104 225 91
104 120 53
104 125 7
104 254 60
104 255 80
105 142 44
105 272 7
105 205 35
105 238 69
105 282 31
105 166 11
105 178 19
105 181 9
105 186 26
105 195 7
105 203 79
105 210 0
105 270 53
105 123 66
105 230 51
105 106 85
105 108 89
105 110 21
105 118 60
105 120 74
105 251 27
105 126 97
106 259 25
106 132 59
106 263 64
106 136 53
106 144 20
106 276 41
106 281 33
106 157 48
106 287 53
106 288 82
106 292 3
106 166 51
106 187 45
106 189 78
106 205 100
106 164 35
106 224 55
106 226 47
106 231 39
106 167 13
106 110 94
106 240 3
106 246 89
106 124 47
106 125 6
107 128 35
107 130 23
107 261 19
107 136 81
107 144 23
107 148 77
107 280 49
107 161 100
107 291 28
107 292 33
107 298 23
107 189 21
107 194 32
107 216 22
107 109 30
107 240 80
107 243 99
107 247 22
107 250 80
108 265 13
108 275 70
108 151 81
108 183 41
108 219 71
108 209 48
108 232 0
108 109 77
108 242 4
108 243 28
108 118 28
108 249 47
108 124 80
109 261 9
109 268 35
109 143 56
109 272 74
109 151 69
109 152 69
109 155 74
109 283 58
109 292 98
109 167 2
109 168 45
109 298 38
109 173 1
109 179 18
109 183 12
109 187 76
109 218 54
109 232 11
109 241 91
109 122 41
110 131 17
110 172 96
110 143 63
110 158 41
110 159 9
110 291 52
110 178 10
110 191 90
110 203 44
110 204 8
110 233 60
110 234 54
110 236 1
110 243 58
110 248 24
110 255 85
111 240 23
111 226 13
111 177 73
111 167 25
111 296 43
111 297 36
111 135 38
111 130 18
111 206 17
111 112 94
111 212 67
111 174 2
111 217 12
111 124 88
111 176 58
112 195 34
112 198 24
112 167 50
112 169 32
112 147 96
112 138 28
112 216 84
112 132 6
112 283 99
112 284 100
112 298 48
112 218 53
113 128 34
113 150 56
113 262 59
113 140 92
113 274 19
113 275 78
113 278 29
113 280 4
113 156 32
113 115 20
113 199 97
113 211 36
113 213 58
113 215 67
113 220 82
113 221 9
113 228 76
113 114 9
113 243 20
113 247 37
113 248 31
114 130 67
114 133 69
114 267 59
114 270 82
114 145 60
114 274 91
114 150 12
114 281 58
114 282 83
114 155 42
114 158 67
114 293 49
114 241 57
114 174 46
114 182 59
114 183 97
114 187 44
114 189 68
114 258 62
114 207 47
114 219 93
114 225 8
114 239 44
114 240 79
114 244 16
115 128 37
115 131 10
115 263 96
115 146 69
115 147 42
115 282 99
115 290 8
115 293 70
115 172 82
115 187 51
115 192 9
115 200 15
115 203 60
115 207 27
115 219 85
115 230 72
115 235 25
115 245 79
116 256 24
116 273 21
116 288 27
116 162 14
116 293 63
116 169 79
116 299 54
116 190 38
116 198 90
116 215 2
116 236 90
116 211 84
116 297 31
116 120 0
117 128 37
117 257 79
117 130 86
117 259 1
117 261 6
117 269 16
117 157 77
117 286 34
117 163 90
117 292 53
117 170 0
117 172 2
117 158 97
117 203 14
117 270 34
117 232 55
117 236 24
118 261 53
118 140 49
118 277 10
118 151 42
118 153 64
118 155 15
118 285 70
118 289 26
118 165 96
118 187 13
118 190 66
118 228 58
118 124 37
119 138 37
119 239 56
119 274 25
119 279 34
119 280 72
119 282 89
119 175 35
119 253 19
119 126 22
120 134 23
120 271 60
120 148 55
120 153 43
120 152 55
120 281 48
120 154 3
120 285 0
120 164 5
120 201 83
120 203 37
120 208 22
120 213 84
120 219 70
120 222 75
120 123 29
120 255 93
121 131 49
121 137 90
121 143 61
121 161 83
121 290 87
121 293 1
121 172 51
121 174 70
121 191 22
121 192 87
121 193 52
121 207 42
121 214 75
121 219 79
121 224 27
121 225 56
121 263 9
121 232 30
121 240 39
121 251 47
122 257 22
122 260 90
122 134 20
122 267 38
122 159 57
122 288 38
122 177 41
122 200 81
122 211 28
122 220 9
122 273 64
122 237 9
122 238 0
122 255 61
123 256 69
123 143 11
123 151 13
123 281 20
123 284 75
123 159 12
123 297 20
123 299 54
123 177 6
123 194 4
123 214 98
123 238 82
123 239 59
123 249 57
123 124 97
123 253 45
124 257 30
124 258 49
124 132 58
124 134 57
124 143 2
124 151 12
124 162 61
124 165 84
124 182 70
124 200 92
124 211 49
124 215 90
124 229 96
124 232 49
124 241 64
125 256 66
125 260 6
125 135 37
125 137 24
125 147 30
125 279 15
125 153 75
125 169 69
125 174 7
125 177 5
125 194 79
125 196 1
125 202 47
125 203 62
125 206 27
125 210 95
125 212 7
125 240 31
125 242 21
125 243 50
126 289 90
126 228 11
126 293 91
126 294 0
126 183 25
126 141 78
126 206 90
126 221 41
126 273 79
126 242 7
126 276 60
126 270 100
126 279 54
126 297 73
126 287 70
127 260 13
127 145 85
127 272 8
127 273 18
127 152 86
127 153 81
127 283 83
127 284 83
127 291 95
127 168 80
127 299 54
127 178 18
127 183 89
127 199 59
127 215 64
127 230 54
127 231 31
127 233 71
127 245 0
128 136 32
128 138 92
128 267 25
128 143 9
128 294 84
128 297 40
128 174 6
128 182 91
128 200 54
128 210 78
128 215 30
128 238 96
129 171 88
129 264 51
129 266 100
129 131 69
129 279 38
129 155 70
129 158 79
129 289 96
129 165 56
129 176 16
129 136 86
129 186 50
129 190 39
129 205 46
129 210 98
129 212 9
129 215 75
129 224 100
129 230 81
129 231 38
129 233 89
129 253 82
129 254 21
130 132 23
130 194 75
130 270 67
130 157 11
130 164 59
130 293 99
130 181 8
130 185 75
130 211 93
130 220 79
130 232 28
130 245 2
130 248 0
130 254 15
131 140 30
131 141 50
131 276 64
131 154 30
131 282 57
131 288 87
131 162 46
131 175 18
131 190 44
131 194 35
131 203 68
131 218 33
131 245 80
131 249 69
132 253 26
132 256 35
132 291 73
132 246 14
132 223 57
132 157 49
132 163 80
132 219 30
132 220 81
132 159 45
133 259 45
133 263 91
133 274 7
133 148 28
133 156 75
133 158 0
133 165 27
133 166 25
133 135 79
133 173 66
133 182 18
133 227 71
133 245 44
133 249 57
134 136 59
134 215 49
134 269 100
134 144 90
134 146 2
134 276 68
134 280 74
134 166 84
134 172 59
134 189 28
134 202 23
134 204 97
134 141 86
134 248 76
134 224 84
134 237 73
135 265 10
135 151 79
135 283 99
135 288 35
135 161 0
135 164 42
135 166 50
135 176 25
135 261 90
135 183 72
135 199 41
135 209 70
135 219 81
135 236 8
135 238 36
135 241 15
136 196 57
136 230 49
136 238 49
136 207 8
136 176 39
136 210 77
136 211 96
136 276 61
136 278 90
136 186 57
136 154 82
136 253 34
136 158 95
137 259 74
137 260 89
137 270 12
137 277 62
137 151 71
137 153 54
137 283 33
137 157 93
137 161 76
137 291 45
137 166 35
137 297 91
137 172 45
137 174 65
137 186 7
137 188 38
137 217 91
137 222 54
137 223 40
137 226 43
137 240 11
137 241 21
137 251 59
138 153 11
138 162 55
138 175 99
138 179 32
138 210 32
138 239 100
139 270 14
139 152 15
139 153 96
139 157 86
139 287 47
139 291 38
139 167 3
139 184 83
139 185 53
139 187 89
139 188 51
139 201 0
139 163 96
139 249 68
139 254 2
140 275 3
140 155 36
140 287 45
140 293 48
140 171 80
140 184 53
140 202 51
140 206 29
140 220 46
140 229 9
141 144 80
141 279 3
141 285 95
141 286 69
141 287 100
141 278 92
141 292 47
141 165 73
141 294 62
141 159 20
141 189 8
141 199 39
141 203 6
141 164 91
141 187 51
141 230 26
142 194 0
142 200 93
142 236 100
142 145 34
142 175 43
142 247 30
142 253 34
142 222 34
143 269 12
143 144 49
143 273 64
143 278 35
143 279 16
143 152 50
143 156 70
143 159 3
143 173 73
143 287 69
143 178 32
143 182 41
143 187 61
143 190 17
143 191 52
143 192 47
143 197 18
143 204 43
143 207 47
144 273 3
144 278 60
144 154 92
144 155 77
144 294 81
144 298 53
144 190 20
144 196 4
144 231 91
144 236 32
144 238 62
144 242 42
145 257 17
145 264 23
145 150 70
145 154 26
145 161 46
145 155 45
145 296 63
145 185 17
145 205 30
145 213 66
145 228 18
145 231 93
145 275 96
145 246 46
145 249 46
146 264 34
146 148 63
146 154 53
146 287 93
146 160 81
146 174 34
146 182 7
146 193 81
146 195 58
146 199 99
146 220 17
146 186 84
146 223 80
147 151 80
147 152 81
147 283 69
147 158 35
147 169 88
147 175 100
147 185 74
147 214 52
147 293 43
147 228 42
147 237 81
148 268 63
148 278 57
148 281 54
148 154 96
148 156 38
148 287 33
148 166 71
148 295 82
148 298 51
148 173 53
148 178 16
148 211 26
148 220 54
148 241 100
148 243 0
148 245 86
149 261 18
149 272 55
149 275 73
149 286 27
149 289 0
149 296 98
149 170 43
149 177 11
149 180 30
149 195 69
149 204 29
149 211 67
149 221 73
149 295 62
149 246 29
150 259 88
150 209 44
150 297 28
150 237 32
150 238 29
150 175 19
150 254 99
150 185 78
151 256 63
151 262 43
151 270 66
151 282 30
151 157 29
151 288 34
151 180 99
151 181 91
151 182 26
151 184 16
151 192 44
151 193 40
151 194 98
151 199 69
151 208 12
151 210 26
151 213 17
151 225 93
151 242 65
151 248 94
151 250 49
152 283 47
152 156 97
152 287 87
152 163 28
152 293 38
152 296 1
152 169 22
152 178 83
152 180 15
152 193 56
152 204 52
152 248 54
152 284 18
152 225 22
152 232 11
152 236 31
152 241 20
152 297 25
152 213 91
153 258 38
153 260 76
153 154 7
153 282 18
153 286 32
153 167 80
153 171 61
153 189 23
153 190 12
153 199 38
153 204 54
153 255 50
154 281 45
154 157 11
154 160 77
154 295 96
154 178 32
154 184 2
154 207 99
154 220 53
154 252 97
155 276 19
155 280 35
155 295 4
155 170 89
155 242 88
155 177 90
155 178 90
155 191 98
155 208 38
155 215 98
155 216 36
155 224 52
156 276 22
156 175 85
156 193 85
156 200 51
156 210 92
156 211 32
156 213 11
156 227 18
156 230 36
156 236 34
156 243 83
156 244 9
156 251 67
157 263 90
157 266 67
157 270 42
157 158 100
157 168 75
157 171 26
157 194 38
157 196 32
157 206 83
157 224 61
157 227 97
157 242 33
157 243 42
157 255 76
158 262 84
158 268 56
158 160 19
158 172 25
158 173 74
158 195 100
158 199 67
158 200 36
158 201 60
158 202 42
158 275 5
158 253 33
158 254 100
159 272 60
159 174 32
159 278 30
159 282 50
159 283 71
159 295 43
159 170 7
159 299 92
159 192 32
159 193 19
159 195 83
159 202 11
159 217 41
159 218 24
159 187 83
159 238 39
159 244 30
160 229 34
160 231 74
160 268 27
160 189 100
160 176 15
160 242 52
160 235 16
160 227 45
160 248 67
160 282 56
161 256 0
161 235 11
161 175 77
161 295 93
161 180 2
161 184 57
161 267 51
161 198 65
161 200 88
161 162 40
161 214 8
161 239 69
161 250 96
161 253 35
162 193 82
162 292 45
162 167 15
162 209 24
162 286 7
162 281 61
162 187 69
163 266 35
163 287 44
163 289 50
163 183 72
163 202 30
163 203 22
163 204 72
163 205 39
163 206 26
163 211 52
163 218 80
163 224 76
163 228 29
163 249 54
163 298 10
164 259 13
164 270 53
164 273 58
164 278 88
164 289 32
164 294 63
164 168 12
164 186 31
164 194 88
164 197 74
164 203 40
164 220 48
164 221 16
164 249 53
164 250 49
165 267 54
165 268 38
165 283 19
165 166 13
165 298 49
165 179 81
165 190 82
165 192 40
165 198 17
165 211 55
165 216 36
165 225 89
165 231 15
165 236 93
165 238 67
165 250 80
165 251 75
166 256 86
166 194 32
166 272 51
166 290 100
166 297 94
166 173 33
166 197 94
166 204 97
166 239 5
166 247 70
166 253 42
167 194 72
167 294 47
167 264 64
167 209 3
167 274 58
167 218 0
167 223 74
168 283 46
168 290 5
168 173 51
168 180 9
168 199 87
168 203 3
168 205 71
168 214 18
168 216 2
168 219 30
168 187 46
168 229 52
168 238 1
168 242 84
169 257 27
169 206 3
169 184 29
169 274 78
169 277 48
169 215 29
169 251 84
169 189 10
169 211 32
170 257 20
170 228 50
170 293 45
170 232 21
170 233 31
170 275 5
170 187 23
171 262 65
171 264 43
171 297 34
171 172 47
171 175 58
171 176 8
171 177 43
171 184 82
171 207 64
171 223 93
171 239 3
171 254 93
171 255 71
172 267 29
172 269 12
172 270 86
172 290 18
172 297 96
172 178 65
172 182 75
172 183 81
172 191 47
172 214 19
172 228 3
172 236 26
173 256 66
173 264 8
173 274 38
173 288 44
173 289 50
173 292 68
173 296 42
173 185 25
173 209 26
173 214 12
173 223 88
173 232 38
174 256 17
174 265 55
174 266 66
174 273 3
174 279 27
174 291 90
174 298 18
174 193 40
174 196 10
174 200 88
174 203 67
174 211 44
174 227 34
174 245 91
175 260 47
175 268 75
175 273 28
175 281 28
175 193 51
176 259 88
176 261 3
176 269 26
176 292 90
176 293 71
176 295 72
176 181 85
176 189 59
176 190 31
176 194 87
176 230 38
176 239 92
176 250 7
177 256 3
177 261 58
177 280 72
177 289 41
177 182 90
177 188 11
177 213 57
177 232 69
177 238 85
177 275 33
177 247 26
178 257 79
178 259 92
178 274 60
178 281 36
178 292 40
178 293 96
178 296 24
178 181 23
178 226 68
178 242 27
179 275 57
179 277 26
179 287 98
179 219 92
179 220 54
179 197 73
179 207 1
179 210 34
179 224 10
179 237 60
180 226 29
180 259 35
180 257 8
180 183 14
180 242 84
180 206 6
180 270 13
180 299 59
180 222 16
181 290 54
181 182 93
181 209 35
181 215 41
181 237 82
181 249 45
181 251 96
181 252 76
182 266 39
182 276 83
182 283 39
182 206 27
182 214 71
182 222 21
182 224 73
182 208 42
182 233 94
182 254 91
183 256 24
183 272 31
183 274 73
183 296 40
183 211 28
183 223 90
183 224 21
183 263 36
183 226 41
183 235 6
183 240 26
183 250 38
184 274 88
184 295 30
184 201 87
184 202 55
184 208 89
185 269 68
185 279 36
185 280 87
185 283 65
185 292 98
185 293 47
185 189 62
185 197 17
185 212 81
185 214 68
185 224 93
185 235 43
186 266 58
186 297 60
186 287 38
186 190 54
186 215 60
186 226 7
186 212 81
186 230 62
186 247 68
186 249 24
187 263 77
187 202 84
187 210 90
187 231 82
187 234 80
187 239 61
187 244 46
187 250 82
188 259 98
188 193 8
188 271 71
188 283 80
188 194 57
188 203 35
188 206 64
188 229 12
188 230 30
188 231 32
188 254 13
189 257 23
189 264 67
189 293 14
189 299 28
189 214 17
189 218 91
189 220 40
189 223 67
189 224 72
189 250 22
189 253 49
190 269 46
190 273 84
190 259 56
190 277 79
190 282 46
190 295 41
190 297 62
190 193 41
190 198 5
190 205 61
190 219 38
190 227 81
190 233 53
190 242 30
191 196 72
191 291 33
191 202 89
191 203 68
191 205 15
191 207 27
191 210 61
191 227 67
191 228 16
191 237 64
191 251 0
192 228 98
192 289 52
192 279 87
192 276 9
192 246 58
192 255 63
192 286 27
193 260 94
193 268 55
193 273 58
193 280 86
193 282 57
193 198 69
193 295 21
193 296 44
193 297 40
193 208 66
193 223 0
193 274 36
193 240 29
193 254 64
194 257 22
194 261 7
194 286 95
194 299 37
194 205 96
194 242 4
195 271 61
195 276 64
195 277 84
195 281 14
195 221 10
195 198 13
195 209 1
195 210 80
195 211 14
195 219 57
195 220 93
195 247 26
196 262 12
196 263 15
196 279 90
196 286 94
196 288 12
196 200 28
196 201 31
196 207 89
196 218 75
196 219 71
196 272 55
196 248 11
197 273 96
197 276 42
197 278 80
197 286 43
197 211 84
197 200 89
197 201 14
197 203 75
197 227 56
197 214 33
197 224 64
198 290 82
198 257 9
198 212 90
198 293 4
198 222 27
199 289 17
199 263 71
199 249 2
199 298 53
199 203 16
199 297 77
200 261 81
200 263 82
200 264 50
200 282 67
200 207 49
200 220 85
200 219 88
200 238 79
201 225 87
201 210 67
201 205 37
201 242 88
201 211 19
201 249 73
201 282 41
201 219 58
201 298 7
202 257 23
202 273 37
202 277 19
202 293 57
202 203 72
202 212 74
202 214 32
202 219 29
202 247 62
202 255 45
203 260 73
203 284 100
203 287 17
203 289 100
203 290 11
203 209 83
203 213 64
203 222 14
203 224 25
203 227 41
203 243 88
203 244 61
203 249 16
204 270 45
204 284 27
204 290 37
204 221 11
204 233 32
204 242 100
204 248 77
205 260 74
205 270 49
205 286 38
205 294 1
205 216 6
205 217 44
205 218 65
205 219 81
205 220 9
205 225 87
205 251 46
206 289 25
206 294 3
206 213 3
206 231 99
206 249 8
207 299 87
207 215 32
207 264 52
208 267 62
208 261 74
208 231 98
208 235 65
208 268 63
208 269 5
208 281 62
208 253 1
208 293 76
209 282 31
209 290 54
209 295 64
209 292 24
209 228 54
209 242 67
209 255 97
210 289 98
210 283 3
210 294 56
210 218 68
211 260 30
211 261 28
211 269 47
211 272 100
211 277 3
211 295 47
211 299 44
211 213 55
211 223 56
211 235 9
212 265 78
212 236 19
212 221 35
212 244 76
212 238 73
212 247 37
212 283 57
213 260 20
213 270 51
213 287 76
213 288 80
213 296 17
213 250 77
213 251 49
214 257 41
214 269 32
214 222 4
214 226 14
214 252 26
215 286 53
215 223 2
216 259 16
216 268 69
216 275 100
216 281 82
216 219 27
216 230 56
216 241 72
216 255 34
217 289 54
217 230 39
217 263 32
217 276 26
217 246 96
217 282 92
218 296 55
218 274 25
218 272 94
218 223 9
219 267 0
219 281 22
219 292 15
219 294 18
219 222 44
219 224 36
219 245 68
219 246 80
219 253 10
220 258 94
220 259 58
220 265 58
220 281 38
220 260 50
220 287 37
220 226 78
220 274 84
220 247 1
221 288 28
221 290 55
221 228 38
221 298 31
221 269 33
221 243 50
221 253 81
221 296 29
222 260 20
222 265 6
222 274 26
222 279 66
222 293 12
222 295 40
222 289 0
222 237 39
222 246 75
223 260 6
223 265 64
223 272 34
223 237 33
223 238 75
223 239 5
224 257 38
224 269 17
224 283 70
224 285 10
224 262 53
224 294 99
224 288 89
224 242 0
225 257 68
225 275 30
225 270 37
225 248 58
225 287 5
226 270 83
226 276 86
226 230 82
226 241 31
226 249 100
226 253 90
227 260 31
227 291 35
227 297 73
228 270 15
228 274 21
228 282 70
228 285 22
228 289 63
228 293 56
228 232 88
228 255 32
229 293 61
229 298 94
229 278 6
229 286 39
230 279 75
230 282 47
230 286 85
230 290 11
230 295 93
230 297 73
230 298 69
230 265 82
230 247 36
230 232 53
230 237 54
230 255 34
230 241 57
230 233 75
230 251 72
231 260 73
231 279 46
231 289 78
231 294 5
231 297 20
231 269 77
231 273 60
232 260 33
232 266 37
232 281 36
232 286 100
232 298 88
232 299 6
232 245 13
232 238 36
233 264 7
233 273 49
233 261 78
233 290 71
233 294 9
233 251 19
234 259 80
234 297 89
234 242 96
234 247 97
235 277 24
235 290 47
235 293 32
235 245 6
235 247 54
235 252 22
236 263 33
236 237 64
236 275 94
237 261 35
237 276 78
237 293 74
237 241 15
237 249 74
237 254 52
238 262 14
238 275 65
238 277 43
238 261 65
238 241 37
238 243 93
238 249 22
238 253 20
238 254 13
239 287 60
239 259 81
239 251 51
239 255 37
240 265 81
240 280 9
240 251 2
241 261 68
241 284 81
241 283 69
241 294 42
241 295 44
241 242 10
241 245 0
241 254 18
242 279 59
242 269 48
242 289 26
242 253 87
243 263 76
243 265 14
243 281 26
243 286 62
244 296 51
244 289 10
244 271 66
245 295 39
245 297 12
245 251 17
245 254 37
246 257 38
246 280 54
246 273 26
246 252 30
247 272 87
247 284 57
247 291 92
248 260 44
248 265 41
248 270 15
248 275 61
248 284 22
248 250 15
249 285 29
249 251 85
249 254 25
250 261 85
250 268 8
250 280 18
250 281 97
250 287 51
250 254 57
251 260 53
251 288 96
253 261 37
253 270 19
253 290 88
254 276 4
254 294 61
255 256 70
255 261 18
255 272 63
255 278 66
256 260 85
256 264 93
257 278 21
257 290 51
257 299 25
258 261 70
258 287 94
259 284 85
259 293 81
260 273 73
261 276 81
262 299 46
262 295 40
263 268 2
263 282 34
263 286 96
263 290 66
264 292 91
264 286 52
265 273 35
265 285 49
265 286 27
265 269 20
266 289 47
266 268 3
267 269 95
267 270 4
267 288 90
268 276 13
268 296 84
268 281 54
268 298 31
269 274 75
269 276 21
270 273 38
270 283 62
270 297 71
271 275 65
271 283 67
272 289 76
272 277 64
273 283 18
274 282 36
274 299 8
275 277 68
275 286 63
276 277 28
277 294 50
279 289 58
280 282 22
280 283 12
280 299 86
281 292 18
282 284 21
282 286 75
282 288 20
283 285 41
283 295 61
287 297 39
288 298 74
290 293 45
290 298 20
291 294 67
296 298 65
