300 4000
0 129 39
0 261 23
0 1 4
0 136 50
0 11 20
0 89 19
0 28 13
0 161 13
0 34 60
0 292 5
0 296 41
0 46 67
0 184 91
0 193 8
0 71 69
0 80 36
0 86 22
0 36 91
0 218 47
0 91 34
0 92 45
0 227 82
0 100 60
0 118 98
0 250 45
0 252 87
1 261 70
1 262 10
1 135 86
1 138 94
1 11 0
1 275 98
1 23 15
1 280 67
1 154 58
1 293 100
1 40 13
1 47 81
1 177 26
1 52 49
1 54 92
1 62 12
1 66 36
1 182 73
1 200 100
1 78 1
1 236 43
1 296 94
1 244 65
1 245 39
1 72 40
1 124 92
1 255 16
2 257 89
2 162 10
2 99 45
2 54 95
2 167 59
2 72 31
2 188 18
2 266 18
2 43 33
2 142 65
2 81 61
2 115 91
2 276 14
2 22 9
2 9 87
2 169 25
2 122 40
2 92 78
2 29 25
3 132 79
3 7 81
3 271 19
3 275 26
3 149 91
3 150 97
3 217 56
3 280 65
3 260 43
3 26 6
3 283 39
3 284 69
3 32 87
3 45 72
3 174 71
3 50 33
3 182 100
3 68 94
3 197 15
3 71 50
3 72 17
3 86 86
3 228 84
3 90 43
3 15 15
3 100 32
3 230 36
3 178 25
3 254 34
4 256 46
4 257 22
4 134 98
4 9 88
4 139 26
4 140 8
4 270 92
4 21 16
4 23 32
4 289 78
4 163 47
4 165 35
4 295 49
4 298 75
4 172 15
4 180 43
4 53 64
4 186 80
4 191 21
4 268 81
4 205 47
4 227 20
4 84 75
4 213 96
4 87 21
4 216 13
4 224 35
4 98 23
4 251 66
4 106 69
4 108 69
4 110 20
4 239 40
4 249 59
4 63 99
4 255 62
5 256 57
5 8 11
5 268 1
5 286 31
5 33 38
5 291 86
5 296 41
5 178 65
5 51 78
5 189 25
5 191 49
5 64 83
5 207 99
5 212 75
5 91 57
5 98 45
5 227 9
5 228 13
5 231 36
5 234 67
5 113 10
5 63 70
5 125 90
6 34 19
6 196 92
6 133 55
6 9 64
6 170 21
6 235 67
6 12 78
6 46 49
6 79 35
6 144 73
6 82 52
6 19 73
6 212 93
6 151 28
6 185 1
6 285 46
6 59 81
6 60 62
6 221 95
6 63 30
7 133 57
7 263 93
7 11 33
7 273 49
7 18 20
7 276 44
7 284 51
7 197 100
7 291 44
7 36 35
7 176 4
7 69 18
7 73 23
7 202 54
7 205 32
7 292 44
7 224 92
7 227 45
7 105 30
7 107 37
7 238 26
7 113 34
7 242 96
7 115 44
8 129 14
8 258 4
8 137 30
8 141 96
8 16 33
8 20 51
8 299 97
8 52 70
8 58 20
8 59 22
8 188 56
8 197 10
8 198 83
8 200 13
8 74 67
8 204 45
8 205 68
8 89 71
8 224 15
8 98 36
8 103 96
8 233 11
9 11 12
9 269 89
9 19 79
9 22 24
9 132 89
9 163 65
9 177 62
9 51 60
9 64 70
9 194 25
9 196 5
9 74 55
9 204 5
9 80 70
9 82 37
9 223 30
9 103 17
9 106 17
9 109 68
9 112 73
9 258 46
9 247 46
10 257 74
10 130 36
10 138 99
10 268 23
10 144 13
10 17 0
10 277 49
10 111 79
10 32 88
10 289 33
10 293 38
10 38 8
10 169 90
10 42 30
10 47 97
10 50 85
10 60 45
10 198 66
10 70 61
10 72 16
10 201 19
10 78 31
10 82 96
10 219 58
10 221 6
10 225 90
10 98 33
10 104 60
10 233 93
10 106 51
10 253 13
10 240 50
10 242 76
10 116 21
10 123 92
10 125 28
11 128 87
11 259 41
11 134 40
11 32 12
11 34 79
11 35 49
11 293 62
11 299 20
11 175 17
11 177 15
11 50 51
11 183 98
11 69 7
11 199 55
11 72 40
11 202 1
11 290 35
11 206 38
11 205 46
11 163 44
11 86 36
11 215 46
11 88 100
11 92 85
11 229 99
11 102 25
11 232 51
11 113 88
11 246 3
11 124 45
12 128 68
12 258 13
12 273 80
12 149 91
12 151 79
12 25 34
12 160 68
12 173 3
12 175 28
12 50 27
12 182 41
12 57 22
12 195 93
12 54 99
12 71 29
12 203 19
12 78 13
12 84 68
12 91 56
12 228 12
12 229 20
12 115 58
12 248 83
12 250 90
13 257 47
13 136 69
13 153 66
13 282 32
13 285 26
13 32 14
13 164 5
13 166 95
13 40 85
13 169 13
13 44 59
13 181 81
13 53 48
13 63 2
13 64 79
13 195 50
13 196 69
13 72 90
13 91 42
13 92 72
13 94 52
13 101 34
13 230 20
13 233 33
13 116 15
13 117 53
13 246 87
13 124 42
13 255 1
14 128 26
14 131 4
14 140 70
14 15 4
14 19 1
14 150 46
14 156 72
14 294 67
14 169 74
14 173 50
14 174 16
14 48 33
14 178 9
14 147 66
14 71 39
14 207 9
14 80 63
14 79 52
14 222 90
14 226 68
14 228 15
14 230 67
14 115 73
15 130 71
15 260 35
15 139 55
15 269 84
15 143 94
15 272 10
15 273 54
15 18 21
15 147 65
15 149 74
15 28 54
15 30 49
15 31 78
15 160 38
15 298 45
15 173 86
15 50 7
15 182 20
15 55 15
15 57 24
15 64 21
15 288 2
15 195 85
15 77 71
15 207 66
15 212 65
15 214 6
15 219 36
15 94 17
15 225 97
15 226 25
15 228 10
15 102 40
15 17 1
15 106 3
16 259 41
16 261 65
16 264 22
16 144 92
16 171 80
16 280 96
16 27 29
16 284 48
16 295 50
16 43 81
16 178 4
16 54 0
16 185 57
16 60 53
16 62 33
16 64 63
16 193 8
16 200 57
16 201 41
16 213 98
16 231 25
16 105 90
16 107 26
16 177 20
16 246 16
16 122 4
17 150 38
17 262 51
17 137 63
17 138 99
17 275 20
17 22 28
17 160 78
17 290 85
17 171 48
17 172 97
17 51 51
17 197 5
17 198 31
17 199 99
17 215 84
17 223 99
17 99 15
17 107 15
17 109 67
17 113 89
17 243 10
18 128 59
18 257 42
18 226 35
18 165 3
18 211 44
18 39 98
18 265 78
18 266 71
18 44 100
18 79 77
18 179 17
18 244 26
18 60 65
18 191 29
19 272 17
19 24 78
19 153 40
19 287 23
19 33 24
19 44 4
19 176 16
19 51 45
19 65 53
19 69 18
19 76 91
19 80 7
19 83 97
19 84 64
19 87 91
19 224 54
19 228 29
19 101 21
19 238 76
19 251 48
19 127 66
20 128 68
20 129 60
20 269 9
20 276 22
20 283 26
20 157 61
20 288 54
20 289 37
20 292 53
20 293 3
20 166 40
20 171 5
20 173 18
20 51 34
20 54 79
20 188 61
20 63 81
20 197 9
20 201 69
20 80 84
20 82 6
20 217 82
20 92 4
20 99 8
20 100 73
20 105 26
20 107 97
20 108 57
20 237 37
20 250 88
20 254 31
21 134 95
21 136 50
21 138 57
21 271 53
21 275 65
21 284 41
21 291 28
21 37 11
21 166 24
21 296 41
21 28 93
21 264 45
21 57 82
21 61 61
21 195 11
21 196 95
21 205 47
21 85 73
21 228 4
21 106 57
21 117 45
21 120 21
22 135 87
22 266 59
22 24 87
22 27 65
22 287 14
22 291 47
22 37 84
22 298 33
22 43 0
22 172 14
22 242 70
22 46 62
22 179 82
22 194 57
22 68 78
22 71 3
22 204 0
22 77 45
22 78 51
22 81 22
22 216 52
22 217 79
22 218 29
22 99 38
22 273 54
22 105 94
22 109 97
22 240 31
22 114 55
22 126 42
23 264 30
23 138 94
23 272 20
23 145 82
23 260 73
23 154 52
23 158 56
23 288 15
23 295 26
23 174 12
23 178 7
23 52 79
23 53 97
23 68 95
23 70 93
23 72 12
23 74 31
23 209 53
23 218 61
23 99 16
23 243 99
23 117 65
24 256 58
24 267 29
24 274 49
24 149 97
24 27 92
24 159 30
24 292 41
24 165 50
24 296 23
24 169 66
24 177 6
24 180 69
24 53 73
24 185 26
24 187 9
24 61 85
24 65 67
24 67 45
24 209 13
24 217 47
24 223 5
24 224 66
24 225 82
24 229 5
24 102 41
24 235 15
24 40 87
24 147 92
24 116 84
25 132 77
25 270 75
25 153 44
25 28 45
25 288 49
25 161 68
25 40 30
25 297 15
25 170 26
25 179 72
25 58 83
25 70 78
25 207 78
25 208 72
25 225 65
25 227 91
25 103 79
25 104 0
25 108 24
25 109 7
25 244 4
25 248 20
25 121 11
25 251 72
26 225 16
26 195 7
26 165 4
26 134 87
26 71 2
26 291 28
26 298 25
26 171 44
26 29 27
26 239 18
26 209 9
26 163 18
26 213 52
26 280 62
26 160 58
26 282 47
26 166 81
26 202 39
26 120 82
26 133 81
27 150 4
27 28 6
27 31 66
27 32 41
27 156 89
27 172 38
27 177 43
27 51 85
27 55 79
27 56 12
27 185 40
27 62 18
27 194 51
27 72 58
27 227 12
27 84 65
27 222 82
27 99 52
27 229 93
27 116 69
27 246 7
28 130 5
28 259 56
28 262 30
28 265 32
28 138 20
28 268 17
28 175 5
28 273 90
28 280 15
28 154 6
28 283 63
28 289 56
28 293 39
28 47 10
28 55 96
28 185 46
28 62 97
28 63 7
28 65 88
28 70 84
28 211 53
28 91 31
28 96 36
28 225 31
28 102 69
28 242 70
28 123 60
28 252 99
28 254 62
29 264 14
29 272 75
29 151 82
29 30 91
29 159 21
29 33 24
29 290 18
29 37 24
29 42 31
29 43 29
29 186 48
29 187 20
29 76 95
29 206 83
29 212 98
29 213 0
29 242 93
29 119 97
29 248 18
29 124 32
30 133 81
30 134 4
30 138 88
30 280 62
30 153 17
30 289 16
30 34 68
30 163 15
30 36 47
30 38 89
30 167 30
30 298 19
30 174 80
30 176 58
30 49 59
30 65 49
30 202 86
30 78 59
30 80 95
30 81 2
30 86 74
30 222 32
30 97 6
30 230 77
30 234 69
30 111 73
30 124 83
30 255 88
31 130 2
31 131 10
31 267 25
31 140 61
31 141 37
31 272 21
31 275 41
31 158 3
31 34 25
31 169 26
31 172 85
31 174 14
31 177 98
31 178 83
31 189 14
31 190 33
31 203 19
31 76 16
31 208 2
31 101 64
31 251 71
31 254 66
32 128 25
32 86 38
32 134 62
32 265 44
32 140 94
32 131 91
32 148 86
32 294 37
32 297 56
32 43 100
32 48 29
32 182 5
32 56 36
32 76 89
32 208 34
32 214 7
32 219 70
32 233 73
32 255 60
33 135 96
33 136 49
33 266 55
33 267 65
33 159 46
33 34 20
33 168 86
33 299 69
33 183 64
33 194 23
33 139 100
33 214 7
33 90 47
33 231 99
33 233 100
33 107 85
33 237 63
33 112 23
33 243 52
33 122 17
33 251 79
34 257 75
34 135 55
34 195 16
34 290 22
34 35 29
34 292 93
34 165 31
34 38 43
34 295 87
34 46 42
34 51 0
34 185 49
34 62 88
34 65 31
34 67 62
34 74 54
34 163 31
34 84 47
34 103 70
34 240 19
34 127 0
35 131 0
35 263 82
35 280 49
35 284 71
35 288 18
35 162 44
35 38 81
35 39 67
35 298 16
35 46 38
35 47 59
35 187 5
35 201 77
35 203 15
35 82 93
35 211 53
35 88 49
35 103 65
35 105 54
35 108 52
35 244 70
35 249 65
36 259 79
36 132 80
36 134 22
36 266 16
36 150 98
36 285 66
36 291 92
36 295 72
36 47 63
36 200 91
36 53 44
36 182 38
36 67 49
36 72 52
36 220 59
36 105 34
36 237 60
36 244 22
36 247 37
36 254 47
37 130 43
37 135 85
37 138 48
37 139 17
37 273 83
37 282 9
37 161 15
37 46 49
37 181 40
37 184 46
37 58 24
37 59 59
37 61 37
37 75 4
37 81 34
37 87 2
37 216 64
37 92 99
37 99 82
37 237 34
37 242 88
37 245 10
37 251 4
38 43 9
38 268 5
38 275 73
38 277 2
38 278 42
38 167 24
38 170 41
38 171 3
38 174 55
38 181 20
38 187 62
38 192 11
38 70 31
38 200 96
38 201 84
38 203 94
38 81 80
38 291 66
38 88 77
38 225 99
38 237 79
38 239 97
38 246 52
39 263 11
39 138 42
39 267 19
39 144 10
39 151 41
39 284 65
39 157 12
39 287 72
39 289 47
39 167 51
39 156 85
39 172 28
39 173 47
39 179 80
39 204 58
39 210 68
39 87 87
39 218 33
39 220 68
39 222 10
39 226 36
39 107 35
39 237 66
39 240 85
40 192 78
40 150 83
40 214 67
40 295 99
40 296 31
40 106 0
40 77 74
40 50 41
40 180 90
40 54 32
40 183 43
40 248 56
40 90 51
40 156 14
40 94 91
40 223 79
41 259 69
41 134 3
41 264 26
41 139 66
41 269 84
41 144 63
41 277 9
41 281 20
41 164 36
41 262 50
41 44 13
41 50 6
41 185 98
41 58 87
41 190 70
41 63 45
41 194 42
41 199 88
41 78 56
41 96 8
41 99 63
41 107 21
41 237 32
41 245 52
42 265 96
42 273 33
42 280 63
42 162 34
42 165 59
42 170 31
42 175 95
42 49 8
42 52 3
42 53 46
42 187 97
42 138 9
42 197 35
42 212 65
42 87 7
42 89 99
42 95 11
42 227 32
42 109 59
42 113 86
42 247 53
43 257 31
43 259 72
43 271 76
43 151 29
43 160 88
43 290 31
43 292 96
43 169 86
43 46 77
43 48 50
43 51 34
43 184 18
43 187 12
43 189 23
43 191 46
43 65 77
43 194 95
43 75 49
43 78 27
43 230 64
43 107 13
43 238 96
43 118 44
43 252 94
44 260 41
44 134 20
44 138 35
44 139 49
44 143 74
44 272 67
44 282 33
44 285 74
44 114 95
44 52 7
44 185 21
44 190 1
44 72 85
44 208 5
44 215 91
44 89 92
44 98 23
44 233 33
44 107 1
44 242 87
44 247 66
44 121 19
44 250 40
44 251 73
45 128 14
45 134 72
45 271 10
45 144 53
45 145 27
45 285 60
45 287 58
45 160 31
45 169 99
45 56 29
45 57 68
45 187 18
45 61 54
45 190 49
45 203 87
45 83 18
45 220 58
45 98 35
45 231 26
45 232 32
45 107 13
45 114 18
45 124 56
46 257 45
46 141 50
46 151 38
46 280 71
46 286 11
46 292 10
46 167 90
46 169 72
46 178 81
46 180 33
46 54 13
46 60 28
46 195 92
46 197 55
46 201 87
46 79 46
46 208 52
46 81 18
46 88 94
46 97 43
46 106 22
46 114 93
46 117 18
46 120 12
46 125 86
47 257 12
47 140 99
47 145 97
47 281 48
47 282 69
47 155 49
47 288 83
47 283 59
47 169 30
47 178 56
47 67 21
47 209 87
47 216 73
47 220 24
47 93 98
47 101 54
47 230 93
47 110 19
47 112 50
47 113 35
47 243 89
47 250 67
47 255 13
48 171 14
48 262 44
48 143 0
48 144 58
48 155 80
48 158 88
48 289 78
48 299 68
48 173 79
48 177 45
48 53 87
48 54 38
48 55 0
48 186 14
48 72 14
48 219 82
48 105 30
48 238 18
48 118 19
48 121 23
49 133 62
49 108 32
49 266 88
49 146 60
49 276 12
49 281 40
49 161 23
49 297 38
49 174 22
49 50 64
49 54 64
49 57 29
49 61 12
49 196 60
49 77 92
49 205 7
49 209 56
49 86 19
49 90 73
49 102 58
49 236 24
49 112 15
49 248 23
49 298 33
50 258 5
50 132 52
50 134 17
50 150 68
50 285 96
50 160 96
50 51 39
50 54 84
50 189 37
50 198 7
50 200 90
50 268 17
50 80 16
50 85 2
50 217 78
50 222 87
50 102 17
50 104 9
50 105 50
50 238 45
50 296 84
50 120 49
50 251 21
51 256 33
51 129 46
51 259 30
51 136 85
51 138 44
51 139 52
51 143 96
51 278 82
51 282 29
51 285 42
51 286 94
51 165 55
51 241 24
51 56 38
51 194 67
51 195 11
51 147 0
51 211 60
51 212 14
51 101 86
51 230 38
51 113 87
51 243 85
51 244 1
51 251 25
51 253 15
52 130 91
52 131 43
52 133 34
52 295 42
52 77 77
52 78 64
52 175 34
52 113 2
52 206 100
52 247 74
52 55 75
52 92 91
52 125 87
52 85 14
52 149 73
53 261 44
53 262 4
53 267 28
53 142 78
53 282 44
53 159 87
53 167 96
53 299 77
53 54 10
53 59 6
53 60 66
53 65 38
53 194 6
53 199 54
53 201 56
53 213 6
53 164 93
53 218 58
53 220 24
53 103 89
53 116 46
53 245 97
53 124 27
53 253 17
54 135 72
54 267 47
54 273 33
54 275 100
54 163 32
54 295 90
54 175 48
54 57 94
54 190 2
54 191 36
54 147 91
54 202 74
54 77 6
54 80 6
54 213 82
54 216 98
54 96 13
54 98 40
54 228 78
54 229 27
54 232 61
54 236 34
54 109 24
54 113 87
54 115 90
54 244 82
54 249 28
54 125 23
55 256 23
55 134 44
55 135 67
55 142 63
55 151 68
55 154 66
55 176 90
55 171 67
55 175 3
55 198 45
55 214 21
55 90 67
55 91 15
55 99 99
55 106 74
55 241 44
55 115 44
55 116 10
55 124 88
55 125 50
55 255 27
56 134 51
56 273 38
56 147 18
56 149 58
56 278 47
56 154 21
56 297 80
56 174 56
56 182 34
56 183 59
56 58 88
56 199 42
56 201 5
56 204 90
56 80 39
56 82 100
56 90 73
56 224 70
56 225 32
56 229 44
56 239 0
56 116 92
56 246 77
56 251 16
57 133 65
57 262 22
57 135 95
57 279 71
57 152 26
57 157 16
57 287 81
57 289 2
57 171 4
57 185 70
57 188 59
57 65 43
57 74 80
57 143 35
57 214 15
57 87 61
57 271 90
57 93 27
57 95 45
57 114 0
57 243 86
58 132 97
58 264 74
58 142 94
58 271 13
58 272 99
58 149 26
58 260 53
58 156 25
58 288 73
58 219 9
58 292 94
58 166 86
58 177 89
58 190 63
58 160 100
58 195 59
58 68 67
58 205 71
58 77 72
58 284 10
58 87 17
58 217 69
58 143 59
58 98 87
58 102 98
58 250 76
59 265 76
59 67 53
59 149 7
59 165 24
59 298 88
59 176 13
59 183 79
59 189 96
59 192 87
59 193 23
59 194 89
59 195 15
59 197 64
59 200 30
59 202 44
59 85 15
59 89 89
59 93 81
59 235 0
59 242 55
59 246 84
59 119 15
59 123 48
59 124 76
60 260 25
60 263 20
60 137 22
60 142 71
60 281 26
60 283 43
60 157 2
60 159 85
60 298 62
60 186 0
60 67 37
60 198 87
60 71 9
60 202 33
60 77 52
60 211 98
60 146 36
60 239 78
60 114 5
60 117 81
61 257 16
61 130 99
61 137 29
61 142 97
61 278 87
61 284 41
61 285 85
61 290 93
61 163 39
61 296 77
61 173 15
61 68 90
61 201 5
61 75 63
61 210 38
61 291 33
61 214 30
61 216 42
61 217 22
61 223 62
61 98 4
61 229 15
61 234 13
61 110 88
61 83 3
61 293 44
61 123 45
62 160 74
62 144 17
62 299 49
62 97 68
62 257 46
62 264 40
62 138 81
62 135 81
62 204 17
62 272 96
62 143 83
62 208 7
62 81 29
62 279 56
62 282 63
63 263 32
63 265 85
63 141 20
63 270 59
63 272 98
63 274 77
63 154 29
63 155 37
63 161 51
63 164 12
63 293 31
63 180 10
63 188 69
63 191 41
63 193 97
63 81 43
63 211 92
63 212 96
63 142 3
63 216 42
63 94 23
63 99 53
64 96 61
64 132 71
64 69 85
64 168 26
64 138 88
64 108 24
64 175 33
64 82 96
64 204 21
64 150 19
64 196 26
64 186 97
64 187 21
64 221 66
64 133 31
65 129 18
65 261 42
65 264 78
65 137 27
65 268 45
65 144 0
65 151 46
65 297 96
65 174 42
65 188 97
65 207 36
65 80 90
65 81 52
65 88 93
65 219 39
65 224 66
65 225 26
65 101 30
65 235 82
65 240 88
65 117 28
65 119 83
66 288 72
66 139 5
66 133 57
66 199 46
66 136 3
66 137 47
66 202 42
66 183 40
66 77 62
66 174 49
66 221 74
66 274 59
66 147 95
66 182 43
66 233 70
66 280 47
66 122 38
66 285 67
66 254 85
66 197 12
67 138 64
67 269 29
67 279 68
67 280 46
67 155 66
67 295 67
67 296 26
67 169 64
67 176 51
67 202 76
67 213 75
67 216 37
67 221 81
67 94 76
67 224 40
67 225 83
67 167 66
67 238 59
67 245 96
67 120 33
67 249 45
67 251 70
67 253 92
67 254 60
68 258 96
68 133 83
68 137 67
68 139 48
68 269 70
68 271 77
68 161 39
68 162 65
68 295 98
68 296 53
68 173 80
68 223 88
68 193 74
68 205 69
68 206 40
68 209 63
68 213 21
68 214 38
68 219 38
68 92 84
68 95 37
68 101 61
68 235 78
68 189 82
68 113 17
68 247 14
69 193 25
69 240 41
69 203 7
69 101 37
69 198 3
69 296 7
69 205 45
69 272 20
69 80 40
69 81 14
69 75 76
69 120 40
69 250 70
69 219 12
69 158 28
69 159 30
70 260 32
70 261 34
70 262 96
70 142 55
70 276 70
70 279 15
70 295 16
70 298 86
70 172 100
70 173 63
70 189 94
70 81 1
70 211 86
70 218 6
70 93 39
70 99 65
70 100 26
70 102 7
70 230 78
70 235 4
70 118 39
71 130 68
71 259 30
71 137 87
71 274 64
71 149 51
71 150 86
71 151 81
71 157 51
71 170 40
71 177 14
71 183 83
71 193 86
71 82 16
71 92 28
71 226 86
71 236 29
71 210 83
71 111 55
71 115 86
71 119 99
71 124 99
71 253 21
72 134 40
72 140 88
72 141 62
72 154 20
72 157 1
72 292 57
72 178 37
72 181 56
72 183 93
72 198 62
72 199 49
72 200 66
72 208 94
72 216 59
72 79 46
72 101 17
72 104 81
72 108 22
72 239 27
72 243 87
72 125 66
73 203 33
73 196 33
73 204 93
73 106 20
73 107 100
73 172 13
73 173 18
73 110 0
73 207 6
73 236 20
73 150 97
73 119 61
73 152 84
73 153 43
73 90 36
73 79 26
73 154 14
74 130 84
74 269 17
74 284 63
74 218 0
74 160 91
74 292 5
74 92 30
74 177 50
74 194 22
74 195 43
74 199 78
74 204 85
74 290 67
74 211 78
74 185 46
74 88 65
74 89 33
74 90 58
74 220 13
74 101 4
74 229 18
74 103 50
74 106 74
74 235 60
74 246 92
74 252 35
75 139 28
75 273 57
75 147 88
75 278 5
75 151 7
75 281 63
75 291 17
75 298 29
75 178 54
75 182 92
75 190 87
75 198 91
75 204 66
75 203 38
75 76 24
75 209 80
75 224 35
75 99 18
75 232 66
75 233 82
75 106 33
75 237 92
75 239 46
75 240 29
75 115 47
75 125 96
75 255 81
76 263 96
76 268 5
76 274 55
76 275 43
76 276 32
76 281 69
76 156 34
76 297 27
76 298 86
76 182 28
76 194 36
76 77 98
76 212 36
76 87 14
76 224 18
76 102 6
76 231 28
76 127 44
77 260 57
77 283 88
77 295 80
77 169 66
77 298 23
77 171 32
77 183 18
77 209 57
77 87 71
77 89 31
77 98 1
77 104 19
77 236 77
77 110 97
77 241 49
77 118 67
77 249 58
78 299 68
78 261 63
78 274 5
78 285 59
78 166 45
78 173 14
78 180 60
78 182 6
78 211 45
78 212 71
78 218 19
78 96 96
78 97 46
78 233 74
78 238 23
78 113 24
78 83 45
78 244 53
78 127 17
79 256 5
79 142 31
79 273 18
79 275 100
79 278 55
79 165 23
79 295 81
79 298 93
79 175 14
79 182 30
79 201 34
79 212 30
79 220 58
79 94 32
79 227 4
79 100 76
79 106 41
79 111 26
79 241 100
79 242 68
79 117 2
79 248 96
80 129 35
80 132 27
80 135 47
80 157 82
80 288 78
80 171 81
80 179 87
80 195 58
80 196 4
80 206 55
80 88 80
80 217 60
80 92 46
80 223 43
80 98 34
80 228 58
80 234 27
80 109 81
80 238 56
80 241 30
80 247 0
80 248 97
80 276 56
80 122 51
80 252 4
81 257 12
81 269 63
81 270 39
81 145 32
81 149 15
81 152 7
81 160 90
81 164 29
81 168 19
81 178 91
81 158 94
81 191 73
81 86 72
81 224 51
81 97 62
81 230 76
81 121 15
82 263 59
82 141 55
82 142 93
82 219 57
82 146 84
82 276 35
82 284 80
82 157 18
82 159 41
82 182 87
82 265 79
82 198 62
82 204 46
82 209 11
82 84 75
82 218 52
82 91 82
82 222 32
82 223 60
82 225 61
82 100 44
82 101 25
82 237 75
82 112 43
82 241 42
82 117 7
82 121 13
82 251 35
83 131 48
83 133 45
83 137 8
83 287 39
83 290 94
83 165 90
83 180 81
83 191 73
83 205 39
83 210 25
83 217 80
83 218 0
83 94 37
83 96 98
83 102 3
83 104 10
83 235 47
83 108 42
83 189 81
83 116 30
83 118 61
83 252 76
83 253 47
84 128 49
84 196 36
84 165 50
84 134 91
84 209 9
84 168 51
84 129 33
84 138 31
84 271 90
84 112 37
84 296 31
84 211 45
84 213 72
84 95 12
85 128 2
85 161 3
85 163 37
85 228 16
85 198 66
85 170 75
85 235 2
85 173 31
85 175 26
85 216 12
85 115 71
85 246 68
85 152 34
86 227 65
86 230 58
86 145 65
86 105 94
86 298 31
86 208 55
86 278 45
86 279 67
86 120 54
86 87 99
86 221 38
86 247 83
87 128 2
87 262 23
87 148 29
87 281 93
87 296 31
87 190 30
87 201 93
87 206 46
87 205 0
87 213 83
87 214 13
87 90 14
87 98 72
87 111 16
87 242 3
87 244 87
88 275 87
88 155 31
88 175 21
88 191 81
88 196 46
88 203 9
88 207 9
88 99 66
88 89 90
88 227 37
88 166 98
88 232 6
88 233 6
88 116 56
88 126 73
89 269 23
89 143 70
89 153 25
89 160 87
89 290 43
89 165 14
89 196 39
89 206 1
89 218 66
89 223 25
89 100 27
89 229 75
89 237 15
89 243 92
89 125 80
90 128 52
90 134 67
90 270 5
90 146 41
90 151 78
90 167 13
90 174 88
90 182 77
90 186 1
90 194 82
90 205 80
90 207 71
90 214 7
90 222 77
90 295 50
90 240 59
90 241 24
90 243 24
90 116 50
90 245 36
90 251 73
91 128 76
91 270 52
91 271 17
91 152 32
91 158 5
91 294 51
91 295 57
91 156 23
91 179 74
91 191 3
91 197 26
91 201 83
91 237 40
91 218 1
91 219 39
91 225 72
91 229 85
91 106 55
91 235 12
91 109 82
91 113 19
91 242 32
91 243 83
91 245 74
91 122 50
91 124 17
92 147 90
92 276 44
92 286 30
92 289 65
92 163 90
92 173 10
92 187 94
92 190 18
92 194 68
92 139 100
92 203 46
92 220 99
92 94 55
92 104 57
92 108 53
93 263 19
93 146 25
93 282 67
93 293 2
93 166 7
93 298 35
93 191 9
93 192 2
93 196 49
93 197 48
93 208 70
93 211 61
93 104 99
93 235 82
93 244 96
93 117 11
93 250 4
93 127 80
94 129 0
94 130 42
94 131 55
94 273 91
94 275 86
94 280 48
94 286 91
94 164 87
94 169 45
94 185 96
94 188 58
94 192 63
94 215 41
94 216 27
94 223 45
94 229 20
94 234 22
94 109 49
94 112 91
95 246 82
95 130 42
95 195 34
95 118 97
95 199 39
95 137 5
95 266 89
95 103 35
95 273 17
95 158 39
95 241 73
95 277 82
95 214 91
95 186 8
95 251 39
95 254 72
95 181 57
96 256 52
96 132 83
96 150 92
96 262 67
96 264 69
96 270 52
96 278 64
96 296 20
96 173 23
96 177 53
96 195 70
96 103 2
96 237 75
96 240 23
96 243 13
96 118 61
96 250 43
96 127 74
97 131 97
97 146 36
97 275 24
97 277 72
97 151 50
97 287 44
97 176 10
97 184 90
97 215 68
97 217 7
97 218 81
97 223 7
97 235 46
97 108 73
97 109 55
97 111 74
97 254 43
97 248 23
97 252 6
97 126 85
98 132 21
98 262 55
98 264 37
98 140 94
98 142 81
98 147 34
98 152 61
98 283 62
98 289 11
98 166 7
98 167 85
98 180 46
98 181 19
98 188 73
98 99 80
98 228 54
98 236 23
98 275 78
98 253 30
98 255 18
99 259 31
99 274 11
99 286 37
99 296 39
99 298 83
99 177 93
99 182 6
99 200 29
99 213 9
99 216 40
99 226 91
99 101 29
99 232 50
99 112 3
99 243 41
99 116 35
99 249 64
99 251 32
99 252 86
99 126 66
100 137 50
100 140 44
100 131 12
100 149 13
100 278 49
100 284 47
100 287 96
100 294 1
100 156 91
100 203 46
100 247 32
100 218 22
100 237 88
100 116 21
100 119 3
100 254 48
101 134 36
101 265 80
101 275 41
101 276 2
101 281 25
101 162 67
101 169 57
101 298 35
101 172 11
101 195 71
101 213 68
101 224 64
101 239 43
101 126 40
102 261 39
102 145 93
102 276 2
102 174 22
102 179 30
102 185 85
102 186 11
102 187 45
102 192 58
102 139 98
102 203 85
102 267 95
102 237 15
102 253 19
102 127 25
103 271 20
103 273 38
103 152 33
103 283 34
103 159 100
103 168 76
103 224 55
103 198 15
103 203 45
103 290 51
103 218 29
103 222 15
103 244 55
103 248 92
104 130 90
104 137 31
104 139 80
104 147 0
104 154 53
104 294 48
104 188 23
104 214 88
104 225 89
104 227 3
104 229 84
104 233 88
104 241 82
104 245 15
104 250 95
104 252 54
105 129 44
105 131 100
105 150 16
105 264 75
105 167 36
105 177 17
105 178 99
105 184 39
105 190 33
105 196 36
105 212 56
105 224 59
105 231 23
105 106 46
105 245 36
105 254 17
106 262 60
106 263 2
106 219 94
106 165 77
106 171 37
106 182 86
106 185 98
106 198 60
106 205 6
106 210 42
106 227 54
106 235 77
106 110 53
106 239 82
106 242 4
106 243 77
106 244 82
106 123 1
106 124 20
107 132 53
107 135 18
107 264 58
107 142 12
107 271 12
107 274 12
107 149 41
107 153 33
107 155 59
107 157 55
107 286 5
107 163 37
107 292 89
107 166 99
107 168 74
107 175 16
107 208 69
107 173 94
107 211 56
107 233 60
107 108 10
107 113 46
107 116 14
107 246 7
107 119 27
107 122 16
107 123 80
107 126 99
108 235 95
108 261 99
108 264 9
108 268 76
108 279 65
108 283 73
108 163 38
108 178 40
108 189 33
108 239 20
108 118 53
108 121 50
108 123 59
108 124 57
109 134 8
109 143 57
109 275 58
109 283 73
109 156 19
109 172 93
109 187 76
109 188 94
109 191 99
109 192 21
109 182 57
109 205 7
109 213 80
109 214 95
109 240 93
109 241 47
109 244 76
109 254 18
109 255 49
110 192 67
110 195 60
110 283 52
110 260 53
110 261 76
110 134 100
110 168 22
110 166 15
110 174 44
110 163 37
110 137 51
110 196 47
110 191 94
110 284 43
110 159 12
111 277 93
111 164 29
111 261 32
111 134 93
111 173 27
111 207 84
111 181 63
111 186 3
111 123 81
111 221 74
111 287 25
112 128 45
112 259 43
112 260 3
112 261 83
112 268 24
112 269 75
112 145 49
112 279 82
112 168 99
112 298 37
112 187 20
112 202 96
112 204 28
112 211 67
112 212 92
112 235 73
112 124 15
113 272 18
113 150 2
113 291 30
113 171 56
113 174 13
113 181 99
113 197 20
113 207 28
113 220 90
113 226 37
113 145 37
113 234 55
113 239 17
113 115 18
113 244 34
113 253 78
114 160 22
114 129 12
114 257 2
114 136 21
114 139 60
114 237 80
114 238 78
114 143 94
114 173 71
114 115 89
114 213 86
114 264 26
115 264 19
115 139 8
115 258 61
115 275 22
115 159 41
115 291 67
115 176 81
115 186 80
115 188 14
115 189 39
115 192 4
115 198 38
115 205 5
115 233 75
115 239 91
115 244 32
115 245 82
115 119 23
115 249 93
116 135 74
116 265 18
116 283 77
116 285 40
116 286 36
116 291 90
116 168 47
116 172 50
116 173 22
116 178 39
116 189 91
116 193 72
116 198 4
116 204 99
116 251 18
116 252 85
116 255 83
117 257 35
117 131 12
117 132 67
117 133 7
117 262 83
117 138 94
117 271 48
117 145 65
117 146 91
117 152 74
117 155 5
117 284 53
117 286 66
117 167 50
117 296 4
117 187 30
117 202 64
117 208 23
117 235 63
117 238 93
117 239 4
118 130 72
118 261 52
118 262 26
118 274 16
118 277 80
118 281 34
118 283 84
118 298 92
118 299 13
118 174 31
118 175 60
118 199 95
118 208 50
118 214 50
118 239 82
118 250 11
118 170 63
119 257 78
119 265 78
119 138 62
119 269 93
119 142 10
119 156 99
119 287 16
119 293 69
119 170 38
119 171 17
119 177 8
119 180 87
119 185 45
119 194 23
119 198 83
119 199 88
119 207 33
119 209 4
119 216 63
119 217 43
119 219 49
119 231 92
119 241 60
119 121 74
119 127 87
120 129 57
120 258 68
120 142 17
120 265 51
120 298 3
120 171 27
120 289 64
120 180 82
120 154 2
120 188 26
120 125 53
120 287 43
121 256 25
121 260 48
121 133 72
121 271 95
121 147 15
121 154 31
121 287 32
121 161 18
121 174 41
121 209 44
121 215 21
121 218 32
121 226 46
121 243 2
121 244 68
121 253 85
121 255 88
122 288 87
122 203 75
122 164 48
122 295 43
122 193 3
122 238 78
122 241 8
122 275 73
122 180 11
122 247 61
122 249 93
122 251 67
122 215 57
122 223 44
123 260 29
123 293 40
123 199 56
123 169 92
123 176 84
123 179 19
123 276 64
123 247 65
123 283 25
123 186 34
123 175 4
123 286 84
124 257 72
124 260 38
124 262 36
124 269 93
124 142 96
124 146 38
124 279 7
124 153 14
124 161 43
124 163 17
124 294 85
124 170 28
124 184 73
124 186 33
124 194 45
124 224 71
124 227 81
124 232 37
125 139 12
125 141 53
125 274 47
125 283 42
125 288 18
125 291 29
125 292 95
125 167 47
125 186 53
125 160 90
125 197 45
125 204 7
125 269 62
125 163 61
125 218 5
125 224 72
125 226 9
125 295 46
125 248 21
126 257 84
126 130 71
126 131 12
126 134 9
126 137 23
126 141 14
126 274 93
126 167 96
126 171 3
126 172 47
126 187 41
126 200 91
126 214 86
126 221 57
126 239 64
126 252 100
127 130 96
127 143 23
127 144 1
127 281 36
127 283 87
127 285 62
127 293 63
127 166 31
127 297 69
127 185 81
127 192 82
127 207 13
127 215 26
127 225 7
127 231 40
127 233 51
127 238 80
127 244 25
127 254 16
128 130 28
128 131 93
128 259 59
128 151 34
128 281 26
128 154 8
128 284 1
128 157 48
128 289 21
128 164 54
128 169 8
128 174 56
128 186 14
128 191 62
128 192 53
128 193 56
128 195 38
128 196 44
128 205 88
128 156 91
128 239 33
129 256 74
129 131 68
129 261 31
129 193 0
129 265 23
129 138 29
129 141 48
129 144 29
129 150 75
129 281 71
129 288 59
129 175 2
129 176 46
129 178 58
129 197 74
129 272 32
129 230 83
129 237 87
129 239 72
129 242 95
130 259 33
130 156 76
130 157 75
130 293 38
130 296 52
130 299 92
130 172 16
130 195 69
130 199 22
130 202 95
130 205 36
130 208 40
130 219 39
130 242 23
130 243 35
130 245 33
131 256 28
131 133 89
131 142 70
131 143 52
131 164 50
131 179 56
131 287 5
131 193 96
131 207 33
131 230 82
131 238 47
131 250 11
132 133 46
132 134 68
132 138 39
132 269 92
132 270 41
132 150 48
132 153 61
132 160 88
132 289 52
132 292 89
132 293 55
132 172 71
132 185 81
132 187 87
132 262 78
132 195 98
132 236 97
132 246 16
133 259 8
133 281 19
133 153 32
133 291 54
133 171 56
133 182 90
133 184 59
133 189 1
133 209 60
133 212 61
133 239 37
133 248 6
134 259 36
134 263 78
134 272 30
134 148 36
134 153 20
134 282 55
134 287 85
134 170 85
134 172 61
134 198 11
134 217 27
134 231 16
135 261 6
135 264 84
135 266 40
135 215 91
135 271 85
135 275 57
135 150 98
135 287 86
135 295 82
135 185 38
135 189 68
135 290 74
135 205 11
135 209 42
135 235 88
135 244 54
135 251 34
136 259 33
136 261 90
136 264 0
136 270 85
136 276 66
136 281 12
136 153 26
136 282 99
136 284 63
136 157 88
136 163 85
136 164 36
136 296 54
136 170 84
136 198 66
136 216 13
136 228 31
136 243 97
136 247 82
136 249 52
137 266 99
137 276 50
137 150 13
137 293 53
137 166 38
137 296 67
137 297 90
137 176 67
137 204 13
137 211 88
137 212 36
137 216 81
137 226 59
137 234 1
137 237 13
137 169 93
138 261 35
138 287 76
138 160 10
138 289 60
138 284 26
138 185 83
138 245 33
138 203 38
138 209 73
138 210 37
138 223 61
138 246 59
138 212 100
139 291 13
139 242 50
139 178 23
139 182 44
139 205 58
139 215 92
139 219 96
140 228 60
140 231 92
140 296 1
140 270 98
140 205 21
140 240 86
140 178 43
140 213 70
140 187 4
140 284 0
140 285 29
141 261 76
141 265 14
141 275 89
141 151 71
141 154 4
141 155 39
141 288 76
141 168 18
141 175 64
141 213 8
141 236 82
141 210 70
141 239 17
141 245 29
141 247 75
141 253 26
142 265 94
142 266 73
142 270 19
142 275 55
142 159 34
142 170 91
142 299 46
142 178 5
142 206 31
142 207 34
142 230 83
142 238 30
142 247 22
143 256 41
143 261 74
143 270 9
143 144 13
143 145 28
143 152 93
143 286 17
143 290 94
143 168 43
143 169 59
143 174 78
143 179 51
143 211 58
143 228 35
143 240 65
143 245 53
143 248 84
143 249 36
144 260 10
144 274 55
144 282 46
144 168 94
144 298 22
144 186 6
144 191 66
144 197 52
144 216 46
144 272 0
144 229 15
144 240 2
144 242 97
144 249 24
145 291 11
145 196 22
145 197 8
145 249 88
145 275 60
145 217 85
145 175 0
145 284 63
146 288 100
146 257 10
146 245 20
146 273 57
146 275 41
146 277 0
146 246 91
146 151 10
146 153 31
146 217 52
146 287 15
147 258 71
147 157 22
147 296 10
147 171 32
147 184 55
147 190 76
147 214 22
147 168 71
147 242 73
147 249 11
147 254 45
147 255 86
148 202 22
148 205 91
148 177 78
148 210 2
148 275 40
148 181 58
148 282 7
148 283 34
148 188 79
148 223 6
149 264 25
149 276 56
149 235 51
149 281 2
149 289 35
149 295 68
149 174 50
149 175 27
149 210 85
149 212 55
149 231 82
149 252 39
150 264 100
150 283 85
150 298 96
150 176 78
150 177 51
150 188 21
150 191 91
150 196 64
150 207 100
150 270 60
150 223 39
150 244 6
151 264 59
151 294 13
151 195 9
151 196 8
151 212 65
151 215 65
151 217 37
151 199 41
151 229 48
151 166 18
151 237 69
151 248 20
152 259 27
152 263 75
152 276 91
152 154 96
152 284 76
152 285 23
152 288 21
152 178 47
152 186 91
152 196 86
152 198 53
152 226 39
152 206 61
152 217 59
152 223 12
152 230 49
152 238 69
152 240 5
153 274 27
153 279 53
153 154 68
153 162 21
153 166 100
153 169 45
153 177 34
153 187 77
153 190 6
153 194 27
153 204 37
153 290 12
153 213 44
153 216 81
153 222 39
153 225 22
153 217 83
154 270 64
154 155 7
154 157 18
154 156 2
154 170 64
154 199 44
154 201 99
154 212 92
154 222 41
154 226 97
154 230 70
154 240 47
155 286 71
155 288 28
155 289 12
155 168 32
155 169 4
155 173 100
155 177 13
155 178 30
155 202 99
155 214 61
155 215 64
155 221 66
155 229 73
155 231 82
155 233 16
156 275 20
156 287 44
156 283 26
156 180 96
156 201 90
156 218 96
156 222 38
156 225 65
156 227 80
156 239 72
157 268 83
157 271 23
157 281 63
157 288 16
157 161 2
157 175 43
157 178 40
157 192 94
157 200 25
157 221 40
157 208 18
157 226 35
157 230 23
157 231 3
157 239 45
157 251 90
157 254 35
158 256 11
158 268 67
158 273 18
158 278 79
158 290 49
158 296 99
158 170 70
158 173 28
158 178 87
158 186 93
158 287 75
158 194 58
158 204 4
158 214 27
158 218 62
158 234 6
158 240 17
158 241 38
158 248 99
158 250 23
158 253 12
159 168 100
159 298 100
159 299 2
159 183 0
159 185 24
159 189 86
159 194 8
159 206 40
159 214 20
159 188 33
159 242 16
159 252 90
160 171 49
160 271 61
160 272 35
160 279 43
160 181 31
160 193 94
160 198 90
160 212 63
160 219 89
160 223 21
160 240 41
160 245 40
160 255 25
161 269 59
161 163 4
161 292 41
161 195 36
161 202 65
161 208 61
161 212 57
161 223 34
161 225 0
161 237 38
161 250 40
161 253 8
162 261 72
162 262 41
162 299 65
162 238 1
162 208 48
162 259 89
162 276 15
162 184 80
162 298 72
163 256 38
163 290 41
163 166 4
163 171 15
163 174 33
163 177 46
163 184 93
163 223 58
163 240 8
163 245 29
164 259 2
164 284 8
164 292 30
164 169 34
164 170 94
164 299 71
164 212 65
164 213 14
164 227 100
164 233 72
164 234 67
164 235 79
164 237 0
165 257 21
165 279 96
165 217 0
165 283 47
165 290 20
165 297 78
165 174 94
165 183 37
165 201 40
165 207 92
165 231 96
165 236 84
165 252 85
166 293 78
166 170 51
166 173 69
166 181 13
166 205 2
166 269 45
166 222 85
166 229 19
166 236 96
166 244 57
167 261 61
167 262 85
167 273 27
167 174 30
167 291 61
167 179 25
167 180 2
167 190 33
167 202 25
167 209 56
167 295 22
167 238 58
167 241 52
167 249 52
168 257 90
168 259 12
168 270 63
168 291 39
168 292 58
168 299 66
168 188 77
168 189 66
168 190 41
168 216 89
168 271 23
168 229 6
168 230 21
168 240 86
168 249 80
169 257 11
169 172 9
169 176 25
169 180 39
169 200 46
169 203 15
169 243 10
169 245 66
169 249 29
170 258 72
170 261 21
170 213 27
170 279 14
170 291 78
170 299 4
170 175 4
170 247 76
170 205 15
170 237 10
170 240 16
170 241 85
170 248 6
170 250 48
170 255 83
171 259 29
171 269 14
171 286 52
171 298 96
171 182 37
171 191 48
171 201 82
171 212 23
171 219 31
171 225 15
171 248 73
172 262 92
172 266 94
172 267 66
172 293 97
172 298 23
172 299 12
172 287 54
172 198 39
172 213 54
172 229 68
172 249 7
173 272 31
173 273 4
173 196 79
173 283 0
173 292 71
173 294 68
173 296 52
173 176 7
173 180 34
173 183 86
173 204 66
173 217 93
173 240 39
173 246 18
174 274 48
174 278 68
174 288 11
174 289 7
174 299 35
174 190 28
174 195 0
174 196 10
174 291 58
174 212 59
174 220 33
174 226 1
174 229 5
174 230 90
174 234 92
174 237 67
174 239 35
175 265 31
175 272 86
175 273 75
175 276 26
175 299 9
175 182 94
175 186 12
175 188 11
175 207 60
175 237 82
175 252 32
176 258 57
176 259 97
176 284 47
176 263 11
176 187 85
176 188 56
176 213 8
176 215 39
176 222 48
176 223 4
176 251 33
176 229 38
176 231 8
176 234 88
176 248 65
177 261 39
177 267 59
177 284 86
177 291 6
177 295 76
177 297 90
177 299 95
177 194 97
177 201 6
177 203 3
177 230 55
177 236 55
177 243 74
177 245 16
177 252 50
178 258 90
178 261 94
178 282 20
178 294 85
178 182 56
178 208 61
178 224 4
178 230 43
178 231 95
178 232 84
178 240 83
179 265 66
179 266 14
179 272 30
179 281 37
179 296 58
179 197 22
179 211 14
179 212 59
179 213 35
179 228 96
179 235 75
179 245 83
180 277 50
180 182 6
180 185 84
180 202 25
180 206 48
180 213 48
180 223 15
180 225 30
180 237 80
180 239 46
180 249 58
180 253 96
181 226 27
181 231 73
181 272 34
181 247 65
182 195 98
182 277 58
182 291 8
182 294 95
182 267 75
182 197 27
182 202 57
182 217 84
183 261 75
183 266 15
183 272 76
183 283 6
183 288 66
183 192 25
183 203 48
183 231 52
183 232 44
183 254 62
184 263 17
184 270 50
184 280 64
184 281 22
184 282 87
184 284 78
184 192 91
184 193 80
184 194 70
184 202 99
184 204 44
184 213 26
184 219 7
184 220 53
184 221 64
184 228 62
184 229 24
185 270 35
185 288 76
185 298 71
185 191 50
185 192 19
185 247 43
185 204 39
185 208 33
185 223 5
185 250 76
186 280 31
186 288 49
186 188 95
186 194 56
186 202 70
186 216 100
186 222 36
186 226 4
186 235 49
186 253 99
187 280 52
187 286 27
187 289 86
187 220 85
187 231 32
188 259 24
188 261 18
188 268 29
188 278 93
188 294 81
188 222 3
188 190 79
188 198 7
188 253 29
189 268 80
189 272 67
189 275 39
189 283 13
189 286 86
189 261 67
189 201 30
189 209 33
189 211 37
189 240 71
189 251 85
189 252 92
190 285 89
190 290 74
190 198 22
190 208 36
190 209 14
190 213 80
190 220 67
191 278 43
191 267 51
191 272 22
191 296 1
191 297 87
191 200 74
191 220 72
191 228 13
191 234 66
191 244 88
191 246 93
192 291 44
192 233 30
192 204 84
192 273 68
192 245 71
192 221 70
193 276 15
193 278 38
193 283 77
193 291 4
193 292 84
193 296 1
193 209 24
193 254 20
194 275 41
194 277 48
194 279 51
194 280 37
194 289 17
194 200 14
194 223 43
194 250 24
195 284 46
195 293 13
195 296 35
195 241 50
196 264 5
196 201 78
196 219 86
197 275 97
197 285 17
197 287 16
197 293 31
197 295 57
197 199 39
197 202 71
197 210 3
197 233 17
197 237 62
198 269 83
198 270 80
198 276 46
198 299 100
198 230 16
198 237 85
198 245 64
199 256 16
199 261 13
199 269 50
199 270 1
199 283 40
199 284 38
199 287 10
199 293 7
199 295 27
199 200 28
199 202 23
199 214 77
199 229 81
199 238 53
199 248 73
200 274 91
200 277 57
200 280 71
200 202 56
200 204 59
200 206 64
200 213 43
200 217 19
200 297 45
200 249 61
200 253 54
201 286 47
201 287 53
201 204 2
201 225 2
201 228 41
201 231 10
201 237 66
201 244 88
201 248 30
202 257 29
202 245 45
202 214 13
202 216 71
202 235 90
202 247 38
202 248 26
203 264 58
203 271 93
203 279 54
203 297 13
203 208 28
203 229 66
203 234 18
203 235 92
204 265 50
204 266 13
204 288 1
204 299 10
204 224 34
204 240 92
204 242 26
204 245 88
205 293 20
205 212 10
205 227 62
205 233 30
205 241 14
206 227 20
206 278 60
206 294 38
206 238 29
206 280 8
206 250 59
206 247 41
206 254 53
207 258 86
207 278 18
207 288 65
207 290 60
207 298 71
207 215 28
207 219 46
207 224 32
207 248 41
207 252 80
207 253 30
208 298 39
208 245 96
208 223 31
208 227 79
208 238 33
208 250 17
209 284 95
209 285 95
209 296 8
209 216 37
209 230 9
209 238 5
209 246 54
209 248 90
210 262 27
210 271 40
210 273 15
210 221 62
210 217 87
210 281 58
210 283 35
210 220 63
210 266 90
210 293 47
211 270 94
211 271 37
211 276 28
211 285 58
211 291 49
211 292 83
211 219 92
211 220 28
211 222 13
211 252 8
212 260 39
212 267 63
212 280 96
212 295 89
212 213 34
212 228 94
213 268 60
213 230 97
213 252 20
214 279 55
214 281 78
214 289 75
214 297 8
214 237 83
214 240 57
215 261 57
215 271 27
215 272 93
215 287 57
215 293 76
215 220 20
215 224 59
215 226 85
216 261 26
216 287 95
216 247 23
216 224 97
216 235 59
216 239 73
216 243 39
217 257 74
217 275 78
217 298 15
218 282 3
218 228 31
218 235 13
218 238 68
218 239 24
218 245 96
219 268 45
219 275 0
219 277 88
219 281 5
219 286 29
219 235 50
219 243 13
220 260 58
220 261 4
220 262 22
220 264 71
220 268 69
220 269 20
220 271 100
220 290 14
220 227 63
220 239 90
220 247 37
220 254 12
221 232 34
221 266 99
221 271 64
221 227 94
221 279 99
221 249 83
221 253 28
222 264 88
222 269 55
222 270 81
222 271 69
222 291 33
222 296 6
222 299 31
222 235 7
222 239 80
223 261 37
223 262 24
223 290 45
223 298 24
223 296 66
223 227 69
223 238 91
223 240 63
223 241 72
223 253 75
224 264 88
224 283 63
224 285 94
224 291 13
224 293 45
224 294 85
224 237 47
224 255 66
225 264 57
225 283 57
225 282 81
225 229 70
225 230 20
225 235 15
225 240 86
225 245 99
225 248 21
226 258 63
226 273 26
226 287 31
226 298 44
226 241 31
226 254 66
227 256 65
227 290 44
227 231 36
228 261 22
228 259 10
228 282 100
228 283 96
228 288 17
228 299 10
228 229 80
228 246 88
229 269 43
229 271 81
229 280 63
229 281 28
229 267 75
229 231 26
229 237 66
229 239 66
229 246 84
230 256 46
230 257 53
230 289 99
230 292 11
230 294 26
230 237 82
230 238 92
231 265 64
231 269 24
232 290 67
232 268 1
232 264 53
232 242 59
232 251 66
233 235 80
233 260 90
233 262 1
233 277 32
233 297 82
233 248 23
233 250 80
234 268 0
234 242 6
234 270 62
235 280 22
235 282 9
235 292 80
235 244 48
235 252 17
236 288 89
236 267 98
236 262 62
236 268 64
236 274 11
236 244 85
237 263 52
237 268 3
237 269 42
237 286 5
238 299 27
238 285 41
238 291 48
238 290 50
238 242 33
239 272 89
239 282 64
239 288 1
239 298 85
239 269 1
239 241 59
239 252 21
239 253 11
240 254 85
241 263 46
241 270 76
241 299 57
241 242 83
241 245 18
242 271 79
242 280 98
242 287 41
243 271 59
244 266 97
244 268 37
244 299 60
244 247 78
245 276 29
245 294 94
245 291 36
245 253 31
245 255 82
246 261 48
246 263 91
246 290 74
246 295 19
246 269 25
246 252 96
247 258 96
247 259 52
247 272 90
247 280 17
247 288 43
247 299 87
247 252 51
248 277 61
248 278 43
248 282 90
248 292 18
248 294 68
248 295 11
248 297 63
248 249 38
248 254 22
249 284 10
249 250 92
249 273 35
249 296 100
250 266 65
250 268 44
250 283 86
250 288 11
250 291 9
250 296 10
250 251 22
250 252 68
251 267 2
251 271 81
251 273 73
251 281 83
251 297 48
251 253 22
251 255 5
252 261 9
252 271 88
253 272 3
253 277 12
253 296 89
253 297 20
253 299 54
255 266 15
255 268 64
255 277 68
255 279 42
256 285 43
257 263 6
257 265 15
257 285 62
257 290 9
258 296 0
258 297 80
258 274 37
258 284 87
259 294 8
260 289 81
260 281 12
260 263 54
260 264 82
261 297 89
261 272 33
262 264 90
262 280 3
263 295 21
263 294 4
263 265 36
264 278 22
264 270 78
264 271 78
264 276 45
264 281 90
265 272 88
266 267 62
266 274 96
266 290 1
266 293 43
267 289 58
267 281 54
267 276 1
267 287 29
268 280 10
268 286 4
269 273 72
269 274 13
269 276 55
269 281 67
269 287 41
269 293 11
270 274 99
270 276 67
270 287 23
271 276 10
271 281 50
271 294 30
271 285 79
272 278 56
272 288 77
272 285 5
273 291 18
274 281 23
275 282 24
276 284 6
276 287 3
276 291 14
277 278 24
277 284 44
278 280 16
278 291 57
279 288 3
280 287 33
280 289 39
280 299 30
282 293 60
283 287 16
283 294 42
284 293 56
285 287 60
285 292 70
285 296 59
287 288 41
289 294 76
295 297 19
