300 4000
0 259 89
0 134 26
0 9 23
0 13 85
0 19 59
0 151 88
0 281 76
0 282 21
0 161 55
0 165 32
0 294 11
0 167 26
0 171 84
0 46 31
0 186 88
0 194 54
0 77 90
0 58 9
0 89 1
0 219 60
0 221 48
0 97 48
0 228 68
0 230 49
0 104 29
0 105 22
0 235 49
0 236 0
0 124 51
1 259 60
1 133 56
1 8 23
1 138 64
1 13 45
1 273 54
1 131 39
1 20 48
1 278 36
1 281 7
1 156 84
1 31 69
1 32 48
1 33 26
1 167 26
1 299 81
1 172 72
1 52 40
1 53 69
1 60 9
1 189 66
1 67 91
1 70 70
1 73 95
1 92 34
1 95 83
1 3 66
1 97 22
1 226 57
1 230 91
1 233 96
1 110 35
1 249 0
1 252 18
1 127 41
2 3 57
2 139 32
2 268 81
2 13 96
2 109 11
2 147 33
2 290 80
2 36 80
2 45 13
2 190 7
2 65 48
2 62 57
2 83 71
2 90 27
2 104 2
2 105 56
2 234 41
2 107 33
2 237 74
2 110 1
2 239 3
2 115 3
2 117 18
2 122 49
3 138 34
3 139 85
3 143 46
3 272 94
3 283 34
3 28 18
3 157 7
3 158 88
3 291 20
3 166 2
3 41 14
3 299 78
3 46 2
3 180 2
3 286 96
3 185 63
3 61 93
3 63 27
3 64 93
3 65 99
3 70 3
3 201 99
3 163 58
3 216 43
3 181 59
3 111 8
3 117 77
3 120 96
3 124 30
3 127 6
4 134 51
4 138 36
4 11 36
4 156 0
4 288 7
4 38 91
4 41 98
4 43 77
4 57 8
4 195 35
4 68 86
4 203 99
4 206 23
4 79 96
4 84 82
4 87 43
4 220 93
4 224 15
4 227 99
4 232 18
4 249 57
4 125 51
5 129 10
5 108 95
5 14 89
5 144 70
5 17 51
5 275 66
5 148 76
5 279 48
5 26 23
5 28 28
5 30 21
5 163 45
5 38 97
5 299 58
5 47 18
5 50 68
5 181 46
5 55 47
5 196 47
5 74 9
5 84 9
5 94 38
5 98 25
5 229 91
5 230 92
5 231 72
5 236 92
5 113 39
5 244 57
6 32 91
6 240 53
6 262 95
6 72 28
6 10 8
6 12 26
6 51 98
6 46 27
6 112 39
6 146 72
6 147 35
6 84 58
6 245 22
6 86 12
6 148 0
6 58 45
6 284 63
6 94 64
6 21 40
7 235 8
7 262 88
7 267 79
7 142 2
7 275 47
7 148 42
7 280 41
7 28 59
7 231 77
7 164 15
7 40 39
7 169 93
7 43 58
7 179 17
7 182 39
7 62 8
7 67 15
7 209 33
7 210 84
7 83 66
7 84 1
7 214 9
7 218 30
7 96 56
7 226 53
7 227 3
7 103 86
7 107 73
7 236 1
7 113 80
7 114 67
7 243 98
7 118 100
7 119 22
7 212 83
8 266 17
8 143 75
8 154 92
8 283 63
8 157 57
8 30 50
8 288 82
8 163 12
8 164 35
8 38 76
8 39 32
8 296 68
8 41 83
8 170 21
8 174 49
8 181 41
8 62 56
8 65 1
8 73 34
8 74 49
8 78 27
8 291 98
8 84 95
8 206 26
8 218 92
8 226 47
8 103 82
8 108 45
8 111 50
8 40 80
8 247 6
8 255 67
9 129 2
9 130 89
9 132 41
9 15 38
9 17 24
9 275 19
9 150 96
9 279 99
9 281 13
9 154 5
9 284 78
9 35 87
9 36 14
9 169 81
9 176 100
9 180 51
9 187 19
9 66 12
9 199 24
9 73 14
9 74 84
9 204 85
9 211 57
9 90 31
9 96 77
9 97 30
9 228 87
9 231 41
9 236 10
9 118 99
9 120 39
10 131 78
10 133 13
10 142 91
10 15 17
10 18 22
10 107 91
10 148 41
10 28 13
10 163 99
10 165 28
10 40 70
10 284 90
10 45 75
10 175 28
10 59 14
10 63 9
10 67 76
10 203 32
10 82 25
10 88 21
10 90 21
10 220 34
10 225 91
10 98 34
10 228 49
10 235 69
10 254 5
11 128 27
11 258 62
11 261 18
11 134 91
11 135 60
11 265 80
11 266 8
11 268 87
11 194 83
11 272 50
11 273 81
11 154 14
11 27 79
11 284 31
11 157 1
11 289 86
11 166 55
11 48 32
11 50 2
11 51 55
11 59 24
11 188 4
11 64 24
11 66 64
11 71 56
11 202 24
11 208 40
11 210 62
11 215 60
11 216 24
11 221 96
11 96 36
11 232 100
11 118 33
11 125 43
12 192 71
12 65 35
12 134 49
12 72 96
12 44 100
12 206 13
12 271 73
12 17 21
12 221 71
12 275 72
12 216 64
12 57 27
12 282 28
12 27 37
12 124 36
12 285 13
12 69 22
13 257 93
13 140 19
13 271 45
13 68 96
13 29 49
13 161 83
13 34 56
13 296 38
13 171 91
13 285 30
13 54 65
13 60 68
13 67 98
13 196 58
13 214 77
13 216 77
13 90 74
13 93 0
13 103 43
13 109 6
13 114 38
13 249 66
13 123 51
14 265 77
14 138 1
14 273 26
14 18 60
14 281 81
14 153 39
14 158 16
14 163 26
14 168 22
14 46 56
14 175 63
14 49 10
14 188 34
14 63 51
14 68 79
14 77 41
14 209 42
14 216 32
14 98 91
14 110 67
14 241 86
14 247 62
14 252 92
14 125 39
14 255 14
15 261 73
15 267 28
15 144 81
15 273 73
15 18 65
15 286 36
15 289 17
15 163 92
15 164 87
15 168 51
15 41 45
15 174 19
15 51 63
15 52 53
15 63 84
15 195 35
15 203 48
15 205 44
15 291 60
15 84 54
15 85 51
15 220 61
15 226 32
15 99 93
15 235 52
15 146 18
15 244 54
16 256 26
16 260 98
16 143 59
16 18 20
16 277 6
16 159 18
16 38 2
16 221 78
16 51 73
16 185 34
16 287 83
16 188 7
16 189 23
16 62 53
16 65 30
16 196 85
16 74 76
16 214 14
16 92 60
16 93 75
16 223 77
16 226 92
16 106 71
16 114 97
16 117 83
16 118 16
16 255 26
17 271 82
17 146 39
17 149 4
17 24 93
17 158 21
17 161 92
17 297 22
17 180 7
17 181 1
17 185 76
17 186 69
17 59 24
17 60 25
17 53 69
17 193 33
17 67 92
17 76 12
17 220 30
17 95 100
17 231 28
17 191 56
18 258 71
18 267 81
18 140 47
18 269 41
18 149 32
18 157 83
18 34 75
18 292 72
18 170 3
18 46 58
18 47 55
18 48 27
18 50 46
18 182 14
18 199 16
18 201 26
18 202 35
18 78 90
18 85 27
18 86 65
18 87 45
18 36 18
18 95 51
18 101 71
18 235 54
18 110 35
18 243 37
18 117 93
18 121 76
18 251 86
18 253 87
19 260 92
19 270 4
19 272 65
19 24 88
19 157 73
19 158 21
19 290 25
19 40 42
19 41 45
19 45 2
19 51 58
19 182 85
19 183 16
19 63 19
19 198 51
19 81 29
19 212 12
19 219 67
19 220 77
19 225 99
19 101 4
19 112 49
19 116 69
19 245 96
20 130 71
20 131 61
20 268 31
20 21 13
20 282 23
20 283 37
20 30 37
20 296 28
20 46 96
20 47 32
20 179 71
20 54 94
20 56 45
20 58 38
20 63 58
20 182 69
20 140 19
20 211 95
20 216 14
20 232 14
20 109 2
20 110 75
20 112 37
20 40 92
20 242 100
20 253 27
21 129 91
21 141 35
21 275 55
21 148 42
21 27 39
21 28 56
21 157 46
21 34 48
21 291 16
21 44 2
21 175 41
21 176 47
21 179 79
21 184 77
21 186 91
21 60 63
21 61 45
21 191 26
21 147 44
21 201 15
21 79 100
21 209 24
21 83 68
21 214 2
21 121 7
21 91 50
21 226 100
21 102 83
21 230 55
21 115 44
21 118 90
21 120 94
21 122 9
21 255 44
22 130 87
22 264 71
22 236 33
22 144 58
22 273 75
22 276 14
22 25 0
22 282 79
22 156 0
22 289 24
22 34 53
22 165 57
22 170 34
22 221 3
22 48 58
22 178 29
22 180 100
22 53 87
22 189 71
22 62 56
22 67 81
22 70 22
22 208 0
22 250 15
22 93 70
22 97 40
22 103 94
22 108 96
22 240 11
22 122 63
23 150 31
23 143 63
23 144 57
23 277 38
23 278 88
23 286 43
23 33 51
23 165 40
23 40 26
23 174 11
23 186 50
23 196 50
23 206 70
23 207 74
23 86 45
23 122 16
23 223 57
23 230 91
23 103 79
23 104 48
23 231 16
23 246 27
23 119 70
23 120 96
23 249 93
23 250 79
23 123 63
23 125 70
24 264 45
24 194 42
24 270 54
24 284 61
24 29 48
24 160 42
24 37 56
24 297 89
24 170 36
24 45 17
24 181 82
24 184 10
24 61 29
24 63 52
24 66 77
24 203 8
24 79 40
24 209 37
24 83 60
24 219 27
24 96 54
24 225 4
24 229 94
24 236 16
24 147 61
24 169 89
24 122 21
25 139 78
25 28 45
25 286 83
25 159 91
25 161 15
25 292 59
25 296 83
25 44 78
25 46 25
25 49 78
25 52 75
25 62 8
25 67 63
25 208 5
25 209 35
25 83 75
25 85 52
25 224 47
25 227 38
25 228 80
25 81 36
25 106 7
25 110 70
25 241 70
25 117 76
25 250 5
25 254 95
26 288 35
26 198 55
26 263 72
26 201 13
26 42 6
26 171 62
26 44 58
26 141 58
26 77 2
26 143 50
26 115 13
26 269 16
26 69 2
26 127 75
26 59 60
26 188 49
26 60 7
26 286 61
26 31 17
27 192 93
27 274 84
27 147 40
27 279 19
27 285 83
27 158 91
27 31 77
27 294 10
27 172 52
27 173 72
27 174 9
27 54 22
27 58 41
27 64 55
27 202 43
27 203 67
27 78 57
27 85 33
27 86 76
27 219 77
27 102 40
27 105 7
27 234 63
27 108 41
27 111 95
27 254 54
27 277 64
28 264 39
28 269 35
28 278 30
28 30 46
28 33 14
28 36 37
28 175 60
28 52 31
28 58 30
28 196 74
28 98 20
28 231 10
28 107 33
28 236 8
28 114 48
28 115 36
28 123 79
29 261 60
29 138 31
29 270 44
29 30 19
29 162 82
29 169 66
29 59 40
29 60 23
29 194 80
29 290 8
29 207 71
29 82 79
29 85 4
29 217 96
29 220 67
29 94 11
29 97 18
29 233 33
29 109 84
29 113 9
29 116 5
29 118 45
29 122 3
29 123 86
29 252 4
30 260 74
30 263 1
30 281 40
30 288 74
30 292 77
30 166 32
30 177 37
30 50 47
30 182 28
30 194 82
30 195 88
30 68 32
30 74 78
30 76 57
30 209 54
30 216 14
30 217 100
30 218 48
30 222 38
30 234 98
30 108 52
30 115 44
30 116 26
30 120 75
30 122 86
31 259 11
31 133 26
31 134 56
31 257 51
31 137 91
31 266 79
31 274 62
31 157 92
31 163 33
31 292 35
31 170 78
31 299 11
31 51 69
31 57 17
31 62 46
31 69 56
31 201 97
31 205 9
31 207 52
31 213 29
31 88 69
31 91 23
31 96 22
31 227 99
31 105 48
31 107 48
31 112 26
31 248 13
31 123 79
32 136 98
32 138 82
32 272 97
32 274 82
32 149 30
32 279 83
32 283 28
32 34 26
32 36 36
32 295 46
32 297 17
32 42 24
32 50 30
32 186 38
32 192 3
32 202 68
32 203 14
32 76 49
32 92 13
32 81 60
32 83 77
32 220 87
32 96 77
32 99 1
32 243 18
32 118 22
32 249 28
32 124 78
32 254 95
33 267 70
33 273 34
33 149 95
33 151 8
33 280 55
33 292 9
33 41 27
33 43 24
33 175 36
33 48 45
33 61 17
33 74 32
33 203 28
33 214 38
33 87 89
33 164 48
33 90 58
33 93 70
33 222 30
33 100 84
33 231 96
33 240 51
33 243 46
33 217 71
34 128 61
34 290 67
34 233 21
34 224 56
34 236 55
34 144 65
34 81 94
34 114 61
34 56 75
34 283 76
34 60 46
34 93 75
34 159 88
35 161 95
35 267 78
35 196 6
35 293 81
35 168 60
35 202 55
35 107 71
35 239 69
35 272 8
35 244 17
35 87 27
35 184 82
35 57 39
35 91 65
35 156 34
35 158 93
35 229 45
36 129 5
36 275 41
36 280 92
36 157 56
36 158 33
36 287 14
36 169 49
36 298 54
36 45 70
36 179 18
36 188 98
36 67 45
36 80 55
36 82 55
36 83 21
36 102 32
36 236 97
37 133 71
37 139 37
37 148 69
37 278 19
37 282 35
37 162 35
37 291 92
37 241 66
37 40 45
37 173 35
37 174 54
37 267 73
37 207 76
37 80 64
37 81 79
37 215 93
37 216 91
37 220 85
37 235 73
37 113 86
37 116 100
37 125 30
38 192 33
38 258 91
38 295 65
38 140 34
38 178 21
38 78 24
38 143 93
38 241 54
38 242 55
38 212 25
38 85 10
38 276 65
38 186 98
38 47 82
38 220 68
38 61 60
39 273 94
39 145 98
39 279 96
39 286 15
39 290 100
39 167 35
39 45 94
39 187 14
39 197 28
39 73 64
39 206 4
39 124 85
39 221 22
39 103 43
39 233 39
39 107 74
39 241 31
39 251 8
39 252 9
39 253 66
39 254 80
39 255 48
40 265 34
40 151 17
40 146 48
40 154 47
40 169 61
40 299 0
40 44 42
40 52 58
40 53 57
40 54 17
40 57 11
40 187 84
40 60 33
40 63 41
40 75 17
40 214 14
40 250 91
40 222 36
40 229 53
40 233 39
40 106 34
40 113 71
40 118 57
40 122 61
40 251 97
40 253 28
41 262 12
41 139 2
41 140 15
41 274 98
41 154 9
41 289 53
41 134 22
41 43 34
41 51 69
41 181 86
41 61 29
41 53 12
41 64 50
41 209 27
41 92 58
41 93 22
41 99 13
41 229 50
41 234 1
41 245 76
42 257 90
42 258 95
42 260 92
42 268 92
42 142 47
42 275 35
42 164 70
42 293 53
42 294 44
42 44 37
42 50 55
42 52 29
42 188 77
42 189 51
42 67 80
42 84 19
42 87 38
42 225 88
42 104 27
42 107 27
42 236 88
42 109 3
42 112 86
42 121 74
42 252 61
43 258 82
43 271 32
43 144 20
43 274 93
43 151 69
43 260 8
43 157 15
43 162 2
43 295 9
43 176 95
43 56 37
43 193 5
43 195 13
43 199 24
43 77 57
43 206 64
43 208 31
43 87 26
43 91 12
43 96 76
43 272 99
43 239 54
43 241 47
43 117 4
43 119 58
44 151 37
44 278 5
44 279 75
44 285 33
44 163 59
44 166 64
44 187 89
44 189 72
44 210 4
44 217 76
44 94 79
44 226 94
44 101 62
44 104 74
44 107 98
44 61 48
44 296 0
44 253 22
44 254 71
45 267 30
45 268 5
45 141 17
45 273 77
45 146 82
45 154 48
45 163 53
45 292 5
45 169 31
45 172 75
45 175 72
45 48 6
45 51 32
45 57 37
45 59 100
45 188 49
45 191 68
45 69 99
45 198 55
45 79 29
45 81 39
45 164 80
45 227 87
45 104 3
45 63 49
45 106 80
45 242 22
45 120 26
45 251 84
45 124 55
45 255 75
46 256 66
46 259 70
46 268 30
46 271 63
46 147 5
46 156 16
46 292 81
46 173 48
46 182 65
46 185 60
46 58 51
46 192 58
46 197 42
46 201 79
46 74 71
46 83 40
46 84 49
46 142 98
46 92 56
46 109 47
46 242 62
46 243 61
46 121 28
46 213 1
47 258 69
47 259 100
47 132 73
47 139 68
47 141 49
47 281 99
47 284 100
47 157 79
47 133 60
47 294 56
47 51 82
47 183 48
47 70 30
47 217 83
47 94 43
47 227 76
47 233 96
47 108 91
47 238 24
47 240 33
47 113 40
47 246 94
48 132 77
48 262 11
48 271 92
48 149 73
48 160 37
48 293 49
48 295 62
48 175 6
48 54 34
48 55 83
48 59 76
48 67 5
48 197 15
48 210 80
48 217 15
48 92 72
48 94 33
48 230 46
48 237 32
48 110 64
48 111 63
48 243 91
49 268 98
49 272 54
49 146 93
49 154 82
49 287 44
49 288 60
49 292 58
49 293 55
49 167 25
49 66 55
49 68 92
49 205 63
49 78 34
49 83 49
49 215 9
49 92 64
49 98 85
49 238 47
49 112 84
49 116 89
49 119 93
49 121 44
49 122 90
49 253 29
49 126 76
49 255 7
50 137 19
50 269 60
50 143 67
50 279 38
50 283 80
50 91 95
50 164 23
50 181 8
50 54 98
50 188 59
50 77 40
50 205 11
50 84 85
50 86 99
50 89 30
50 218 93
50 271 11
50 92 92
50 221 87
50 223 80
50 228 12
50 232 29
50 235 82
50 110 11
50 114 89
50 251 68
50 298 57
50 255 63
51 132 53
51 193 79
51 266 52
51 270 17
51 149 85
51 278 37
51 152 98
51 155 59
51 298 12
51 183 84
51 61 7
51 63 47
51 65 66
51 200 45
51 201 19
51 74 77
51 76 22
51 209 85
51 223 60
51 235 64
51 191 100
51 112 14
51 123 75
51 126 91
52 258 69
52 268 55
52 276 90
52 156 43
52 168 32
52 177 88
52 178 46
52 64 26
52 65 8
52 68 28
52 69 53
52 140 15
52 202 12
52 77 52
52 208 15
52 87 14
52 80 15
52 99 16
52 234 84
52 126 91
53 256 34
53 258 92
53 267 56
53 130 82
53 165 5
53 170 100
53 176 48
53 179 37
53 184 54
53 60 37
53 61 95
53 139 41
53 141 80
53 84 59
53 89 97
53 221 62
53 223 5
53 189 28
53 241 62
53 245 59
53 212 35
53 126 93
54 257 88
54 266 69
54 268 19
54 142 36
54 146 69
54 277 6
54 152 56
54 281 17
54 293 11
54 295 23
54 180 64
54 61 1
54 68 86
54 140 95
54 84 10
54 213 66
54 94 38
54 167 83
54 111 97
54 247 48
54 120 71
54 249 3
54 250 90
54 123 18
54 255 32
55 264 91
55 139 50
55 145 43
55 164 12
55 299 9
55 184 69
55 88 56
55 190 7
55 71 93
55 201 68
55 216 6
55 220 46
55 222 59
55 229 3
55 239 79
55 112 40
55 118 7
55 125 34
55 254 62
55 127 26
56 262 42
56 271 53
56 148 9
56 154 15
56 293 11
56 295 6
56 168 11
56 59 53
56 64 22
56 74 21
56 208 71
56 86 0
56 89 80
56 90 3
56 97 20
56 98 81
56 106 26
56 116 70
56 121 10
56 250 59
56 123 12
56 255 86
57 256 15
57 267 99
57 276 91
57 277 38
57 154 77
57 155 75
57 294 64
57 180 39
57 63 83
57 203 64
57 291 7
57 85 28
57 229 89
57 234 13
57 108 66
57 242 84
57 123 80
58 133 65
58 135 1
58 144 67
58 157 18
58 286 46
58 165 22
58 75 32
58 196 16
58 72 75
58 202 95
58 203 28
58 77 14
58 78 75
58 210 53
58 213 92
58 86 69
58 101 13
59 132 66
59 267 36
59 140 1
59 271 35
59 146 35
59 161 9
59 298 96
59 221 99
59 97 49
59 200 100
59 218 58
59 91 29
59 93 49
59 94 70
59 225 17
59 145 99
59 104 39
59 251 27
59 170 58
60 261 98
60 266 53
60 283 81
60 161 77
60 185 12
60 187 28
60 192 35
60 82 5
60 83 11
60 213 36
60 240 37
60 242 91
60 211 93
60 246 40
60 119 100
60 120 12
60 122 100
60 277 78
61 266 51
61 280 30
61 156 98
61 157 10
61 290 73
61 296 43
61 299 95
61 186 32
61 189 38
61 196 6
61 182 74
61 81 58
61 101 34
61 106 43
61 235 30
61 239 30
61 114 29
61 120 58
61 149 70
62 257 49
62 259 85
62 135 71
62 269 100
62 274 21
62 165 79
62 168 86
62 298 81
62 65 77
62 69 59
62 199 29
62 200 73
62 230 61
62 233 81
62 113 26
62 114 96
62 244 58
62 245 23
62 124 65
63 258 37
63 266 49
63 270 30
63 143 79
63 147 40
63 276 18
63 152 34
63 283 19
63 157 64
63 291 86
63 211 88
63 88 90
63 219 74
63 93 44
63 229 7
63 103 57
63 106 75
63 231 46
63 251 66
63 126 31
64 256 65
64 261 30
64 262 46
64 138 62
64 139 93
64 268 43
64 277 42
64 150 84
64 151 12
64 287 28
64 283 74
64 173 24
64 174 43
64 185 8
64 184 38
64 216 15
64 220 34
64 111 88
64 115 59
64 125 93
65 129 19
65 141 26
65 271 14
65 148 10
65 152 70
65 170 1
65 175 35
65 188 22
65 200 73
65 268 28
65 78 55
65 85 67
65 229 40
65 101 93
65 235 72
65 240 57
65 245 81
65 252 80
66 258 82
66 138 30
66 268 83
66 269 85
66 146 23
66 275 10
66 154 67
66 158 12
66 287 9
66 165 97
66 167 4
66 296 57
66 297 30
66 299 51
66 182 44
66 186 7
66 198 46
66 82 82
66 222 26
66 95 81
66 228 0
66 233 4
66 107 64
66 236 90
66 239 61
66 240 88
66 126 92
67 140 3
67 145 60
67 276 47
67 285 70
67 287 33
67 160 68
67 176 6
67 163 1
67 168 83
67 169 23
67 172 53
67 179 44
67 68 96
67 201 53
67 75 52
67 83 46
67 214 60
67 91 88
67 118 93
67 255 5
68 259 92
68 271 57
68 273 99
68 146 23
68 283 78
68 289 66
68 163 83
68 172 42
68 270 45
68 182 52
68 71 82
68 83 92
68 142 95
68 89 50
68 250 92
68 228 98
68 211 71
68 245 23
68 120 74
68 122 79
68 252 53
69 160 91
69 161 98
69 259 70
69 100 22
69 70 7
69 108 52
69 111 0
69 141 37
69 209 88
69 277 88
69 214 29
69 282 46
69 219 85
69 109 100
70 128 34
70 133 60
70 145 64
70 259 32
70 170 87
70 180 8
70 190 68
70 197 77
70 202 50
70 77 34
70 207 35
70 84 3
70 87 55
70 90 97
70 93 0
70 232 48
70 248 97
70 298 56
71 129 93
71 263 29
71 137 31
71 147 6
71 149 33
71 279 96
71 283 94
71 181 59
71 193 64
71 194 67
71 200 23
71 205 47
71 88 79
71 89 76
71 218 0
71 91 78
71 93 57
71 224 87
71 101 23
71 254 26
72 128 62
72 132 9
72 266 54
72 145 14
72 278 89
72 153 38
72 154 84
72 283 23
72 160 41
72 291 76
72 299 19
72 177 1
72 188 9
72 73 70
72 215 67
72 89 86
72 93 81
72 95 25
72 224 18
72 98 75
72 233 94
72 234 39
72 116 31
72 245 92
72 105 55
73 260 54
73 135 37
73 147 18
73 279 74
73 161 60
73 165 71
73 297 61
73 179 93
73 186 20
73 187 78
73 113 39
73 206 31
73 208 6
73 90 67
73 225 72
73 105 61
73 106 61
73 110 50
73 241 84
73 114 73
73 120 25
74 261 35
74 268 42
74 151 12
74 152 0
74 154 5
74 157 51
74 177 55
74 180 98
74 198 84
74 219 89
74 92 39
74 221 75
74 230 62
74 105 87
74 239 44
74 115 93
74 245 69
74 127 47
75 137 5
75 267 100
75 273 93
75 276 39
75 279 38
75 152 7
75 155 56
75 293 9
75 179 1
75 185 18
75 191 0
75 196 48
75 197 51
75 81 61
75 220 9
75 97 1
75 101 74
75 102 40
75 248 39
75 250 74
75 125 34
76 136 58
76 265 43
76 141 87
76 270 22
76 273 76
76 147 29
76 149 20
76 150 19
76 282 62
76 155 38
76 294 54
76 170 47
76 176 32
76 182 19
76 183 49
76 186 66
76 189 37
76 207 82
76 82 4
76 211 90
76 218 50
76 226 69
76 99 14
76 230 59
76 145 5
76 107 38
76 210 50
76 238 34
76 113 31
76 114 25
76 252 61
77 133 18
77 263 90
77 138 96
77 273 67
77 288 79
77 171 46
77 199 67
77 207 62
77 82 11
77 85 95
77 214 20
77 91 31
77 226 99
77 112 10
77 241 98
77 247 46
78 131 45
78 140 86
78 141 53
78 285 65
78 287 86
78 289 35
78 292 73
78 169 49
78 170 98
78 172 47
78 157 99
78 269 16
78 209 51
78 82 7
78 211 98
78 220 37
78 221 89
78 225 47
78 228 35
78 232 94
78 105 20
79 192 50
79 100 85
79 98 41
79 118 97
79 103 49
79 297 8
79 138 19
79 238 97
79 143 28
79 241 73
79 116 2
79 150 88
79 120 21
79 250 52
79 202 54
79 127 63
80 132 6
80 265 99
80 269 53
80 272 55
80 149 74
80 279 30
80 169 43
80 171 40
80 236 87
80 188 68
80 196 12
80 198 21
80 202 9
80 96 42
80 144 66
80 227 21
80 102 52
80 230 54
80 108 57
80 119 65
80 126 35
81 131 10
81 135 15
81 138 30
81 150 49
81 282 48
81 161 84
81 164 41
81 294 57
81 191 86
81 198 46
81 200 67
81 290 37
81 94 92
81 228 58
81 233 71
81 109 96
81 247 4
81 250 83
81 123 72
81 125 21
82 150 77
82 134 18
82 278 96
82 295 20
82 180 8
82 183 24
82 205 57
82 218 74
82 97 20
82 98 29
82 100 65
82 229 36
82 122 22
82 254 87
83 129 85
83 260 42
83 135 26
83 140 13
83 142 9
83 274 2
83 282 52
83 170 75
83 175 93
83 176 72
83 184 89
83 186 27
83 191 24
83 211 64
83 216 54
83 224 81
83 98 36
83 236 73
83 125 66
84 256 11
84 134 17
84 264 94
84 141 29
84 148 64
84 281 0
84 287 65
84 289 44
84 297 12
84 175 58
84 179 30
84 186 99
84 187 100
84 192 48
84 198 52
84 94 74
84 231 63
84 110 73
84 241 19
84 123 93
85 136 25
85 215 10
85 279 36
85 284 53
85 163 68
85 164 3
85 295 76
85 298 1
85 171 87
85 180 21
85 185 12
85 200 50
85 232 51
85 107 96
85 119 62
85 248 81
86 147 42
86 282 68
86 284 1
86 156 48
86 179 80
86 183 61
86 191 16
86 193 79
86 200 17
86 203 90
86 207 90
86 91 53
86 221 81
86 97 69
86 242 73
86 248 83
86 253 92
86 126 80
87 258 55
87 259 26
87 133 39
87 268 50
87 272 1
87 159 8
87 169 75
87 183 29
87 184 6
87 191 86
87 194 89
87 199 83
87 203 20
87 213 20
87 89 33
88 100 32
88 227 30
88 228 20
88 198 4
88 134 6
88 129 40
88 151 32
88 289 36
88 143 43
88 91 71
88 126 47
88 283 42
88 299 82
88 255 71
88 202 82
88 215 51
89 265 20
89 148 21
89 157 53
89 290 1
89 294 29
89 295 78
89 296 64
89 172 71
89 191 10
89 207 1
89 230 6
89 109 50
89 247 2
89 127 9
90 264 2
90 266 83
90 139 25
90 276 1
90 154 4
90 288 47
90 296 82
90 298 85
90 177 92
90 192 87
90 194 52
90 195 63
90 205 43
90 229 85
90 239 100
90 113 50
90 248 46
91 277 21
91 134 23
91 137 90
91 268 91
91 145 90
91 131 30
91 276 37
91 281 39
91 160 29
91 292 33
91 178 93
91 199 19
91 201 100
91 205 73
91 209 16
91 225 35
91 111 39
91 253 33
91 255 51
92 129 0
92 270 5
92 277 43
92 176 38
92 163 36
92 177 73
92 297 15
92 172 78
92 175 87
92 201 1
92 257 92
92 104 43
92 127 18
92 236 2
92 238 97
92 241 66
92 242 91
92 249 25
92 251 19
92 149 21
93 131 61
93 269 46
93 155 24
93 157 46
93 286 73
93 295 64
93 298 61
93 200 21
93 181 71
93 182 77
93 195 98
93 201 50
93 203 77
93 213 96
93 207 31
93 95 66
93 228 27
93 101 16
93 104 51
93 124 27
93 236 54
93 232 40
93 122 13
93 252 40
94 138 94
94 276 82
94 155 92
94 287 74
94 295 96
94 192 54
94 194 17
94 197 92
94 200 37
94 221 12
94 232 99
94 237 30
94 118 30
94 251 55
94 124 48
95 258 66
95 268 39
95 157 38
95 291 98
95 292 63
95 297 26
95 298 33
95 200 17
95 178 83
95 186 89
95 201 95
95 204 97
95 220 58
95 223 28
95 115 45
95 120 18
95 254 10
96 131 89
96 132 52
96 278 89
96 266 52
96 144 64
96 152 29
96 150 1
96 283 38
96 289 74
96 166 16
96 296 51
96 115 16
96 185 92
96 194 6
96 206 88
96 101 2
96 102 10
96 106 90
96 109 24
96 240 80
96 243 7
96 245 75
96 122 22
97 130 48
97 141 85
97 289 1
97 165 39
97 169 34
97 298 40
97 195 73
97 205 93
97 219 3
97 220 74
97 224 20
97 234 11
97 108 99
97 109 77
97 111 59
97 242 20
98 128 91
98 131 16
98 260 75
98 263 16
98 270 53
98 286 8
98 288 56
98 167 60
98 174 39
98 198 45
98 204 62
98 208 81
98 216 0
98 220 80
98 222 51
98 223 20
98 100 35
98 101 99
98 103 17
98 113 24
98 118 75
98 120 94
98 123 88
99 129 31
99 195 84
99 100 100
99 106 79
99 206 20
99 208 91
99 271 64
99 163 98
99 142 26
99 123 89
99 220 74
99 221 80
99 223 2
100 257 50
100 268 42
100 275 85
100 280 30
100 155 26
100 163 7
100 178 50
100 190 34
100 197 20
100 227 83
100 103 12
100 238 29
100 113 40
100 115 78
100 116 92
101 259 64
101 193 78
101 136 37
101 137 67
101 277 60
101 152 19
101 283 96
101 285 32
101 175 27
101 195 95
101 216 53
101 220 4
101 226 36
101 103 56
101 248 34
101 123 72
102 257 14
102 267 66
102 281 96
102 282 28
102 154 18
102 161 44
102 163 47
102 191 42
102 198 43
102 212 41
102 215 80
102 225 83
102 114 71
102 243 100
102 118 80
102 119 12
102 121 43
102 123 35
103 262 83
103 143 11
103 282 87
103 284 16
103 187 47
103 194 17
103 196 28
103 218 73
103 219 94
103 107 19
103 242 36
104 261 61
104 264 40
104 272 12
104 145 54
104 286 55
104 159 99
104 296 50
104 297 22
104 199 68
104 213 21
104 114 47
104 169 17
104 248 79
105 259 34
105 260 87
105 133 51
105 291 4
105 165 86
105 166 27
105 192 93
105 200 98
105 204 72
105 208 82
105 218 51
105 229 81
105 230 34
105 107 22
105 112 86
105 253 93
106 263 14
106 138 87
106 267 1
106 141 97
106 147 58
106 276 16
106 277 50
106 155 31
106 157 88
106 288 72
106 161 95
106 166 96
106 299 64
106 178 60
106 197 5
106 198 9
106 201 28
106 229 83
106 234 34
106 109 82
106 111 57
106 240 48
106 117 49
106 251 93
106 253 68
107 258 78
107 268 67
107 283 9
107 161 54
107 169 66
107 175 37
107 181 94
107 191 74
107 192 93
107 196 87
107 211 67
107 214 59
107 227 0
107 111 94
107 245 39
107 233 65
108 129 65
108 263 93
108 279 98
108 156 99
108 161 83
108 162 42
108 291 3
108 171 7
108 200 15
108 204 75
108 209 68
108 217 25
108 253 31
109 136 89
109 174 1
109 158 80
109 292 20
109 183 72
109 190 81
109 207 24
109 210 97
109 218 51
109 222 35
109 226 25
109 243 88
109 245 40
109 249 25
109 122 39
110 256 57
110 150 20
110 279 8
110 155 90
110 286 53
110 287 58
110 290 7
110 167 93
110 274 72
110 172 15
110 176 66
110 181 14
110 192 45
110 199 59
110 270 81
110 221 73
110 227 42
110 146 60
110 239 26
110 112 28
110 116 76
110 246 29
111 130 51
111 140 57
111 269 61
111 273 38
111 146 44
111 235 86
111 154 93
111 157 70
111 170 61
111 179 47
111 187 81
111 207 79
111 113 10
112 128 79
112 137 3
112 279 66
112 281 34
112 157 20
112 159 65
112 162 12
112 165 56
112 295 80
112 180 41
112 194 67
112 199 76
112 225 52
112 231 48
112 118 46
112 148 89
113 141 36
113 143 51
113 278 100
113 279 8
113 283 24
113 158 40
113 171 42
113 172 42
113 182 82
113 193 94
113 207 4
113 227 58
113 241 44
113 249 81
113 251 52
113 124 2
113 253 46
114 256 9
114 157 4
114 293 90
114 294 2
114 263 7
114 173 33
114 175 3
114 179 40
114 197 39
114 200 96
114 124 84
114 125 79
114 254 84
115 257 68
115 130 67
115 291 40
115 293 59
115 297 34
115 180 12
115 186 1
115 194 48
115 206 56
115 163 24
115 222 35
115 165 14
115 241 51
116 135 76
116 137 28
116 277 50
116 278 41
116 158 11
116 163 44
116 157 33
116 203 30
116 205 37
116 213 73
116 218 91
116 124 47
116 236 52
116 122 78
116 252 91
117 266 65
117 267 48
117 273 1
117 149 70
117 283 74
117 161 0
117 162 37
117 166 31
117 168 83
117 172 89
117 194 75
117 207 19
117 235 40
117 237 23
117 246 28
117 251 21
117 255 33
118 131 56
118 280 77
118 152 3
118 286 91
118 161 34
118 293 21
118 181 36
118 288 42
118 213 65
118 220 34
118 228 25
118 240 98
118 241 49
118 244 76
118 247 22
118 249 33
119 144 8
119 258 9
119 230 43
119 200 61
119 297 97
119 151 94
119 172 99
119 208 41
119 187 2
119 159 21
119 126 31
119 277 56
120 128 10
120 132 94
120 139 62
120 145 0
120 149 12
120 152 99
120 293 15
120 294 77
120 299 72
120 175 6
120 176 66
120 180 1
120 192 86
120 200 68
120 213 68
120 214 11
120 243 53
120 247 90
120 125 100
120 126 100
121 129 15
121 267 17
121 269 21
121 142 60
121 144 2
121 147 85
121 150 21
121 151 70
121 155 3
121 168 94
121 176 14
121 187 6
121 192 73
121 193 82
121 194 1
121 198 56
121 207 52
121 216 59
121 229 22
121 233 27
121 234 33
121 249 4
122 263 0
122 266 12
122 267 19
122 140 15
122 152 53
122 148 17
122 280 20
122 154 74
122 161 60
122 295 87
122 296 64
122 169 61
122 285 16
122 183 23
122 221 3
122 193 98
122 236 72
122 242 18
122 126 33
122 127 17
123 256 83
123 262 34
123 268 94
123 269 19
123 271 10
123 173 48
123 180 33
123 194 31
123 206 72
123 212 19
123 242 98
123 243 81
124 262 50
124 139 18
124 146 45
124 276 19
124 149 94
124 280 18
124 176 47
124 178 65
124 179 78
124 203 62
124 238 76
124 248 61
125 132 49
125 263 36
125 137 94
125 269 8
125 144 19
125 148 37
125 278 82
125 160 88
125 289 32
125 294 5
125 298 60
125 183 42
125 188 87
125 196 48
125 198 98
125 200 45
125 203 7
125 205 1
125 221 54
125 222 49
125 234 82
125 238 57
125 252 59
126 129 2
126 273 57
126 147 99
126 148 14
126 159 3
126 290 3
126 165 69
126 180 53
126 187 52
126 198 82
126 220 88
126 233 40
126 240 32
126 241 89
127 128 52
127 272 39
127 147 15
127 151 18
127 153 54
127 286 97
127 169 21
127 178 80
127 196 96
127 183 90
127 223 73
127 237 35
127 246 19
127 249 80
128 129 74
128 134 43
128 264 37
128 267 5
128 268 46
128 269 32
128 273 34
128 155 70
128 287 25
128 176 71
128 183 81
128 190 36
128 193 27
128 195 11
128 208 42
128 211 43
128 236 77
128 249 56
129 130 98
129 262 38
129 276 26
129 150 18
129 152 17
129 157 48
129 288 64
129 290 87
129 293 50
129 173 21
129 174 67
129 177 83
129 180 81
129 191 88
129 207 75
129 214 31
129 215 97
129 220 70
129 240 28
129 255 85
129 252 90
129 277 69
130 214 52
130 193 85
130 194 1
130 165 42
130 279 41
130 184 8
130 132 5
130 221 5
130 213 51
131 192 7
131 163 10
131 256 30
131 293 9
131 230 4
131 169 67
131 172 93
131 270 26
131 253 72
131 241 53
131 275 34
132 256 46
132 134 20
132 264 5
132 265 70
132 266 33
132 270 25
132 155 88
132 158 75
132 159 10
132 160 79
132 164 35
132 295 82
132 297 17
132 299 55
132 196 48
132 213 50
132 215 90
132 216 67
132 219 80
132 230 54
133 265 13
133 267 29
133 145 43
133 153 30
133 295 84
133 298 16
133 299 11
133 173 3
133 177 5
133 181 91
133 191 58
133 204 92
133 208 52
133 230 25
133 232 3
133 249 9
133 252 27
134 259 24
134 143 18
134 216 49
134 153 23
134 158 5
134 291 80
134 188 87
134 190 78
134 206 12
134 215 95
135 265 86
135 153 57
135 281 64
135 285 40
135 287 70
135 161 73
135 297 76
135 176 84
135 183 83
135 193 12
135 196 61
135 200 44
135 206 60
135 208 68
135 219 25
135 223 11
135 226 82
135 229 96
135 230 12
136 288 29
136 291 15
136 137 92
136 235 40
136 142 28
136 206 42
136 178 72
136 180 76
136 286 67
136 169 81
136 249 93
136 186 56
136 140 73
136 189 96
136 190 33
137 267 77
137 142 72
137 274 22
137 160 87
137 291 65
137 167 25
137 172 48
137 182 75
137 206 19
137 222 88
137 234 40
137 243 22
137 254 73
138 172 79
138 224 69
138 174 36
138 211 11
138 152 0
139 260 75
139 269 52
139 143 89
139 175 8
139 158 83
139 290 57
139 292 43
139 293 72
139 166 69
139 167 24
139 189 76
140 259 55
140 271 5
140 273 18
140 277 76
140 279 15
140 152 54
140 282 7
140 285 3
140 164 0
140 191 12
140 193 62
140 207 36
140 226 34
140 294 17
141 256 51
141 263 24
141 151 77
141 283 99
141 159 70
141 170 1
141 183 9
141 188 68
141 198 53
141 213 32
141 221 47
141 223 51
141 235 13
141 247 78
142 272 46
142 153 28
142 283 5
142 289 16
142 162 24
142 163 31
142 295 48
142 180 32
142 191 1
142 193 60
142 202 7
142 203 9
142 226 53
142 229 35
142 232 40
142 242 24
142 244 53
142 255 9
143 266 35
143 277 82
143 279 75
143 196 96
143 204 45
143 210 23
143 223 11
143 247 42
144 263 97
144 270 59
144 145 67
144 276 70
144 277 13
144 280 65
144 159 60
144 261 97
144 165 81
144 171 91
144 190 69
144 208 57
144 215 4
144 216 90
144 229 49
144 248 76
144 250 53
145 262 36
145 153 57
145 289 94
145 291 54
145 295 33
145 170 2
145 172 90
145 173 23
145 176 58
145 179 1
145 182 85
145 191 58
145 193 5
145 201 21
145 204 23
145 208 17
145 211 14
145 232 38
145 245 55
145 246 30
146 256 6
146 267 52
146 276 59
146 283 83
146 287 54
146 292 25
146 165 92
146 168 25
146 169 0
146 183 27
146 186 92
146 198 63
146 237 94
146 251 63
146 254 16
147 265 43
147 273 53
147 279 21
147 154 42
147 163 58
147 167 68
147 299 85
147 182 37
147 185 49
147 189 7
147 194 99
147 222 11
147 231 65
147 242 5
148 269 87
148 281 34
148 156 5
148 285 29
148 159 42
148 288 41
148 163 95
148 177 26
148 223 86
148 189 78
148 190 3
148 203 12
148 210 3
148 219 7
148 165 89
148 228 39
148 252 91
149 151 29
149 153 34
149 162 99
149 293 6
149 166 78
149 177 20
149 190 100
149 197 4
149 218 44
149 224 76
149 228 98
149 244 85
149 247 54
149 255 93
150 151 55
150 155 50
150 286 16
150 294 51
150 296 29
150 174 55
150 175 63
150 185 11
150 186 86
150 189 55
150 212 92
150 222 80
150 224 23
150 233 34
151 228 47
151 193 34
151 208 52
151 155 100
152 261 66
152 280 23
152 281 78
152 155 6
152 284 44
152 292 21
152 169 4
152 183 15
152 208 1
152 211 84
152 297 65
153 256 11
153 259 18
153 265 63
153 154 53
153 155 76
153 159 86
153 289 11
153 290 94
153 163 46
153 295 32
153 168 96
153 299 40
153 180 60
153 182 96
153 194 35
153 213 58
153 216 26
153 244 59
154 256 88
154 269 58
154 272 49
154 275 12
154 283 48
154 160 48
154 291 30
154 294 37
154 177 16
154 298 72
154 171 30
154 175 92
154 202 74
154 217 15
154 229 37
154 235 10
155 271 77
155 272 4
155 282 25
155 163 64
155 168 57
155 171 69
155 198 54
155 216 10
155 223 41
155 255 46
156 260 13
156 263 95
156 274 68
156 164 4
156 294 37
156 295 88
156 176 33
156 199 33
156 203 80
156 204 77
156 211 77
156 216 19
156 230 56
156 248 87
157 263 62
157 266 26
157 286 65
157 159 0
157 240 16
157 298 37
157 173 57
157 202 76
157 230 13
157 235 50
157 244 100
158 278 2
158 281 99
158 267 73
158 201 34
158 202 70
158 164 73
158 232 53
158 240 92
158 275 40
158 249 0
158 252 72
159 171 29
159 264 59
159 270 45
159 273 70
159 170 61
159 299 62
159 189 84
159 219 72
159 226 98
159 228 99
159 245 82
159 246 85
160 269 49
160 281 15
160 282 57
160 292 79
160 184 97
160 188 56
160 198 1
160 205 16
160 210 29
160 227 73
160 229 34
160 230 82
160 249 23
161 289 38
161 290 6
161 166 87
161 180 71
161 199 62
161 200 10
161 214 32
161 217 87
161 219 81
161 239 26
161 242 40
162 282 61
162 169 49
162 215 100
162 173 78
162 217 59
162 177 49
162 297 24
162 179 66
162 186 87
162 279 75
162 281 81
162 250 37
163 256 54
163 265 83
163 277 48
163 171 6
163 184 4
163 194 21
163 200 81
163 207 8
163 210 3
163 271 60
163 232 7
163 241 89
164 268 72
164 273 58
164 276 20
164 279 13
164 285 47
164 288 18
164 166 42
164 168 41
164 169 58
164 179 94
164 187 44
164 196 12
164 215 70
164 231 88
164 235 37
164 247 33
165 296 39
165 173 66
165 179 26
165 196 91
165 199 8
165 201 68
165 206 30
165 207 85
165 210 57
165 211 49
165 219 51
165 228 35
165 232 90
165 272 44
166 257 96
166 258 78
166 262 79
166 268 21
166 282 78
166 288 15
166 291 31
166 297 94
166 299 45
166 180 15
166 187 6
166 188 97
166 189 75
166 198 94
166 210 65
166 219 81
166 232 83
166 255 1
167 262 27
167 297 84
167 173 95
167 209 39
167 199 49
167 277 60
167 279 1
167 216 96
167 290 66
167 286 52
168 257 98
168 265 58
168 278 10
168 287 25
168 179 31
168 183 32
168 180 28
168 191 62
168 184 60
168 212 34
168 213 66
168 215 32
168 233 24
168 283 89
169 267 82
169 271 82
169 279 13
169 291 66
169 295 75
169 263 45
169 184 42
169 197 72
169 201 46
169 214 94
169 228 42
170 256 5
170 266 28
170 269 13
170 295 3
170 298 59
170 178 56
170 188 5
170 208 91
170 220 23
170 225 58
170 238 97
170 242 98
170 243 35
170 248 64
171 177 96
171 184 13
171 220 92
171 189 13
171 212 66
171 280 88
171 249 46
171 284 94
172 281 7
172 294 83
172 174 21
172 265 86
172 195 75
172 200 81
172 203 22
172 218 95
172 219 68
172 231 88
172 247 33
173 257 58
173 265 36
173 266 37
173 279 97
173 283 60
173 286 46
173 206 2
173 224 36
173 237 26
173 255 35
174 259 84
174 260 78
174 284 13
174 177 56
174 182 45
174 185 43
174 199 73
174 229 63
174 242 25
174 250 2
175 260 24
175 285 16
175 287 77
175 181 22
175 182 85
175 266 26
175 200 12
175 206 81
175 248 71
176 274 11
176 276 77
176 294 1
176 190 93
176 208 67
176 219 5
176 225 90
176 230 35
176 239 36
176 244 86
176 250 81
176 255 33
177 256 21
177 262 9
177 264 52
177 275 3
177 298 50
177 201 21
177 208 52
177 211 68
177 213 92
177 221 38
177 224 42
177 226 54
178 214 33
178 257 67
178 261 27
178 200 4
178 238 45
178 275 2
178 278 77
178 215 93
178 180 51
178 254 22
179 256 6
179 257 81
179 275 26
179 276 25
179 277 5
179 280 91
179 288 96
179 299 39
179 190 55
179 192 43
179 207 66
179 212 26
179 230 63
179 234 66
180 263 21
180 278 94
180 284 9
180 287 82
180 289 100
180 291 60
180 299 98
180 182 79
180 183 62
180 184 97
180 188 13
180 195 54
180 185 54
180 237 29
181 257 81
181 260 89
181 268 67
181 278 43
181 290 30
181 294 97
181 199 79
181 202 28
181 226 67
181 273 2
181 233 85
181 237 48
181 255 42
182 278 21
182 280 65
182 292 19
182 263 53
182 203 18
182 204 8
182 225 75
182 234 24
182 189 25
183 280 56
183 296 90
183 253 79
183 193 56
183 203 8
183 217 84
183 231 71
183 236 75
183 239 2
184 263 46
184 283 41
184 286 44
184 288 89
184 298 78
184 191 38
184 192 82
184 291 98
184 213 27
184 225 36
184 232 79
184 245 66
185 278 16
185 267 75
185 272 49
185 274 59
185 279 19
185 294 84
185 197 93
185 225 17
185 249 38
185 251 85
185 277 70
186 262 100
186 272 33
186 299 19
186 243 44
186 196 35
186 216 77
186 230 95
186 232 70
186 212 41
186 250 15
187 261 94
187 267 4
187 269 0
187 270 3
187 276 72
187 290 17
187 297 58
187 190 77
187 217 42
187 231 61
187 255 54
188 258 75
188 259 40
188 286 83
188 289 43
188 291 10
188 189 81
188 201 41
188 254 8
189 266 0
189 286 7
189 193 77
189 211 65
189 216 89
189 217 11
189 224 25
189 226 45
189 235 85
189 240 60
189 244 29
189 245 25
190 197 83
190 242 22
190 279 36
190 212 4
190 293 46
191 298 34
191 195 8
191 219 54
191 221 26
191 211 9
191 246 56
191 250 11
192 277 35
192 291 98
192 222 50
192 215 54
192 230 55
193 263 43
193 278 6
193 280 86
193 290 50
193 295 2
193 197 47
193 199 56
193 201 78
193 206 4
193 217 99
193 229 47
194 266 51
194 275 43
194 283 66
194 293 65
194 202 9
194 206 13
194 210 47
194 217 32
194 221 32
194 222 13
194 251 44
194 238 33
194 244 83
195 294 38
195 296 30
195 249 99
196 283 48
196 285 37
196 288 85
196 294 90
196 200 55
196 207 21
196 211 24
196 213 60
196 214 0
196 222 13
196 239 67
196 240 38
196 242 88
197 256 20
197 275 94
197 289 97
197 242 16
197 200 2
197 206 82
197 219 4
197 224 68
197 240 85
198 295 3
198 297 12
198 203 38
198 225 100
198 255 74
199 266 5
199 277 94
199 286 81
199 287 11
199 292 53
199 224 63
199 229 89
199 233 62
199 235 55
199 246 79
200 257 34
200 259 53
200 276 91
200 278 61
200 279 97
200 285 99
200 287 38
200 291 64
200 203 37
200 228 51
200 230 100
200 239 79
201 263 1
201 279 68
201 294 87
201 296 76
201 286 67
201 220 74
201 214 87
201 227 47
201 228 9
201 246 34
201 234 14
202 256 35
202 280 8
202 284 53
202 286 62
202 295 94
202 210 83
202 213 20
202 216 72
202 229 11
202 236 77
203 214 100
203 265 84
203 282 14
203 286 50
203 294 26
203 296 29
203 299 99
203 266 23
203 223 54
203 232 87
203 254 96
204 289 35
204 291 0
204 267 44
204 270 42
204 240 51
204 276 48
204 299 47
204 282 69
205 262 71
205 241 25
205 297 0
205 266 75
205 285 99
205 208 48
206 268 8
206 277 93
206 216 19
206 220 44
206 221 44
206 224 52
206 249 67
207 265 95
207 267 50
207 295 87
207 208 67
207 212 100
207 227 38
207 238 57
207 241 92
208 259 75
208 263 23
208 274 14
208 279 82
208 213 67
208 249 80
209 269 85
209 274 26
209 282 99
209 283 48
209 292 93
209 222 76
209 223 11
209 246 78
209 252 90
210 261 59
210 264 45
210 265 94
210 284 76
210 291 17
210 288 10
210 223 3
210 232 88
210 245 46
210 248 61
211 285 72
211 288 5
211 298 13
211 214 64
211 218 2
211 238 28
211 245 30
211 252 89
212 299 8
212 266 49
212 273 69
212 274 1
212 280 30
212 282 57
212 286 5
212 289 83
212 296 88
212 221 83
212 233 58
212 240 23
212 246 43
212 247 8
212 250 21
212 253 71
213 266 95
213 280 86
213 289 94
213 292 56
213 218 33
213 235 50
213 237 59
213 253 14
214 276 13
214 289 60
214 217 98
214 241 81
214 248 40
214 254 41
215 256 3
215 224 10
215 243 75
215 247 70
215 252 69
216 258 61
216 273 85
216 275 11
216 277 64
216 268 78
216 221 97
216 229 3
216 224 2
216 227 57
216 241 5
216 243 73
217 262 47
217 265 77
217 274 78
217 284 31
217 286 74
217 289 11
217 290 60
217 219 75
217 239 19
218 263 86
218 265 3
218 237 63
218 282 12
218 285 92
218 219 53
218 231 62
218 253 57
219 270 93
219 260 4
219 239 94
219 248 71
219 255 78
220 268 63
220 277 90
220 287 47
220 226 79
220 228 81
220 273 38
220 240 21
220 241 50
220 275 37
220 249 21
221 272 87
221 289 43
221 246 85
222 264 88
222 275 60
222 291 22
222 226 64
222 237 9
222 244 25
222 255 56
223 258 89
223 265 6
223 266 62
223 293 29
223 297 3
223 230 25
223 234 68
223 241 48
223 242 42
223 247 36
223 250 89
224 287 30
224 297 59
224 240 37
224 241 87
225 259 14
225 264 68
225 269 36
225 270 21
225 227 76
225 242 19
226 260 12
226 268 60
226 277 35
226 289 36
226 296 62
226 257 97
226 230 43
226 244 41
226 251 73
227 291 71
227 231 85
227 250 11
227 251 5
227 254 84
228 268 69
228 293 83
228 287 86
228 236 8
228 281 86
228 238 47
228 252 20
229 259 95
229 261 31
229 280 65
229 287 98
230 266 51
230 297 8
230 232 86
230 239 96
230 252 70
231 257 13
231 260 55
231 264 49
231 267 69
231 270 31
231 285 40
231 288 48
231 297 67
231 240 34
232 258 40
232 271 22
232 294 88
232 296 11
232 241 20
232 276 28
232 253 56
233 270 68
233 272 53
233 273 77
233 274 37
233 280 99
233 286 2
233 292 15
233 297 74
233 234 62
233 246 28
233 255 17
234 257 29
234 264 75
234 289 39
234 290 31
234 293 55
234 250 55
235 256 42
235 260 35
235 277 4
235 279 62
235 280 98
235 291 59
236 263 52
236 266 70
236 267 72
236 279 32
236 291 50
237 240 42
237 262 55
237 263 4
237 265 34
237 298 93
237 241 59
237 266 93
237 285 27
238 289 76
238 291 46
239 266 100
239 280 54
239 282 33
239 283 53
239 290 50
239 243 94
239 247 32
240 260 52
240 266 53
240 270 94
240 275 0
240 253 23
241 258 91
241 266 98
241 270 76
242 260 95
242 272 68
242 277 63
242 286 63
242 244 65
242 245 85
242 248 11
242 255 29
243 279 45
243 285 7
244 246 2
244 277 13
244 264 95
244 278 22
245 263 35
245 268 48
248 288 18
248 258 29
248 268 7
249 272 83
249 285 61
249 250 63
250 257 84
250 280 85
250 298 3
250 253 37
250 254 95
251 288 46
251 273 16
251 286 64
251 287 74
252 265 33
252 266 84
253 275 42
253 290 93
254 257 60
254 258 75
254 263 40
254 289 81
254 294 34
255 267 57
255 282 77
255 299 21
256 284 79
256 285 12
256 294 9
257 261 75
257 268 37
257 273 84
257 281 96
257 287 60
258 267 28
258 275 54
258 282 10
258 283 12
258 291 40
258 294 47
258 297 100
259 261 64
259 266 35
259 272 12
259 273 17
259 278 51
259 287 21
260 283 95
261 272 33
261 273 92
261 293 21
262 273 38
262 282 11
262 286 17
262 294 84
263 291 23
263 272 14
264 297 37
264 279 34
264 272 16
265 270 41
266 295 83
267 278 13
267 292 7
268 275 78
268 290 74
268 297 8
268 298 27
269 272 8
269 299 15
270 280 0
270 274 66
271 275 30
272 276 81
272 281 61
272 294 82
272 297 24
273 274 11
273 291 3
274 287 45
274 291 43
274 295 19
275 283 22
276 280 52
276 291 11
276 299 35
278 279 88
278 286 96
278 283 32
280 281 27
280 284 60
280 285 32
281 284 24
282 291 84
282 296 72
283 287 66
283 290 97
284 296 95
285 290 47
286 289 55
287 293 3
287 294 91
287 296 100
287 292 73
288 294 68
289 293 52
289 296 100
290 295 36
291 296 94
293 296 63
294 295 16
295 296 20
295 297 89
