300 4000
0 128 89
0 260 20
0 268 33
0 13 58
0 142 8
0 277 80
0 286 90
0 173 26
0 176 22
0 178 38
0 179 38
0 196 57
0 75 42
0 78 96
0 80 95
0 14 52
0 87 9
0 216 89
0 96 3
0 107 52
0 123 81
0 125 88
1 131 11
1 4 52
1 6 28
1 7 35
1 8 75
1 141 80
1 26 45
1 148 37
1 282 59
1 29 33
1 159 0
1 32 10
1 291 5
1 36 31
1 43 70
1 50 44
1 60 19
1 205 18
1 78 30
1 79 90
1 213 84
1 217 80
1 93 51
1 102 67
1 243 55
1 117 66
1 120 97
2 224 84
2 129 38
2 117 33
2 67 41
2 37 98
2 294 34
2 231 59
2 72 17
2 138 20
2 75 34
2 65 77
2 287 54
2 82 60
2 245 44
2 54 53
2 281 79
2 6 40
2 187 17
2 101 21
2 223 36
3 137 13
3 68 27
3 29 98
3 33 2
3 91 13
3 294 84
3 168 99
3 171 91
3 47 35
3 179 12
3 52 16
3 58 21
3 189 59
3 63 15
3 64 58
3 196 14
3 201 84
3 206 12
3 83 76
3 219 87
3 92 77
3 227 18
3 233 50
3 107 82
3 114 0
3 115 58
4 256 31
4 261 33
4 51 80
4 257 96
4 137 89
4 271 35
4 277 66
4 150 80
4 23 14
4 155 54
4 5 57
4 32 96
4 33 19
4 167 50
4 49 7
4 50 7
4 179 52
4 53 51
4 56 14
4 57 82
4 67 20
4 196 34
4 78 40
4 210 47
4 215 27
4 217 57
4 221 7
4 227 73
4 106 70
4 107 23
4 113 87
4 252 79
5 256 9
5 257 43
5 258 32
5 131 24
5 138 6
5 269 2
5 272 23
5 281 41
5 160 13
5 37 64
5 42 21
5 44 19
5 45 35
5 174 1
5 49 81
5 243 4
5 52 22
5 185 98
5 62 44
5 68 47
5 210 54
5 83 6
5 86 94
5 87 78
5 231 65
5 237 50
5 211 49
5 120 6
5 125 24
6 258 43
6 43 87
6 7 95
6 140 46
6 145 22
6 277 85
6 278 50
6 165 24
6 298 95
6 171 11
6 191 20
6 67 48
6 79 19
6 208 54
6 87 43
6 92 12
6 124 28
6 115 39
6 248 57
6 252 94
7 129 77
7 131 17
7 13 27
7 270 37
7 273 12
7 26 88
7 156 21
7 286 34
7 32 38
7 46 92
7 180 83
7 57 15
7 288 97
7 74 14
7 78 51
7 222 17
7 96 12
7 98 56
7 234 87
7 245 71
7 254 44
8 226 42
8 293 8
8 230 100
8 199 38
8 200 25
8 265 27
8 42 11
8 295 42
8 174 95
8 78 5
8 175 17
8 147 17
8 180 89
8 270 95
8 87 7
8 152 22
8 217 80
8 119 65
8 125 57
8 95 65
9 270 52
9 143 4
9 16 0
9 147 0
9 162 19
9 39 73
9 296 75
9 299 93
9 55 14
9 57 7
9 59 3
9 61 91
9 64 20
9 195 20
9 185 99
9 100 14
9 229 99
9 102 65
9 232 26
9 244 18
9 248 79
9 249 17
9 122 50
9 126 82
10 267 90
10 12 5
10 287 12
10 289 22
10 37 23
10 38 91
10 41 80
10 50 95
10 182 87
10 191 31
10 67 65
10 206 65
10 79 91
10 209 36
10 83 56
10 89 67
10 97 38
10 101 21
10 103 38
10 105 42
10 237 50
10 110 78
10 241 83
10 248 71
10 254 3
11 137 40
11 266 55
11 144 77
11 273 95
11 25 10
11 285 30
11 287 71
11 288 62
11 161 19
11 165 34
11 170 8
11 299 38
11 44 48
11 173 22
11 47 4
11 177 21
11 54 97
11 56 90
11 60 1
11 192 13
11 32 20
11 67 5
11 72 83
11 87 93
11 96 30
11 226 56
11 99 59
11 102 58
11 104 1
11 233 57
11 29 62
11 109 70
11 116 22
11 119 61
11 123 71
11 252 6
12 260 11
12 133 2
12 13 6
12 151 13
12 27 65
12 284 60
12 33 62
12 34 28
12 168 74
12 174 98
12 179 25
12 183 55
12 184 48
12 67 100
12 94 9
12 224 10
12 225 87
12 234 90
12 113 23
12 117 63
12 246 57
13 262 99
13 194 48
13 142 98
13 143 23
13 16 48
13 154 55
13 29 81
13 158 58
13 37 40
13 42 63
13 47 29
13 48 35
13 180 75
13 183 30
13 52 96
13 59 40
13 134 83
13 192 51
13 66 5
13 206 20
13 270 92
13 89 91
13 225 41
13 102 62
13 232 54
13 244 59
13 252 60
14 131 77
14 134 29
14 18 34
14 19 1
14 148 15
14 279 99
14 282 12
14 156 60
14 158 51
14 159 4
14 284 57
14 44 53
14 50 42
14 180 43
14 184 69
14 62 87
14 192 70
14 193 53
14 204 44
14 99 34
14 84 49
14 91 33
14 223 55
14 226 0
14 227 92
14 107 94
14 147 80
14 123 60
15 259 5
15 260 96
15 150 5
15 134 10
15 65 45
15 138 11
15 267 51
15 273 71
15 278 94
15 27 11
15 160 13
15 289 64
15 169 3
15 298 58
15 174 93
15 53 45
15 54 16
15 186 98
15 64 5
15 42 42
15 32 90
15 204 98
15 208 4
15 209 12
15 213 15
15 216 32
15 90 89
15 94 48
15 80 42
15 227 76
15 231 12
15 233 9
15 110 72
15 243 99
15 117 51
15 120 5
15 253 36
15 126 99
15 127 75
16 130 67
16 132 54
16 26 42
16 287 67
16 291 95
16 38 9
16 174 89
16 49 81
16 189 82
16 190 89
16 199 53
16 206 79
16 82 100
16 84 21
16 216 70
16 94 57
16 225 69
16 103 68
16 236 73
16 109 49
16 250 91
17 257 31
17 131 99
17 262 72
17 265 49
17 266 11
17 268 60
17 142 100
17 273 94
17 21 50
17 33 79
17 134 100
17 298 67
17 61 58
17 176 31
17 186 86
17 189 100
17 63 7
17 195 54
17 202 68
17 218 84
17 92 51
17 165 71
17 233 15
17 239 68
17 118 96
17 122 70
18 132 56
18 277 55
18 260 21
18 154 87
18 37 14
18 170 23
18 173 47
18 178 47
18 52 14
18 189 66
18 69 100
18 73 18
18 76 47
18 206 56
18 88 16
18 221 78
18 94 75
18 165 68
18 105 40
18 108 68
18 109 50
18 239 54
18 240 42
18 117 53
18 247 31
18 124 13
18 255 40
19 128 98
19 256 11
19 132 99
19 179 45
19 263 69
19 264 72
19 265 68
19 139 27
19 143 99
19 273 41
19 146 45
19 148 84
19 285 61
19 286 94
19 159 15
19 162 77
19 299 88
19 49 44
19 50 86
19 51 77
19 137 8
19 186 93
19 189 48
19 190 63
19 191 21
19 68 14
19 72 67
19 204 16
19 210 39
19 142 50
19 218 68
19 91 31
19 224 33
19 97 28
19 105 11
19 110 29
19 113 44
19 245 70
19 120 4
20 192 96
20 97 74
20 282 28
20 69 12
20 102 7
20 39 11
20 168 27
20 73 37
20 139 74
20 61 81
20 270 16
20 111 39
20 145 47
20 179 45
20 276 52
20 248 26
20 72 97
20 218 92
20 29 32
21 128 3
21 138 37
21 268 24
21 141 34
21 271 44
21 144 56
21 276 62
21 279 96
21 154 88
21 34 37
21 172 11
21 188 11
21 196 75
21 206 73
21 222 81
21 98 98
21 240 19
21 114 96
21 244 73
21 117 12
21 118 93
21 120 57
21 252 99
22 128 71
22 131 6
22 269 66
22 142 66
22 277 14
22 290 69
22 164 26
22 165 51
22 295 17
22 296 79
22 48 4
22 177 19
22 53 11
22 188 1
22 72 3
22 205 98
22 209 81
22 92 22
22 226 18
22 99 91
22 231 41
22 106 63
22 108 33
23 133 8
23 134 91
23 135 63
23 269 43
23 149 29
23 288 6
23 34 6
23 163 24
23 164 7
23 168 43
23 297 64
23 43 63
23 172 77
23 46 97
23 60 28
23 190 31
23 72 37
23 204 7
23 78 2
23 211 6
23 238 21
23 241 25
23 118 86
23 253 24
24 137 51
24 138 48
24 139 38
24 146 56
24 152 19
24 28 49
24 285 11
24 160 55
24 293 22
24 166 38
24 183 69
24 59 19
24 189 84
24 63 48
24 192 77
24 201 1
24 208 67
24 84 35
24 94 80
24 225 52
24 234 9
24 237 33
24 117 14
24 122 67
24 252 26
24 106 65
25 266 2
25 140 63
25 142 20
25 271 100
25 144 0
25 147 50
25 277 55
25 278 64
25 30 62
25 32 84
25 35 79
25 293 39
25 171 18
25 45 27
25 174 42
25 286 51
25 80 65
25 81 22
25 210 69
25 212 38
25 222 14
25 272 8
25 228 33
25 236 18
25 119 10
25 121 58
25 127 88
26 139 1
26 145 19
26 277 99
26 154 89
26 27 12
26 284 83
26 34 79
26 298 91
26 44 32
26 185 10
26 70 63
26 201 30
26 226 5
26 85 95
26 221 77
26 98 18
26 229 30
26 231 66
26 107 99
26 113 4
27 129 14
27 261 20
27 257 10
27 148 8
27 281 23
27 155 64
27 167 26
27 170 78
27 171 51
27 172 6
27 176 89
27 56 71
27 191 4
27 193 10
27 200 63
27 204 45
27 79 56
27 224 37
27 97 75
27 100 16
27 230 93
27 106 95
27 107 43
27 112 93
27 115 1
27 116 76
27 251 33
28 259 74
28 261 17
28 263 62
28 272 58
28 195 97
28 149 59
28 164 9
28 165 2
28 38 85
28 52 71
28 190 95
28 64 35
28 67 30
28 197 61
28 76 34
28 211 68
28 86 45
28 219 26
28 102 99
28 112 58
28 120 79
28 124 68
29 132 84
29 135 90
29 266 58
29 156 90
29 32 96
29 34 17
29 38 92
29 174 24
29 59 35
29 190 49
29 75 3
29 76 93
29 77 24
29 78 98
29 208 30
29 92 8
29 223 62
29 228 97
29 229 13
29 107 39
29 236 57
29 238 98
29 241 24
30 148 100
30 280 49
30 283 40
30 156 15
30 162 73
30 164 86
30 172 53
30 45 75
30 184 92
30 57 63
30 64 90
30 80 94
30 120 48
30 86 27
30 91 15
30 105 45
30 240 67
30 113 43
30 115 83
30 254 82
30 248 44
30 253 62
30 126 10
31 256 0
31 136 93
31 271 1
31 273 20
31 146 48
31 157 65
31 287 66
31 36 1
31 165 98
31 170 15
31 45 58
31 47 15
31 178 60
31 53 86
31 184 57
31 62 82
31 64 93
31 215 62
31 105 67
31 239 28
31 285 49
31 250 65
32 256 4
32 270 24
32 277 90
32 36 95
32 165 2
32 167 31
32 41 67
32 65 91
32 67 8
32 202 0
32 205 93
32 78 98
32 85 46
32 90 95
32 221 98
32 98 63
32 228 81
32 229 23
32 105 1
32 106 51
32 246 77
32 121 49
32 253 76
33 259 66
33 288 6
33 162 53
33 38 88
33 41 78
33 174 68
33 48 61
33 50 31
33 60 100
33 204 23
33 77 36
33 83 74
33 85 58
33 97 67
33 101 26
33 109 12
33 110 49
33 113 90
33 248 16
33 122 57
33 127 70
34 128 18
34 264 79
34 139 63
34 150 31
34 286 84
34 290 26
34 291 41
34 40 42
34 170 46
34 173 53
34 52 3
34 181 86
34 188 7
34 72 5
34 79 98
34 211 71
34 84 39
34 217 22
34 92 99
34 105 43
34 121 53
34 123 88
35 128 44
35 133 68
35 263 27
35 136 43
35 275 61
35 153 59
35 160 71
35 161 45
35 167 7
35 297 99
35 45 25
35 181 62
35 195 41
35 69 49
35 207 0
35 210 56
35 85 80
35 215 44
35 226 66
35 239 4
35 119 69
35 121 11
35 122 73
35 123 80
36 266 3
36 140 29
36 269 84
36 144 70
36 275 85
36 278 65
36 153 31
36 167 17
36 44 69
36 173 63
36 46 67
36 181 40
36 287 1
36 189 55
36 197 22
36 199 70
36 207 50
36 208 100
36 214 11
36 216 80
36 220 84
36 234 17
36 114 71
36 121 49
36 123 88
37 256 34
37 268 62
37 144 63
37 277 12
37 278 81
37 279 43
37 175 94
37 218 86
37 41 78
37 44 97
37 47 23
37 57 67
37 186 61
37 188 7
37 61 17
37 196 13
37 202 89
37 206 76
37 207 20
37 211 60
37 86 2
37 217 33
37 90 17
37 226 98
37 99 51
37 104 47
37 235 16
37 189 43
37 113 34
37 114 49
37 119 52
37 248 94
38 131 96
38 143 18
38 145 55
38 274 41
38 148 38
38 68 84
38 282 18
38 291 85
38 297 32
38 174 89
38 47 42
38 181 97
38 196 11
38 203 71
38 207 25
38 215 37
38 91 32
38 107 42
38 236 38
38 146 58
38 242 2
38 251 73
39 64 35
39 288 7
39 123 57
39 132 5
39 293 44
39 262 16
39 71 90
39 107 61
39 206 87
39 207 41
39 245 82
39 281 26
39 89 61
39 90 16
39 63 60
39 92 30
39 157 21
39 222 72
39 191 2
40 262 51
40 273 86
40 149 94
40 278 67
40 153 21
40 156 26
40 158 87
40 299 0
40 48 85
40 55 39
40 188 25
40 200 46
40 201 40
40 209 71
40 90 40
40 93 98
40 227 73
40 232 51
40 113 25
40 251 4
40 124 14
41 276 63
41 278 51
41 153 14
41 283 37
41 163 16
41 166 10
41 171 56
41 44 46
41 184 49
41 190 76
41 196 45
41 72 47
41 82 74
41 217 22
41 218 28
41 227 75
41 240 37
41 245 68
41 247 27
42 257 69
42 263 48
42 136 70
42 152 56
42 155 93
42 156 90
42 157 96
42 166 52
42 295 96
42 296 1
42 170 32
42 186 41
42 187 98
42 61 75
42 73 95
42 78 54
42 207 6
42 82 99
42 212 9
42 221 79
42 294 7
42 238 98
42 242 58
42 117 94
42 246 68
42 122 74
43 225 43
43 195 43
43 165 57
43 295 19
43 296 21
43 298 55
43 183 6
43 99 62
43 56 5
43 82 64
43 211 48
43 117 51
43 280 73
43 100 45
43 284 53
43 134 41
43 197 63
44 257 6
44 142 93
44 146 43
44 248 21
44 294 42
44 47 64
44 50 94
44 58 11
44 60 40
44 203 57
44 209 2
44 82 66
44 86 98
44 292 72
44 219 35
44 93 87
44 226 70
44 102 14
44 270 0
44 105 45
44 297 49
44 120 84
44 123 91
44 255 77
45 130 1
45 263 1
45 268 3
45 276 43
45 154 22
45 288 1
45 197 38
45 165 57
45 298 36
45 299 4
45 46 92
45 54 63
45 58 8
45 187 6
45 69 52
45 201 17
45 74 79
45 203 100
45 204 37
45 216 96
45 104 74
45 240 85
45 242 41
45 250 54
45 123 40
45 252 5
46 272 7
46 150 40
46 159 7
46 289 4
46 163 1
46 165 12
46 171 12
46 183 80
46 56 85
46 209 87
46 90 76
46 229 59
46 81 88
46 235 65
46 239 18
46 242 3
46 116 64
46 246 10
46 125 53
47 256 6
47 133 27
47 147 67
47 148 81
47 149 68
47 155 70
47 156 4
47 162 30
47 291 0
47 169 30
47 173 10
47 52 33
47 185 24
47 66 31
47 76 8
47 208 27
47 211 50
47 230 29
47 104 18
47 238 34
47 111 54
47 240 70
47 126 70
48 129 71
48 134 26
48 264 69
48 138 47
48 142 62
48 274 51
48 152 66
48 282 79
48 286 69
48 293 46
48 171 76
48 175 86
48 51 58
48 87 1
48 94 96
48 243 56
48 244 80
48 251 20
49 257 17
49 270 58
49 148 53
49 151 45
49 280 92
49 153 36
49 156 23
49 158 34
49 159 77
49 292 86
49 168 10
49 169 17
49 178 60
49 287 44
49 60 9
49 189 11
49 199 72
49 84 26
49 216 69
49 217 99
49 248 42
50 235 40
50 268 4
50 272 87
50 274 78
50 275 9
50 277 83
50 278 85
50 155 86
50 174 10
50 78 100
50 209 62
50 214 5
50 225 5
50 227 15
50 107 2
50 240 4
50 250 91
50 251 20
51 268 33
51 141 16
51 142 56
51 149 50
51 154 74
51 157 40
51 291 37
51 184 38
51 185 91
51 63 72
51 192 27
51 66 73
51 67 16
51 210 91
51 91 8
51 222 19
51 95 18
51 101 46
51 230 3
51 110 32
51 147 49
51 249 43
52 129 85
52 260 38
52 139 93
52 269 15
52 278 85
52 154 57
52 133 15
52 160 60
52 292 83
52 165 33
52 267 22
52 287 52
52 75 33
52 203 19
52 206 79
52 79 63
52 210 66
52 216 44
52 221 55
52 231 72
52 240 28
52 113 65
52 250 11
52 127 48
53 258 71
53 136 53
53 268 32
53 141 6
53 151 47
53 289 64
53 170 54
53 184 56
53 188 17
53 192 61
53 194 99
53 140 70
53 203 49
53 76 100
53 206 42
53 215 0
53 219 70
53 220 82
53 94 21
53 95 47
53 97 81
53 98 22
53 116 2
54 268 60
54 141 6
54 173 44
54 273 71
54 67 72
54 290 12
54 164 10
54 297 58
54 176 95
54 180 43
54 55 41
54 191 77
54 195 53
54 74 49
54 83 78
54 213 2
54 88 92
54 221 98
54 224 40
54 230 21
54 237 64
54 112 41
54 241 67
54 211 12
54 124 39
55 259 83
55 270 50
55 146 22
55 276 10
55 280 57
55 282 34
55 157 55
55 160 7
55 166 16
55 295 55
55 299 87
55 173 63
55 223 69
55 181 93
55 187 11
55 188 26
55 64 13
55 71 65
55 79 49
55 218 76
55 101 99
55 228 13
55 229 70
55 230 44
55 117 23
55 248 0
55 102 8
56 130 0
56 137 61
56 141 45
56 270 89
56 274 57
56 174 33
56 161 37
56 290 63
56 291 90
56 165 14
56 299 28
56 172 91
56 182 18
56 189 14
56 65 50
56 71 14
56 204 44
56 77 82
56 206 69
56 207 64
56 81 5
56 84 51
56 98 27
56 233 74
56 237 73
56 238 14
56 242 60
56 149 45
57 130 97
57 134 28
57 136 38
57 137 90
57 154 51
57 289 97
57 163 35
57 294 53
57 264 30
57 188 0
57 79 56
57 202 47
57 203 16
57 206 84
57 207 82
57 91 52
57 165 88
57 228 90
57 243 38
57 249 26
57 252 66
57 126 72
58 140 20
58 145 71
58 150 77
58 156 22
58 171 47
58 172 7
58 176 43
58 181 45
58 59 25
58 188 42
58 192 26
58 75 68
58 72 66
58 119 47
58 204 15
58 89 14
58 223 48
58 229 85
58 103 90
58 111 49
58 247 31
58 249 80
58 254 51
59 193 90
59 66 76
59 131 24
59 134 78
59 296 48
59 297 3
59 107 93
59 80 32
59 147 13
59 118 43
59 283 49
59 124 67
60 226 89
60 291 37
60 100 16
60 296 77
60 249 71
60 170 73
60 151 12
60 144 28
60 147 98
60 292 80
60 282 95
60 95 68
60 92 6
60 126 87
60 159 82
61 144 2
61 149 7
61 155 56
61 160 16
61 174 76
61 184 44
61 62 60
61 63 0
61 192 37
61 71 26
61 77 0
61 91 62
61 101 17
61 238 5
61 241 81
61 115 63
61 120 100
61 123 14
61 252 21
61 125 1
61 255 82
62 263 4
62 265 44
62 140 23
62 155 9
62 170 4
62 190 85
62 64 91
62 66 75
62 74 67
62 208 98
62 270 33
62 86 17
62 221 31
62 100 51
62 103 6
62 232 25
62 115 94
62 117 64
62 251 99
62 255 36
63 64 43
63 264 81
63 277 48
63 151 53
63 284 10
63 164 65
63 165 42
63 296 66
63 186 17
63 192 80
63 65 60
63 196 20
63 200 73
63 77 22
63 89 86
63 90 24
63 221 69
63 225 9
63 99 54
63 103 73
63 107 9
63 237 29
63 168 95
63 242 69
63 115 13
63 235 37
63 248 15
63 126 94
63 255 14
64 256 92
64 129 41
64 263 86
64 264 83
64 108 22
64 272 82
64 283 72
64 158 51
64 288 42
64 163 0
64 178 95
64 182 87
64 185 0
64 188 62
64 192 48
64 66 86
64 120 7
64 88 49
64 89 32
64 90 57
64 224 71
64 236 32
64 111 43
64 243 50
64 248 41
64 191 47
65 99 53
65 164 68
65 118 26
65 264 55
65 265 16
65 76 99
65 109 55
65 142 40
65 214 96
65 87 51
65 175 14
65 297 36
66 129 97
66 274 61
66 147 81
66 284 27
66 295 44
66 169 53
66 181 84
66 186 36
66 202 22
66 194 7
66 68 30
66 74 65
66 76 0
66 141 57
66 212 25
66 85 20
66 214 22
66 232 26
66 237 14
66 112 1
66 249 51
67 129 60
67 131 19
67 261 66
67 142 91
67 157 24
67 133 69
67 163 3
67 298 34
67 186 78
67 159 9
67 191 7
67 77 38
67 211 72
67 218 35
67 222 33
67 233 56
67 112 24
67 245 7
67 126 55
68 213 53
68 131 66
68 268 85
68 141 58
68 270 87
68 280 27
68 282 6
68 284 72
68 154 99
68 160 19
68 161 60
68 167 53
68 297 70
68 171 33
68 180 46
68 193 69
68 194 18
68 196 97
68 198 39
68 199 34
68 207 30
68 210 91
68 107 38
68 245 3
68 124 32
68 127 73
69 129 19
69 133 75
69 263 36
69 272 45
69 286 29
69 289 63
69 70 62
69 296 40
69 299 79
69 190 27
69 191 64
69 198 78
69 210 38
69 229 63
69 104 25
69 111 19
69 116 76
69 124 83
70 256 36
70 266 31
70 267 53
70 272 97
70 273 33
70 147 15
70 149 26
70 185 73
70 196 92
70 202 58
70 204 4
70 205 37
70 206 4
70 77 75
70 208 61
70 88 55
70 217 33
70 221 92
70 95 56
70 101 28
70 103 43
70 232 68
70 244 79
70 117 10
71 257 99
71 130 80
71 260 93
71 86 70
71 142 26
71 272 46
71 148 49
71 133 76
71 175 37
71 74 86
71 183 64
71 84 5
71 213 37
71 214 76
71 217 29
71 90 46
71 251 44
71 234 92
71 241 7
71 242 40
71 122 72
71 123 4
71 126 31
72 138 58
72 142 45
72 152 36
72 289 93
72 163 46
72 292 14
72 166 68
72 296 34
72 182 59
72 185 10
72 190 12
72 192 93
72 197 12
72 161 11
72 203 52
72 208 73
72 87 2
72 229 93
72 235 1
72 242 87
72 253 1
73 140 68
73 273 85
73 152 31
73 164 87
73 165 14
73 296 29
73 114 54
73 175 90
73 183 76
73 184 47
73 187 41
73 245 41
73 202 41
73 76 45
73 78 73
73 92 86
73 103 41
73 146 16
73 239 78
73 113 65
73 242 63
73 117 77
73 119 5
74 229 72
74 81 20
74 104 69
74 105 68
74 139 34
74 175 13
74 113 56
74 210 4
74 244 34
74 88 0
74 217 59
75 257 57
75 130 35
75 261 76
75 134 28
75 138 55
75 269 70
75 150 87
75 284 35
75 288 68
75 289 56
75 290 27
75 177 32
75 77 25
75 209 29
75 210 68
75 89 85
75 95 34
75 103 16
75 234 2
75 110 80
75 115 55
75 249 20
75 124 36
76 129 99
76 130 97
76 133 92
76 136 58
76 269 71
76 280 91
76 155 65
76 283 1
76 193 50
76 82 11
76 87 50
76 216 76
76 89 25
76 228 7
76 109 38
76 246 1
77 256 42
77 271 51
77 146 82
77 154 48
77 288 27
77 162 50
77 170 22
77 171 49
77 192 93
77 215 20
77 95 77
77 101 45
77 234 23
77 235 39
77 109 28
77 241 95
77 121 92
77 255 16
78 137 67
78 277 21
78 278 45
78 281 4
78 162 0
78 291 56
78 174 57
78 183 4
78 117 74
78 196 13
78 82 13
78 216 89
78 217 16
78 235 5
78 245 32
78 119 84
78 126 0
79 256 15
79 130 69
79 133 47
79 109 7
79 147 54
79 153 62
79 154 74
79 284 65
79 285 26
79 158 54
79 160 36
79 163 41
79 292 56
79 166 26
79 162 62
79 212 98
79 164 92
79 220 22
79 100 89
79 230 19
79 231 24
79 107 19
79 237 35
79 246 11
79 120 17
79 124 74
80 260 9
80 133 65
80 158 26
80 291 45
80 166 91
80 173 96
80 178 79
80 117 65
80 197 13
80 226 75
80 99 0
80 232 95
80 109 27
80 115 75
80 187 5
80 126 20
80 127 24
81 256 11
81 128 41
81 258 29
81 131 15
81 132 66
81 261 69
81 265 16
81 268 96
81 143 15
81 260 63
81 284 62
81 166 55
81 167 20
81 172 97
81 173 92
81 174 0
81 180 20
81 193 58
81 197 40
81 208 54
81 84 60
81 215 29
81 93 18
81 115 7
81 252 15
82 130 42
82 266 59
82 268 96
82 142 84
82 151 100
82 295 87
82 184 53
82 185 28
82 187 25
82 194 98
82 208 63
82 211 38
82 213 58
82 217 28
82 219 76
82 92 99
82 97 76
82 108 17
82 125 62
83 260 1
83 263 80
83 274 83
83 131 21
83 280 93
83 286 2
83 159 99
83 299 52
83 185 77
83 186 36
83 196 6
83 198 65
83 213 21
83 86 10
83 92 7
83 100 25
83 234 22
83 235 75
83 238 65
83 120 67
83 255 95
84 128 99
84 229 87
84 134 61
84 297 40
84 205 22
84 179 57
84 244 76
84 254 89
84 247 32
84 217 29
84 169 99
85 131 77
85 132 53
85 136 67
85 139 88
85 144 45
85 151 33
85 154 48
85 157 9
85 158 37
85 159 79
85 167 11
85 169 20
85 175 40
85 179 65
85 160 37
85 202 9
85 209 99
85 217 87
85 225 100
85 103 24
85 236 22
85 109 93
85 251 74
85 252 38
86 265 67
86 266 96
86 283 76
86 160 5
86 168 85
86 180 59
86 195 72
86 196 55
86 202 67
86 215 90
86 95 15
86 231 73
86 105 49
86 247 30
86 254 19
86 255 72
87 270 7
87 148 71
87 152 15
87 155 97
87 284 50
87 286 22
87 219 18
87 158 60
87 182 21
87 201 65
87 205 55
87 90 22
87 91 86
87 92 100
87 233 9
87 107 65
87 110 24
87 114 89
87 253 35
88 267 57
88 272 42
88 151 95
88 281 61
88 289 24
88 162 44
88 294 2
88 296 73
88 171 33
88 184 86
88 194 8
88 200 75
88 166 7
88 107 94
88 109 58
88 115 29
88 119 23
88 120 33
89 129 31
89 258 41
89 263 24
89 268 72
89 269 43
89 142 83
89 144 77
89 160 49
89 169 39
89 174 2
89 202 67
89 214 65
89 216 86
89 217 25
89 226 75
89 232 34
89 242 95
89 243 10
89 116 91
89 117 78
89 126 29
90 192 11
90 263 52
90 274 92
90 275 80
90 279 95
90 154 47
90 157 57
90 291 60
90 198 10
90 94 18
90 226 2
90 239 83
90 243 70
90 116 48
90 123 59
90 253 22
91 143 66
91 145 25
91 274 10
91 279 45
91 152 74
91 154 45
91 156 46
91 169 35
91 176 54
91 194 65
91 195 12
91 199 56
91 227 62
91 228 3
91 238 100
92 265 34
92 259 9
92 149 25
92 235 92
92 282 57
92 167 57
92 169 40
92 177 80
92 183 74
92 184 38
92 190 66
92 202 94
92 207 70
92 212 43
92 226 6
92 101 11
92 107 93
92 236 57
92 110 100
92 126 45
92 255 41
93 260 7
93 129 85
93 138 66
93 139 44
93 272 53
93 285 14
93 159 2
93 170 51
93 176 20
93 181 37
93 196 25
93 203 35
93 218 58
93 219 57
93 236 11
93 112 38
93 244 72
93 119 8
93 249 62
94 128 36
94 134 4
94 136 53
94 142 32
94 144 12
94 145 38
94 278 77
94 154 96
94 284 12
94 290 9
94 293 8
94 294 39
94 167 12
94 298 8
94 171 28
94 177 73
94 196 92
94 204 36
94 218 5
94 220 53
94 96 49
94 116 9
94 118 44
94 252 47
95 267 80
95 271 94
95 274 73
95 154 75
95 158 19
95 159 16
95 190 99
95 196 25
95 197 72
95 204 89
95 218 78
95 220 25
95 96 51
95 106 24
95 115 6
95 127 61
96 102 43
96 138 92
96 237 40
96 175 18
96 273 35
96 243 2
96 245 66
96 278 19
96 250 37
96 207 42
97 256 6
97 257 58
97 264 96
97 139 83
97 140 72
97 285 61
97 176 34
97 184 52
97 200 28
97 214 48
97 215 61
97 237 100
97 114 91
97 116 95
97 119 84
97 276 9
98 265 71
98 142 91
98 150 55
98 153 95
98 284 9
98 285 47
98 289 75
98 169 38
98 185 84
98 181 55
98 197 18
98 215 50
98 218 29
98 224 85
98 239 75
98 112 68
98 248 45
98 123 12
99 193 59
99 136 42
99 271 69
99 144 98
99 145 70
99 154 78
99 287 1
99 164 96
99 272 69
99 169 82
99 183 19
99 187 29
99 215 82
99 217 55
99 222 55
99 293 98
99 225 76
99 234 30
99 110 94
100 132 64
100 269 55
100 275 85
100 276 52
100 278 70
100 280 53
100 156 1
100 287 47
100 292 67
100 169 87
100 180 44
100 137 77
100 201 50
100 213 66
100 219 56
100 222 25
100 230 77
100 110 13
100 111 72
100 248 74
100 249 12
101 258 37
101 136 52
101 139 25
101 268 85
101 144 28
101 273 82
101 282 70
101 157 54
101 289 16
101 291 13
101 166 43
101 175 2
101 178 41
101 184 2
101 186 64
101 191 59
101 198 64
101 163 90
101 106 13
101 107 26
101 111 40
101 120 70
102 132 65
102 268 99
102 269 9
102 144 8
102 274 36
102 149 65
102 120 30
102 156 80
102 288 0
102 289 50
102 162 2
102 292 56
102 172 4
102 185 23
102 187 8
102 191 80
102 267 23
102 209 8
102 213 93
102 215 35
102 272 18
102 234 95
102 235 47
102 244 45
102 169 51
102 248 77
102 122 3
102 251 50
103 129 44
103 269 100
103 151 57
103 280 55
103 153 68
103 283 64
103 161 77
103 164 21
103 293 82
103 179 35
103 199 74
103 207 40
103 212 1
103 124 71
103 234 72
103 108 86
103 109 2
103 241 6
103 281 47
103 125 11
104 237 78
104 163 39
104 113 44
104 199 18
104 177 83
104 205 75
104 147 31
104 278 68
104 119 61
104 123 49
105 257 63
105 259 1
105 140 8
105 143 55
105 150 13
105 157 34
105 299 23
105 177 13
105 159 62
105 266 99
105 288 45
105 207 16
105 220 2
105 227 48
105 121 21
105 250 74
105 252 41
105 126 77
106 130 69
106 131 61
106 135 94
106 136 88
106 143 44
106 153 36
106 290 33
106 175 26
106 182 2
106 188 51
106 118 19
106 200 34
106 216 77
106 228 39
106 112 19
106 246 68
106 120 13
106 124 41
106 127 25
107 128 70
107 261 4
107 145 73
107 274 1
107 150 89
107 152 33
107 283 88
107 164 37
107 176 80
107 182 82
107 203 72
107 226 72
107 233 26
107 241 30
107 122 52
108 150 87
108 134 12
108 145 14
108 152 66
108 282 5
108 286 57
108 294 18
108 167 72
108 172 83
108 181 6
108 186 59
108 207 41
108 227 67
108 274 78
108 110 39
108 247 60
108 252 2
109 142 76
109 275 0
109 276 11
109 278 70
109 170 5
109 299 30
109 172 64
109 182 41
109 187 16
109 192 27
109 218 100
109 235 10
109 113 53
109 242 99
109 254 26
110 257 100
110 130 88
110 179 42
110 148 0
110 277 23
110 151 58
110 152 25
110 153 76
110 282 25
110 283 43
110 293 57
110 181 76
110 196 96
110 202 43
110 227 38
110 217 97
110 220 54
110 230 46
110 240 92
110 114 80
110 115 26
110 117 66
110 246 86
110 124 28
110 253 27
111 128 43
111 276 23
111 269 89
111 256 78
111 209 20
111 238 23
111 118 17
111 216 25
111 217 64
111 254 99
111 127 7
112 224 34
112 113 40
112 296 64
112 239 72
112 273 80
112 242 98
112 116 60
112 249 87
112 202 70
112 153 71
112 154 97
113 263 87
113 136 50
113 267 25
113 269 6
113 272 89
113 281 68
113 155 52
113 285 41
113 288 84
113 161 82
113 291 96
113 292 5
113 199 87
113 179 50
113 180 44
113 185 13
113 236 90
114 129 60
114 269 61
114 145 64
114 146 99
114 280 79
114 154 44
114 287 27
114 289 18
114 293 54
114 168 12
114 174 63
114 175 93
114 195 73
114 204 18
114 209 44
114 215 82
114 217 14
114 227 73
114 232 5
114 235 5
114 236 92
114 118 43
114 249 58
114 254 38
115 146 98
115 276 11
115 238 54
115 285 97
115 287 14
115 163 25
115 292 92
115 165 5
115 170 77
115 184 2
115 223 8
115 191 9
115 204 90
115 222 59
115 126 95
116 129 70
116 261 60
116 265 36
116 266 43
116 146 61
116 147 54
116 152 50
116 133 99
116 165 90
116 186 42
116 189 88
116 191 79
116 195 37
116 212 52
116 213 24
116 234 10
116 241 51
116 249 83
116 125 95
116 126 95
117 260 9
117 145 7
117 155 60
117 296 33
117 175 94
117 218 27
117 146 93
117 118 30
118 259 10
118 132 8
118 266 55
118 267 49
118 155 43
118 156 2
118 161 44
118 294 52
118 167 69
118 298 36
118 222 17
118 198 8
118 205 87
118 215 91
118 219 42
118 243 69
118 249 86
118 254 19
119 257 72
119 258 43
119 267 85
119 144 30
119 150 96
119 289 70
119 170 61
119 174 2
119 175 62
119 196 39
119 200 93
119 205 76
119 211 29
119 212 56
119 213 61
119 214 88
119 218 49
119 220 42
119 223 42
119 230 6
119 238 0
119 123 99
120 265 46
120 268 60
120 144 39
120 216 52
120 147 92
120 290 21
120 168 7
120 196 89
120 206 55
120 213 7
120 245 2
121 141 4
121 146 78
121 275 69
121 278 35
121 281 86
121 287 45
121 288 91
121 161 76
121 174 63
121 180 79
121 191 55
121 215 57
121 226 63
121 238 3
121 241 59
122 265 79
122 143 85
122 153 79
122 154 84
122 288 50
122 161 28
122 166 30
122 296 7
122 178 29
122 184 28
122 188 82
122 198 97
122 200 63
122 217 81
122 220 23
122 226 41
122 228 7
122 240 90
122 244 61
122 137 41
122 124 81
122 298 80
123 259 68
123 172 100
123 266 78
123 268 95
123 275 50
123 148 14
123 277 19
123 284 29
123 161 67
123 293 99
123 169 77
123 186 88
123 200 31
123 204 18
123 227 47
123 230 49
123 237 45
123 238 81
123 239 67
123 250 7
123 251 4
124 256 67
124 257 47
124 261 8
124 135 24
124 141 0
124 272 39
124 273 18
124 148 53
124 133 60
124 294 96
124 167 91
124 297 22
124 298 24
124 173 22
124 185 54
124 199 76
124 225 24
124 229 13
124 231 98
125 256 65
125 267 20
125 270 22
125 148 39
125 152 54
125 153 53
125 154 20
125 133 66
125 299 94
125 159 74
125 178 62
125 183 18
125 187 73
125 194 73
125 207 17
125 225 62
126 260 82
126 195 99
126 286 65
126 160 44
126 161 50
126 177 60
126 203 63
126 219 5
126 223 7
127 133 31
127 294 88
127 140 32
127 202 0
127 239 93
127 141 6
127 270 21
127 273 37
127 243 0
127 220 68
127 189 23
128 149 43
128 130 58
128 259 57
128 150 74
128 262 48
128 146 4
128 279 55
128 286 38
128 287 37
128 164 94
128 174 89
128 158 77
128 184 64
128 193 58
128 198 97
128 290 100
128 217 13
128 221 29
128 224 1
128 242 72
128 247 82
128 255 60
129 133 2
129 277 85
129 278 21
129 280 35
129 156 3
129 285 33
129 286 100
129 183 3
129 193 20
129 224 20
129 227 43
129 229 3
129 255 23
130 277 45
130 283 78
130 157 34
130 291 6
130 170 11
130 199 75
130 189 41
130 195 46
130 213 65
130 229 82
130 245 53
130 298 11
131 143 65
131 144 70
131 195 79
131 279 91
131 280 74
131 283 73
131 287 55
131 164 23
131 166 25
131 196 75
131 213 99
131 254 65
132 259 17
132 133 40
132 280 17
132 155 39
132 288 29
132 161 41
132 291 89
132 165 85
132 294 77
132 186 1
132 188 81
132 234 100
132 295 21
132 252 50
132 255 50
133 134 100
133 284 88
133 168 60
133 173 94
133 191 92
133 201 48
133 202 52
133 212 22
133 228 47
133 234 54
133 253 25
133 245 13
133 249 37
134 264 2
134 268 11
134 144 57
134 148 87
134 278 6
134 158 36
134 164 12
134 190 46
134 193 70
134 198 60
134 250 27
134 252 86
135 208 9
135 227 59
135 156 51
135 141 75
135 189 81
135 176 15
135 170 83
135 153 10
135 287 48
136 278 53
136 295 48
136 168 33
136 274 5
136 150 74
137 140 85
137 145 81
137 277 93
137 288 31
137 161 21
137 175 68
137 194 59
137 196 12
137 228 99
137 259 28
137 275 100
137 246 50
137 253 36
137 254 83
138 265 64
138 266 38
138 269 17
138 274 85
138 159 44
138 176 3
138 164 2
138 177 60
138 183 74
138 190 24
138 197 71
138 201 61
138 205 45
138 210 27
138 213 23
138 220 59
139 266 41
139 142 39
139 274 97
139 276 19
139 278 56
139 296 77
139 172 45
139 173 81
139 177 74
139 194 44
139 162 69
139 220 39
139 223 79
139 234 30
140 271 34
140 280 33
140 157 6
140 298 73
140 177 72
140 180 100
140 193 12
140 197 65
140 201 15
140 227 35
140 170 88
141 265 58
141 268 50
141 147 10
141 278 72
141 282 94
141 285 86
141 286 77
141 180 41
141 181 91
141 189 11
141 193 29
141 199 69
141 210 7
141 249 32
141 230 8
141 275 59
141 255 27
142 268 81
142 272 4
142 275 3
142 277 1
142 153 68
142 291 37
142 164 90
142 167 16
142 175 37
142 183 78
142 228 45
142 213 16
142 221 0
142 227 25
142 292 80
142 234 0
142 236 2
142 249 7
143 260 28
143 268 100
143 159 74
143 166 29
143 169 37
143 173 63
143 182 5
143 185 98
143 195 3
143 199 76
143 269 56
143 212 88
143 213 69
143 220 52
143 229 78
143 228 36
143 231 92
143 255 96
144 260 97
144 263 81
144 274 66
144 279 76
144 153 36
144 157 52
144 162 61
144 295 94
144 186 13
144 199 90
144 201 23
144 292 51
144 229 44
144 238 4
144 242 42
144 246 68
144 253 67
145 270 38
145 151 53
145 154 9
145 284 68
145 294 37
145 295 49
145 298 41
145 299 32
145 173 54
145 174 89
145 184 24
145 198 49
145 200 69
145 215 93
145 226 38
145 236 90
145 238 100
145 249 99
146 259 58
146 263 63
146 268 19
146 271 91
146 278 78
146 162 77
146 291 1
146 176 63
146 199 28
146 275 42
146 206 93
146 254 89
147 259 35
147 194 10
147 148 38
147 162 12
147 296 10
147 185 54
147 191 8
147 196 25
147 205 6
147 216 83
147 222 90
148 175 43
148 149 25
148 157 96
148 292 61
148 293 6
148 166 61
148 296 40
148 182 52
148 194 94
148 215 67
148 241 12
148 277 53
149 271 63
149 278 56
149 279 10
149 159 78
149 174 67
149 204 84
149 222 80
149 223 86
149 231 58
149 239 100
150 258 0
150 155 31
150 287 18
150 163 5
150 171 6
150 283 98
150 198 57
150 202 60
150 205 43
150 211 82
150 248 50
151 276 29
151 154 61
151 156 44
151 157 30
151 158 87
151 160 40
151 291 8
151 169 2
151 171 17
151 182 49
151 192 99
151 199 87
151 210 98
151 240 95
151 245 6
151 247 51
151 248 54
151 254 63
152 257 75
152 261 85
152 265 52
152 153 11
152 156 18
152 158 76
152 159 44
152 181 90
152 194 60
152 208 87
152 213 83
152 216 46
152 221 6
152 253 34
152 241 56
152 248 48
153 262 61
153 274 46
153 154 75
153 298 32
153 177 29
153 202 77
153 204 97
153 210 30
153 163 20
153 292 5
153 226 85
153 211 82
154 256 89
154 267 97
154 272 100
154 159 6
154 166 4
154 185 0
154 200 17
154 203 0
154 210 82
154 221 10
154 240 50
155 256 57
155 257 53
155 260 89
155 272 74
155 293 38
155 296 42
155 176 100
155 194 10
155 212 32
155 243 77
156 264 89
156 283 84
156 164 6
156 172 80
156 181 70
156 186 82
156 188 83
156 201 35
156 203 35
156 205 24
156 221 68
156 230 69
156 250 84
157 261 35
157 266 50
157 279 22
157 273 46
157 284 99
157 159 4
157 288 12
157 200 81
157 205 4
157 210 57
157 211 13
157 224 66
157 167 4
157 249 91
158 269 50
158 275 29
158 286 56
158 161 24
158 291 67
158 299 78
158 177 63
158 189 88
158 191 51
158 193 23
158 203 65
158 204 45
158 206 77
158 208 32
158 217 43
158 222 16
158 236 65
158 239 95
159 269 63
159 278 55
159 281 54
159 160 14
159 161 40
159 218 62
159 232 33
159 233 70
159 239 6
159 240 16
159 246 22
160 196 11
160 201 6
160 245 22
160 250 77
160 282 23
161 263 33
161 284 71
161 299 45
161 179 27
161 189 23
161 246 41
161 199 73
161 201 43
161 291 18
161 212 8
161 214 21
161 235 94
161 252 40
162 219 22
162 278 43
162 182 87
162 201 73
162 249 32
162 187 66
162 215 14
163 260 24
163 266 28
163 267 49
163 272 18
163 284 62
163 293 10
163 299 96
163 213 1
163 229 8
163 247 64
163 253 68
164 264 8
164 266 31
164 285 98
164 286 26
164 170 16
164 177 55
164 183 83
164 188 96
164 189 19
164 199 54
164 200 69
164 204 74
164 207 40
164 209 12
164 216 94
164 217 44
164 220 10
164 224 7
165 267 49
165 272 74
165 277 65
165 281 75
165 260 76
165 286 82
165 289 41
165 294 89
165 297 78
165 298 13
165 299 58
165 175 69
165 287 86
165 177 59
165 187 24
165 203 92
165 236 81
165 247 46
166 262 52
166 270 10
166 276 37
166 281 67
166 175 75
166 209 64
166 214 51
166 229 77
166 235 0
166 236 0
166 238 9
167 260 25
167 264 83
167 279 63
167 284 67
167 174 40
167 178 6
167 215 58
167 218 11
167 219 62
167 229 42
167 230 96
167 238 16
167 242 21
167 245 95
167 249 13
168 235 47
168 232 41
168 227 4
168 249 11
168 282 83
168 251 85
168 250 42
169 194 89
169 278 46
169 280 69
169 290 84
169 177 14
169 184 7
169 203 34
169 269 70
169 226 100
169 229 93
169 245 95
170 269 47
170 294 12
170 175 74
170 200 69
170 242 92
170 245 89
171 269 18
171 176 6
171 178 60
171 182 30
171 187 98
171 208 45
171 247 45
171 248 21
171 281 60
172 261 17
172 266 39
172 270 57
172 273 85
172 174 23
172 191 59
172 201 6
172 203 23
172 206 13
172 210 79
172 212 3
172 213 8
172 220 82
172 241 86
172 247 75
172 250 48
172 251 44
173 264 10
173 280 31
173 178 13
173 186 55
173 200 68
173 202 44
173 183 38
173 218 58
173 224 38
174 267 73
174 281 9
174 291 4
174 296 92
174 175 65
174 188 69
174 198 98
174 200 26
174 201 20
174 234 24
174 240 8
174 217 65
175 266 61
175 267 96
175 279 32
175 287 22
175 199 66
175 182 11
175 194 37
175 200 71
175 216 22
175 221 35
175 235 46
175 298 54
176 192 18
176 274 79
176 179 96
176 215 62
176 219 32
176 199 71
177 259 39
177 268 69
177 182 91
177 206 44
177 207 79
177 215 32
177 219 91
177 237 85
178 258 98
178 265 80
178 276 64
178 283 60
178 295 11
178 188 36
178 190 6
178 195 93
178 205 23
178 207 87
178 213 31
178 250 17
178 224 81
178 226 77
178 228 11
178 232 41
178 235 32
178 237 40
178 238 72
178 246 85
178 247 87
178 254 8
179 266 15
179 269 52
179 238 51
179 280 87
179 289 100
179 182 36
179 204 88
179 208 99
179 215 15
179 220 51
179 221 5
179 235 8
179 276 68
180 257 35
180 262 36
180 266 41
180 275 58
180 284 69
180 287 20
180 201 10
180 215 82
180 233 93
180 237 91
181 265 27
181 295 59
181 299 27
181 187 62
181 201 23
181 203 35
181 206 72
181 223 49
181 227 79
182 265 53
182 218 84
182 229 11
182 240 64
182 243 46
182 244 52
183 188 97
183 266 83
183 191 9
183 198 9
183 202 84
183 235 80
183 247 79
184 264 19
184 265 60
184 278 82
184 282 83
184 288 13
184 289 77
184 294 25
184 194 7
184 195 82
184 205 0
184 219 22
184 226 68
184 230 97
185 263 43
185 268 62
185 284 18
185 291 80
185 215 64
185 271 24
185 222 70
185 224 18
185 252 46
185 234 99
185 249 46
186 264 75
186 277 81
186 280 66
186 281 62
186 294 79
186 190 39
186 197 47
186 203 27
186 212 63
186 218 83
186 219 6
186 225 56
186 298 4
187 257 21
187 299 96
187 264 29
187 278 6
187 296 54
187 222 89
187 240 37
187 248 91
187 250 45
188 256 38
188 291 95
188 297 35
188 195 72
188 199 12
188 202 57
188 213 93
188 214 73
188 222 79
188 225 34
188 239 82
189 260 52
189 279 6
189 288 99
189 289 54
189 290 32
189 297 10
189 201 89
189 210 75
189 232 69
189 235 79
189 274 76
189 249 95
190 198 20
190 282 18
190 210 68
190 221 76
190 213 33
190 223 83
191 257 51
191 271 77
191 276 5
191 277 52
191 280 43
191 281 26
191 289 100
191 205 36
191 217 28
191 222 57
191 237 56
191 239 37
191 252 67
192 267 46
192 280 50
192 285 93
192 296 13
192 206 90
192 211 7
192 212 61
192 231 35
192 236 19
192 241 38
192 243 23
193 288 82
193 292 39
193 293 18
193 262 14
193 214 45
193 222 63
193 223 35
193 226 31
193 230 21
193 232 16
193 244 11
193 245 96
194 258 86
194 260 23
194 262 99
194 274 38
194 279 3
194 196 93
194 206 10
194 208 83
194 219 61
194 228 13
194 245 96
194 255 54
195 260 4
195 262 98
195 258 5
195 259 35
195 277 35
195 279 18
195 283 88
195 288 4
195 291 13
195 202 57
195 203 52
195 204 41
195 220 69
195 232 25
195 249 47
195 252 75
196 257 43
196 262 35
196 263 41
196 272 83
196 278 98
196 284 50
196 207 9
196 219 18
196 224 50
196 237 86
196 211 34
196 277 80
197 299 26
197 295 11
197 296 58
197 284 10
197 225 93
197 228 94
197 233 34
197 237 7
197 247 76
197 253 81
197 255 88
198 243 68
198 277 11
198 248 13
198 250 47
198 252 72
198 280 26
199 266 30
199 270 62
199 200 68
199 205 48
199 211 92
199 216 56
199 238 8
199 246 43
199 251 23
199 252 98
199 253 77
200 282 89
200 287 90
200 293 25
200 201 39
200 298 40
201 267 7
201 294 65
201 297 1
201 203 76
201 218 20
201 250 83
202 256 25
202 257 44
202 290 17
202 292 49
202 298 35
202 251 24
202 253 3
203 260 67
203 262 96
203 264 83
203 275 55
203 278 25
203 287 17
203 288 48
203 296 91
203 230 90
203 233 65
204 259 42
204 262 15
204 263 88
204 273 59
204 284 47
204 287 77
204 297 65
204 299 43
204 261 33
204 209 14
204 210 87
204 270 29
204 217 85
204 224 64
204 243 67
204 250 23
205 262 36
205 287 32
205 209 21
205 210 79
205 226 97
205 234 24
205 239 65
205 244 61
205 245 40
206 256 28
206 262 50
206 212 86
206 244 29
206 250 25
207 258 43
207 277 53
207 280 57
207 289 98
207 291 57
207 297 86
207 212 88
207 225 98
207 226 38
207 229 10
207 237 12
208 261 16
208 271 30
208 277 95
208 289 47
208 293 98
208 280 66
208 243 99
208 247 15
208 252 75
209 261 93
209 270 57
209 276 54
209 299 56
209 222 55
209 229 29
209 247 81
210 259 0
210 279 34
210 276 63
210 287 5
210 290 30
210 244 97
210 213 91
210 220 4
210 230 29
210 234 39
210 238 49
211 275 73
211 278 100
211 295 17
211 286 5
211 223 32
211 244 79
211 253 35
212 257 51
212 288 58
212 290 65
212 291 97
212 296 56
212 218 17
212 227 89
212 243 25
212 251 16
213 292 0
213 299 95
213 225 91
213 229 27
213 231 17
213 233 19
214 215 76
214 242 54
214 276 26
214 249 1
215 278 19
215 218 100
215 219 58
215 233 26
215 244 46
215 253 21
216 267 33
216 274 63
216 285 51
216 287 28
216 289 22
216 222 24
217 265 8
217 270 9
217 273 4
217 276 32
217 278 47
217 279 76
217 280 29
217 293 13
217 290 45
217 223 60
217 234 22
217 247 92
218 258 99
218 267 42
218 289 92
218 290 10
218 230 64
218 240 48
218 249 77
218 251 33
218 253 80
219 268 25
219 273 59
219 287 55
219 295 73
219 284 68
219 225 37
220 276 10
220 240 89
220 241 14
220 246 60
221 277 33
221 281 88
221 282 25
221 226 37
221 231 15
221 238 71
221 249 54
222 266 81
222 273 19
222 276 69
222 280 56
222 285 63
222 287 26
222 227 57
222 226 33
222 247 1
223 273 88
223 275 27
223 278 91
223 290 36
223 291 18
223 297 63
223 234 10
223 240 100
223 246 31
223 255 56
224 231 40
224 240 42
224 256 52
224 288 90
225 283 53
225 289 8
225 295 30
225 229 86
225 237 50
226 235 83
226 264 63
226 267 16
226 284 43
226 241 5
226 244 10
227 258 70
227 276 9
227 290 88
227 251 40
227 228 37
227 239 97
227 249 64
228 289 45
228 291 92
228 292 17
228 244 28
229 260 59
229 257 87
229 275 24
229 280 34
229 291 74
229 254 78
230 279 91
230 296 77
230 298 57
230 235 61
230 246 57
230 253 25
231 263 86
231 232 18
231 299 83
231 269 18
231 247 8
231 280 4
232 279 22
232 284 71
232 289 49
232 298 33
232 235 58
232 241 0
232 245 26
232 251 72
233 266 43
233 236 76
233 275 97
233 276 75
234 257 18
234 269 76
234 275 72
234 293 48
234 241 88
235 258 36
235 267 13
235 280 8
235 283 57
235 298 25
235 245 35
236 263 43
236 276 38
236 291 79
236 292 80
236 244 78
236 245 38
236 246 94
237 285 26
237 286 30
237 238 26
237 243 12
237 246 93
237 253 53
237 255 81
238 262 94
238 266 80
238 267 92
238 275 77
238 276 40
238 239 28
238 298 3
239 260 95
239 265 68
239 268 42
239 269 1
239 282 55
239 250 72
240 260 97
240 278 35
240 282 51
240 252 56
241 263 72
241 267 4
241 270 7
241 279 50
241 284 25
241 293 63
242 288 11
242 267 16
243 260 15
243 272 78
243 280 62
243 245 12
244 256 51
244 257 15
244 262 71
244 270 95
244 282 92
244 295 68
244 296 29
244 269 94
244 246 80
245 256 15
245 285 93
245 291 16
245 293 25
245 294 23
246 286 94
246 292 49
246 247 24
247 258 34
247 270 4
247 275 54
247 287 49
247 299 24
247 248 4
248 258 78
248 269 18
248 283 49
248 290 95
249 256 91
249 260 3
249 276 26
249 294 7
249 295 91
249 285 60
250 292 5
250 297 6
251 260 50
251 278 78
251 282 27
251 285 48
251 291 19
252 256 11
252 267 90
252 286 85
252 287 53
253 260 11
253 263 16
253 266 72
253 268 92
253 279 39
254 299 80
254 270 44
254 275 6
255 271 91
256 282 73
256 291 46
256 294 68
256 297 71
256 298 74
257 276 13
257 285 29
257 283 6
258 298 100
258 281 18
258 261 56
259 268 5
259 269 64
259 273 96
259 278 71
259 279 95
259 280 89
259 290 30
259 291 50
259 295 98
260 299 72
260 293 99
261 290 64
261 298 69
262 278 93
262 279 14
262 280 75
262 284 56
262 293 40
263 283 36
263 293 48
263 289 36
264 271 35
264 282 69
264 293 92
264 292 11
266 273 83
266 276 100
267 278 83
267 287 94
268 285 18
268 296 47
269 276 4
269 290 95
269 295 91
270 290 57
270 291 0
271 291 24
271 274 96
271 286 39
272 274 52
272 288 62
272 297 15
272 284 50
273 289 79
273 297 10
274 275 71
274 280 95
274 298 34
274 299 54
275 280 68
277 287 29
278 284 83
278 289 69
279 293 46
280 283 53
280 298 7
281 289 5
282 284 2
282 289 75
282 290 72
284 291 66
285 288 46
285 289 28
286 291 53
286 292 41
287 292 26
291 295 81
291 298 25
292 298 5
295 297 1
