300 4000
0 5 34
0 12 84
0 13 88
0 273 49
0 279 10
0 282 91
0 157 1
0 261 2
0 288 49
0 292 85
0 168 79
0 299 28
0 47 10
0 176 97
0 243 21
0 182 13
0 184 87
0 58 44
0 60 51
0 62 39
0 64 97
0 67 83
0 72 77
0 207 9
0 215 38
0 88 81
0 36 29
0 90 60
0 92 84
0 225 62
0 103 26
0 239 98
0 115 74
1 9 58
1 138 58
1 272 20
1 147 77
1 21 49
1 280 66
1 284 82
1 285 41
1 286 16
1 160 21
1 163 94
1 46 56
1 178 82
1 54 94
1 186 55
1 59 42
1 192 30
1 194 3
1 75 78
1 197 49
1 73 45
1 203 57
1 78 93
1 220 34
1 195 85
1 108 8
1 109 36
1 247 72
1 125 10
1 127 61
2 256 28
2 192 44
2 5 96
2 137 80
2 138 68
2 146 9
2 152 83
2 25 48
2 286 38
2 38 22
2 40 8
2 54 100
2 185 19
2 63 0
2 64 34
2 194 98
2 217 53
2 91 67
2 227 70
2 229 6
2 245 26
2 120 38
2 124 36
3 194 85
3 195 10
3 165 78
3 294 43
3 103 34
3 200 88
3 233 57
3 75 88
3 177 68
3 112 17
3 17 31
3 180 49
3 286 95
3 72 80
3 116 80
3 71 11
3 255 54
3 156 12
3 125 77
3 190 18
3 223 69
4 128 55
4 135 4
4 267 5
4 13 50
4 143 48
4 274 33
4 34 39
4 291 55
4 293 26
4 42 43
4 177 25
4 181 3
4 56 37
4 199 60
4 207 80
4 81 20
4 210 22
4 212 35
4 85 91
4 226 4
4 101 49
4 246 51
4 249 90
4 126 30
5 135 75
5 140 19
5 16 98
5 275 2
5 284 46
5 286 19
5 163 71
5 166 18
5 295 99
5 177 53
5 56 93
5 196 54
5 71 55
5 202 50
5 204 30
5 87 100
5 219 74
5 167 10
5 114 64
5 116 30
5 254 72
5 126 48
6 144 29
6 196 56
6 106 61
6 23 49
6 270 40
6 176 16
6 81 15
6 46 79
6 118 54
6 89 79
6 25 53
6 59 97
7 8 100
7 108 65
7 138 93
7 14 62
7 271 20
7 144 66
7 278 84
7 279 98
7 152 27
7 153 41
7 284 0
7 286 22
7 160 31
7 292 41
7 297 75
7 42 29
7 136 28
7 64 57
7 194 55
7 68 74
7 205 56
7 211 33
7 84 100
7 270 67
7 214 55
7 104 27
7 234 98
7 236 31
7 240 11
7 242 72
7 118 89
7 251 71
8 263 4
8 137 49
8 10 27
8 139 92
8 16 28
8 30 40
8 69 62
8 161 24
8 45 51
8 176 32
8 177 54
8 50 7
8 181 34
8 183 100
8 62 47
8 197 25
8 202 7
8 80 58
8 94 94
8 124 39
8 110 79
8 119 98
8 120 79
8 252 11
9 132 4
9 135 18
9 11 53
9 140 76
9 271 21
9 277 40
9 48 52
9 38 90
9 40 53
9 173 41
9 176 86
9 243 23
9 52 45
9 184 26
9 186 100
9 61 84
9 190 16
9 196 78
9 69 99
9 204 49
9 87 50
9 98 60
9 240 88
9 115 36
9 117 49
9 119 47
10 133 26
10 262 47
10 25 71
10 281 42
10 288 55
10 34 47
10 164 46
10 166 27
10 297 34
10 170 75
10 45 92
10 48 36
10 186 18
10 71 47
10 200 59
10 73 12
10 76 49
10 212 75
10 85 0
10 89 17
10 98 46
10 99 24
10 229 35
10 102 23
10 103 80
10 111 91
10 112 21
10 124 33
11 135 46
11 266 62
11 145 8
11 23 73
11 24 73
11 161 89
11 291 72
11 165 60
11 297 18
11 198 85
11 120 24
11 92 41
11 229 43
11 102 48
11 231 66
11 109 84
11 239 40
11 242 75
11 115 47
11 41 43
11 248 87
11 251 69
11 252 33
12 130 84
12 140 2
12 273 36
12 275 85
12 279 30
12 197 48
12 33 7
12 162 52
12 163 55
12 41 16
12 42 18
12 299 96
12 50 53
12 58 70
12 194 88
12 196 36
12 69 51
12 71 35
12 72 49
12 74 62
12 79 75
12 208 17
12 210 71
12 83 78
12 114 94
12 211 88
12 121 73
12 250 24
12 298 23
12 125 90
13 66 14
13 276 25
13 149 90
13 279 43
13 282 66
13 26 48
13 165 7
13 42 76
13 43 96
13 63 31
13 194 87
13 84 5
13 215 65
13 98 78
13 100 97
13 242 84
13 118 84
13 170 21
13 253 88
13 254 22
14 19 76
14 238 8
14 279 78
14 152 58
14 25 58
14 283 61
14 289 41
14 41 0
14 47 54
14 51 44
14 187 77
14 193 96
14 208 99
14 81 22
14 210 71
14 214 95
14 94 7
14 104 70
14 105 82
14 109 85
14 110 25
14 275 10
14 116 24
14 248 82
14 122 71
14 125 15
14 254 23
15 128 95
15 256 55
15 258 15
15 135 53
15 145 22
15 277 32
15 279 71
15 24 75
15 282 88
15 289 5
15 163 6
15 297 49
15 298 66
15 176 100
15 48 20
15 179 19
15 184 45
15 186 94
15 61 3
15 64 61
15 204 2
15 81 64
15 210 34
15 93 65
15 226 44
15 105 96
15 116 41
15 119 81
15 123 18
16 129 27
16 257 22
16 267 69
16 147 18
16 34 94
16 164 45
16 165 51
16 41 28
16 174 61
16 49 91
16 52 66
16 181 12
16 54 19
16 56 4
16 63 93
16 193 99
16 69 87
16 200 46
16 206 88
16 207 65
16 78 24
16 214 97
16 94 11
16 104 17
16 232 88
16 19 10
16 246 60
17 129 32
17 265 77
17 138 57
17 272 90
17 273 66
17 22 4
17 25 55
17 28 76
17 286 42
17 36 25
17 167 32
17 170 67
17 45 29
17 50 52
17 52 68
17 63 98
17 192 53
17 71 85
17 202 7
17 203 8
17 91 7
17 95 38
17 106 36
17 240 47
17 113 90
17 255 73
18 151 31
18 24 76
18 282 31
18 30 27
18 287 68
18 167 7
18 170 64
18 158 22
18 185 65
18 58 77
18 189 86
18 190 56
18 191 83
18 64 35
18 202 10
18 76 50
18 87 57
18 88 42
18 92 61
18 97 95
18 102 20
18 105 100
18 237 69
18 110 45
18 117 31
18 250 67
18 251 21
19 128 17
19 262 19
19 265 96
19 151 14
19 269 16
19 145 84
19 148 53
19 278 67
19 279 31
19 282 99
19 30 4
19 197 21
19 162 11
19 295 78
19 54 52
19 184 70
19 159 35
19 188 6
19 63 54
19 195 48
19 69 11
19 202 14
19 84 36
19 86 10
19 93 6
19 229 19
19 232 83
19 108 56
19 252 30
19 127 97
20 132 10
20 267 96
20 144 85
20 280 59
20 275 88
20 24 11
20 153 41
20 157 33
20 35 49
20 40 90
20 171 36
20 176 32
20 177 16
20 181 7
20 63 18
20 193 25
20 210 13
20 86 88
20 89 39
20 90 99
20 221 32
20 95 56
20 103 26
20 241 44
21 66 37
21 100 26
21 294 84
21 295 60
21 136 27
21 202 14
21 43 30
21 108 17
21 109 7
21 111 8
21 112 18
21 72 17
21 271 21
21 87 40
21 184 89
21 89 48
21 255 83
21 285 34
21 191 86
22 135 94
22 136 10
22 226 94
22 138 60
22 140 51
22 269 31
22 271 40
22 148 79
22 285 46
22 30 84
22 289 71
22 295 55
22 170 73
22 173 70
22 179 43
22 181 74
22 61 80
22 63 88
22 67 90
22 70 76
22 72 0
22 205 15
22 81 21
22 210 30
22 211 99
22 212 39
22 215 75
22 217 95
22 92 42
22 97 46
22 98 42
22 232 100
22 110 83
22 42 85
22 126 15
23 256 95
23 264 37
23 274 43
23 34 58
23 292 95
23 42 15
23 189 54
23 190 80
23 66 46
23 139 13
23 200 7
23 211 94
23 93 37
23 95 64
23 97 33
23 100 83
23 108 68
23 237 63
23 119 74
23 249 60
23 127 98
24 265 26
24 268 21
24 147 31
24 284 46
24 29 88
24 287 13
24 289 85
24 53 52
24 186 29
24 188 10
24 196 51
24 70 37
24 161 0
24 202 43
24 78 14
24 83 32
24 212 51
24 86 58
24 221 23
24 222 61
24 274 49
24 112 25
24 243 47
24 121 75
24 250 92
24 251 25
24 255 83
25 128 84
25 131 48
25 141 90
25 142 51
25 145 16
25 150 60
25 26 95
25 34 24
25 163 51
25 164 38
25 134 58
25 297 31
25 298 43
25 176 63
25 177 59
25 178 36
25 57 40
25 58 76
25 64 97
25 67 11
25 198 84
25 79 64
25 82 15
25 212 1
25 88 66
25 92 0
25 186 24
25 94 23
25 226 27
25 228 24
25 106 70
25 235 92
25 109 34
25 117 25
25 122 99
26 142 10
26 281 11
26 280 29
26 36 20
26 293 67
26 38 75
26 169 81
26 53 45
26 57 86
26 200 85
26 76 94
26 205 64
26 206 18
26 207 13
26 81 25
26 87 41
26 222 39
26 228 24
26 241 24
26 123 11
26 124 20
26 254 62
26 255 92
27 129 80
27 228 57
27 37 64
27 211 7
27 264 71
27 105 49
27 74 57
27 247 95
27 269 30
27 143 91
27 243 13
27 55 8
27 29 42
28 272 2
28 139 53
28 70 33
28 259 37
28 76 75
28 74 16
28 75 78
28 204 15
28 77 80
28 175 2
28 176 36
28 297 1
28 99 61
28 52 68
28 278 57
28 215 15
28 281 69
28 119 0
28 93 61
28 62 89
29 224 77
29 66 11
29 99 17
29 292 97
29 41 43
29 170 45
29 267 16
29 120 22
29 247 26
29 152 59
29 185 2
29 90 30
29 284 46
30 131 6
30 138 14
30 141 80
30 154 12
30 157 59
30 40 36
30 169 90
30 171 99
30 179 93
30 54 35
30 73 30
30 57 77
30 201 80
30 211 57
30 230 25
30 103 65
30 259 68
30 109 92
30 238 25
30 114 71
30 245 41
30 127 22
31 128 82
31 256 16
31 263 53
31 136 92
31 281 17
31 156 28
31 158 45
31 41 3
31 43 47
31 44 65
31 178 23
31 179 83
31 55 52
31 63 60
31 196 93
31 69 48
31 206 84
31 212 14
31 216 55
31 222 23
31 101 79
31 111 78
31 241 54
31 245 30
31 120 76
31 122 37
31 251 9
31 253 13
31 126 94
31 255 27
32 130 63
32 259 45
32 140 66
32 237 91
32 276 10
32 283 75
32 156 80
32 292 15
32 39 57
32 296 45
32 46 13
32 178 43
32 182 64
32 57 39
32 65 100
32 67 91
32 197 30
32 85 83
32 87 38
32 219 79
32 225 93
32 235 79
32 109 13
32 122 62
33 97 73
33 139 40
33 68 34
33 72 21
33 201 41
33 170 74
33 75 72
33 269 44
33 206 22
33 141 87
33 241 75
33 148 46
33 236 57
33 89 15
33 186 77
33 88 64
33 36 75
33 282 78
33 221 42
33 222 10
34 193 71
34 141 51
34 160 24
34 291 27
34 165 76
34 43 15
34 54 16
34 58 56
34 65 98
34 71 97
34 202 38
34 75 27
34 288 67
34 81 3
34 217 4
34 110 56
34 112 3
34 113 28
34 255 25
35 97 85
35 130 14
35 59 74
35 193 85
35 168 20
35 204 36
35 55 64
35 257 48
35 45 19
35 238 8
35 112 93
35 49 18
35 275 81
35 180 44
35 181 78
35 119 17
35 63 51
35 135 64
35 85 63
35 127 96
36 268 90
36 142 10
36 158 17
36 290 19
36 292 30
36 294 31
36 298 50
36 299 14
36 45 34
36 55 70
36 184 46
36 185 58
36 187 27
36 62 82
36 161 76
36 79 66
36 80 96
36 81 79
36 104 0
36 123 61
37 257 90
37 130 80
37 134 85
37 144 50
37 273 43
37 146 89
37 162 66
37 292 3
37 174 71
37 50 54
37 60 23
37 190 63
37 207 77
37 80 66
37 88 39
37 221 14
37 231 53
37 105 59
37 237 68
37 117 0
37 246 60
37 121 63
37 250 55
37 252 38
38 259 81
38 261 67
38 138 12
38 147 39
38 149 57
38 278 30
38 154 45
38 159 71
38 51 53
38 181 30
38 189 2
38 190 83
38 204 99
38 206 87
38 220 23
38 96 8
38 97 20
38 230 35
38 238 34
38 111 85
38 115 23
39 132 27
39 267 78
39 141 30
39 271 80
39 145 61
39 275 16
39 285 76
39 287 29
39 289 93
39 292 82
39 167 94
39 41 34
39 45 26
39 175 87
39 49 69
39 181 8
39 185 90
39 64 51
39 193 49
39 194 6
39 208 65
39 82 48
39 211 10
39 214 73
39 220 73
39 105 61
39 125 31
39 241 67
39 243 45
39 250 81
39 253 63
39 126 81
39 255 98
40 274 9
40 152 77
40 156 11
40 285 33
40 159 10
40 290 30
40 164 68
40 42 56
40 45 88
40 50 8
40 53 39
40 194 20
40 72 83
40 74 19
40 204 73
40 81 84
40 86 49
40 219 37
40 96 91
40 108 83
40 112 17
41 128 5
41 257 65
41 259 29
41 129 85
41 144 94
41 145 57
41 148 57
41 154 39
41 287 22
41 288 21
41 290 84
41 165 5
41 296 70
41 50 95
41 181 14
41 56 62
41 57 58
41 63 42
41 65 38
41 67 27
41 211 24
41 84 81
41 85 17
41 121 8
41 217 77
41 95 69
41 224 56
41 228 69
41 104 8
41 235 34
41 168 99
41 243 81
41 120 9
41 276 82
41 250 79
42 129 13
42 130 53
42 145 77
42 154 63
42 284 78
42 263 100
42 47 62
42 180 45
42 185 77
42 59 5
42 190 74
42 70 68
42 74 94
42 209 36
42 82 74
42 84 54
42 88 15
42 218 85
42 92 96
42 228 25
42 102 57
42 110 57
42 258 13
42 62 96
43 133 28
43 134 56
43 139 28
43 143 65
43 146 13
43 294 66
43 50 11
43 55 85
43 62 10
43 63 65
43 206 70
43 230 39
43 231 49
43 235 17
43 110 27
43 242 19
43 123 50
43 124 78
44 257 77
44 130 16
44 262 34
44 141 76
44 274 49
44 276 25
44 153 92
44 156 26
44 157 66
44 287 10
44 293 63
44 168 32
44 177 46
44 179 12
44 180 72
44 188 12
44 62 10
44 66 70
44 202 81
44 212 18
44 220 36
44 101 88
44 231 100
45 266 35
45 87 88
45 144 13
45 147 36
45 149 26
45 281 68
45 286 75
45 55 2
45 57 6
45 186 96
45 59 42
45 60 68
45 190 56
45 75 31
45 215 46
45 218 11
45 219 47
45 58 12
45 94 57
45 101 2
45 108 79
45 109 39
45 110 32
45 240 73
45 116 37
45 249 29
45 253 63
46 133 95
46 273 30
46 275 95
46 282 67
46 163 36
46 52 66
46 116 68
46 60 61
46 63 34
46 69 7
46 198 48
46 71 19
46 200 67
46 205 59
46 103 91
46 107 0
46 112 61
46 241 22
46 244 43
47 51 93
47 135 0
47 137 2
47 277 20
47 286 0
47 174 40
47 178 83
47 179 50
47 180 25
47 61 90
47 63 96
47 73 97
47 85 80
47 217 90
47 220 21
47 97 0
47 101 17
47 116 90
47 252 9
47 253 22
48 289 63
48 155 67
48 132 92
48 101 90
48 198 43
48 193 45
48 267 10
48 159 28
48 135 91
48 175 35
48 272 40
48 276 77
48 213 100
48 297 12
48 121 6
48 124 6
48 93 75
48 53 64
49 155 54
49 160 27
49 289 60
49 291 98
49 292 90
49 297 50
49 176 67
49 177 82
49 179 62
49 180 64
49 182 38
49 63 34
49 66 84
49 69 83
49 199 65
49 75 45
49 86 84
49 88 21
49 91 29
49 93 97
49 237 5
49 252 55
49 126 79
50 128 44
50 260 97
50 133 16
50 267 74
50 144 15
50 278 44
50 261 29
50 162 3
50 163 89
50 166 29
50 299 61
50 173 97
50 174 51
50 59 92
50 72 7
50 73 78
50 76 49
50 87 95
50 90 19
50 97 58
50 104 66
50 168 45
50 243 62
50 204 20
50 245 19
50 252 51
51 142 32
51 143 80
51 144 36
51 157 8
51 292 33
51 171 74
51 178 69
51 183 72
51 58 97
51 62 97
51 191 79
51 79 85
51 208 62
51 222 10
51 100 41
51 101 51
51 63 22
51 240 63
51 246 23
51 247 61
51 248 30
51 251 85
51 255 8
52 258 68
52 263 0
52 264 78
52 151 88
52 152 14
52 281 96
52 287 56
52 296 47
52 172 62
52 175 93
52 176 19
52 59 47
52 191 61
52 66 73
52 67 90
52 198 0
52 73 15
52 203 52
52 210 46
52 86 61
52 97 62
52 99 79
52 236 7
52 109 3
52 116 4
52 250 55
52 123 99
53 258 71
53 67 59
53 164 16
53 232 94
53 201 6
53 142 42
53 81 57
53 114 29
53 227 14
53 119 51
53 280 92
53 292 43
53 233 46
53 188 43
53 253 98
54 270 66
54 287 27
54 164 0
54 297 31
54 176 24
54 180 95
54 181 57
54 59 71
54 189 9
54 64 74
54 194 59
54 67 78
54 158 4
54 205 49
54 208 36
54 209 91
54 82 70
54 211 39
54 212 62
54 218 44
54 226 51
54 104 28
54 210 72
54 61 9
54 83 84
54 127 42
55 257 92
55 129 20
55 141 1
55 270 18
55 173 50
55 282 46
55 154 86
55 160 44
55 176 32
55 177 20
55 189 49
55 191 100
55 85 25
55 90 16
55 91 81
55 226 91
55 104 95
55 105 57
55 237 19
55 120 30
55 251 80
56 256 79
56 259 61
56 140 6
56 269 32
56 276 96
56 279 42
56 283 75
56 285 26
56 261 72
56 289 1
56 290 32
56 292 93
56 177 78
56 178 82
56 191 55
56 194 33
56 205 58
56 82 2
56 212 72
56 85 27
56 215 36
56 93 80
56 95 17
56 100 61
56 108 28
56 117 96
56 246 62
57 136 12
57 137 77
57 151 79
57 142 37
57 144 42
57 152 41
57 274 49
57 277 55
57 150 1
57 279 34
57 280 86
57 159 97
57 291 62
57 170 43
57 179 10
57 184 23
57 59 53
57 188 37
57 61 5
57 63 74
57 192 34
57 207 9
57 208 10
57 209 53
57 85 53
57 214 79
57 87 73
57 79 16
57 230 68
57 113 29
57 249 95
57 251 5
58 258 36
58 266 69
58 270 89
58 151 41
58 287 62
58 293 90
58 182 90
58 189 95
58 62 99
58 191 13
58 66 99
58 196 97
58 69 89
58 80 91
58 248 24
58 104 83
58 107 74
58 117 86
58 119 3
58 120 65
58 249 24
58 251 73
58 127 79
59 270 90
59 271 44
59 147 62
59 276 76
59 286 2
59 159 4
59 294 71
59 175 22
59 183 70
59 186 74
59 210 53
59 213 26
59 92 41
59 222 8
59 97 94
59 101 23
60 129 5
60 130 74
60 259 52
60 136 62
60 265 21
60 146 30
60 275 79
60 290 51
60 294 57
60 295 54
60 184 72
60 190 72
60 200 81
60 207 44
60 208 93
60 82 47
60 211 63
60 90 33
60 220 16
60 223 3
60 100 35
60 229 0
60 102 50
60 147 14
61 259 34
61 261 1
61 148 82
61 152 84
61 281 21
61 156 10
61 164 72
61 167 52
61 194 90
61 67 77
61 210 26
61 83 11
61 87 41
61 271 92
61 226 19
61 103 14
61 106 67
61 235 28
61 237 24
61 112 30
61 243 9
61 255 30
62 258 26
62 299 91
62 134 7
62 172 27
62 266 31
62 267 3
62 140 88
62 271 36
62 131 85
62 279 40
62 155 34
62 288 67
62 289 40
62 165 16
62 156 31
62 180 97
62 236 63
62 186 22
62 71 93
62 73 14
62 78 24
62 84 38
62 219 75
62 94 33
62 227 14
62 100 1
62 102 82
62 108 10
62 109 17
62 110 67
62 116 53
63 257 37
63 264 66
63 265 5
63 270 63
63 272 45
63 274 92
63 276 28
63 154 87
63 177 73
63 73 36
63 258 20
63 205 52
63 208 19
63 291 47
63 86 45
63 217 94
63 230 91
63 273 76
63 104 14
63 105 89
63 109 86
63 110 36
63 123 26
64 132 95
64 136 8
64 138 31
64 267 68
64 282 93
64 286 72
64 288 31
64 297 12
64 93 46
64 181 62
64 183 99
64 71 60
64 73 44
64 206 72
64 250 6
64 223 90
64 105 84
64 235 57
64 109 89
64 254 75
64 122 58
64 126 82
65 188 77
65 227 1
65 294 53
65 145 87
65 275 44
65 231 15
65 247 86
65 239 10
65 208 25
65 241 15
65 243 73
65 235 98
65 117 27
65 297 46
65 152 12
65 220 86
65 253 64
65 149 27
66 264 32
66 267 45
66 144 46
66 152 98
66 153 22
66 291 59
66 177 41
66 178 83
66 182 53
66 192 54
66 279 87
66 139 32
66 199 74
66 73 12
66 141 49
66 88 75
66 93 86
66 224 39
66 102 30
66 239 7
66 114 8
66 252 7
66 127 73
67 262 72
67 263 43
67 151 80
67 286 80
67 287 62
67 290 66
67 99 55
67 241 36
67 299 68
67 175 31
67 203 100
67 83 64
67 214 36
67 88 2
67 218 64
67 221 88
67 98 72
67 227 65
67 100 0
67 231 97
67 232 25
67 104 39
67 244 84
67 127 80
68 96 42
68 107 5
68 178 48
68 70 58
68 230 36
68 103 9
68 73 10
68 263 22
68 173 66
68 272 70
68 242 76
68 211 48
68 276 95
68 247 27
68 281 83
68 250 63
68 188 79
69 161 54
69 171 85
69 180 63
69 186 92
69 203 85
69 204 69
69 209 51
69 85 3
69 220 25
69 225 16
69 233 51
69 238 24
69 111 6
70 137 79
70 138 62
70 145 53
70 149 42
70 151 96
70 281 72
70 176 45
70 186 63
70 197 43
70 199 40
70 75 20
70 208 42
70 84 33
70 217 74
70 92 100
70 96 87
70 235 60
70 109 85
70 110 90
70 122 75
70 253 29
71 289 57
71 81 42
71 215 48
71 204 62
71 79 94
71 241 2
71 82 15
71 78 40
71 265 35
71 137 83
71 175 9
71 191 6
72 261 13
72 269 33
72 274 42
72 277 63
72 283 14
72 179 73
72 181 76
72 141 52
72 83 8
72 94 85
72 226 56
72 230 32
72 106 90
72 235 19
72 241 49
72 119 65
72 127 17
72 252 6
72 254 21
73 132 45
73 144 6
73 151 27
73 157 81
73 165 43
73 294 0
73 170 75
73 182 28
73 189 66
73 77 29
73 206 74
73 92 15
73 96 26
73 107 82
73 119 15
74 131 39
74 135 24
74 150 97
74 217 73
74 182 34
74 211 97
74 86 30
74 216 43
74 89 91
74 220 1
74 221 28
74 96 11
74 99 41
74 228 28
74 102 41
74 104 90
74 233 53
74 106 71
74 242 94
74 170 52
75 266 96
75 267 13
75 268 28
75 270 56
75 147 10
75 148 96
75 279 77
75 285 45
75 286 83
75 163 13
75 293 12
75 171 10
75 199 29
75 206 40
75 207 62
75 85 76
75 215 56
75 90 55
75 97 20
75 102 45
75 238 17
75 114 80
75 120 18
76 137 14
76 267 48
76 270 7
76 160 16
76 293 11
76 180 66
76 181 70
76 190 54
76 192 79
76 197 42
76 201 43
76 77 39
76 218 23
76 93 11
76 223 37
76 224 44
76 228 51
76 104 49
76 235 42
76 108 10
76 146 8
76 241 30
76 117 40
76 121 9
76 123 50
76 127 60
77 288 64
77 161 32
77 259 61
77 294 18
77 200 70
77 265 53
77 140 31
77 291 48
77 80 29
77 108 55
77 172 36
77 252 6
77 119 44
77 249 96
77 90 83
77 219 53
77 222 14
78 260 12
78 262 80
78 129 71
78 278 5
78 153 16
78 284 82
78 290 23
78 165 35
78 169 65
78 187 6
78 203 32
78 162 90
78 223 32
78 226 72
78 104 70
78 121 98
78 122 10
78 125 16
79 258 50
79 179 71
79 135 35
79 269 18
79 271 75
79 149 29
79 160 15
79 165 24
79 166 53
79 199 50
79 176 16
79 186 23
79 187 53
79 197 71
79 201 86
79 83 19
79 94 45
79 102 10
79 230 47
79 231 29
79 232 27
79 112 15
79 113 41
79 114 63
79 211 11
79 116 44
79 120 76
79 252 6
80 130 14
80 272 47
80 278 35
80 281 93
80 283 31
80 162 88
80 295 96
80 177 6
80 187 72
80 195 58
80 204 22
80 206 79
80 82 78
80 217 33
80 293 81
80 225 96
80 228 56
80 115 82
80 118 21
80 121 13
81 261 40
81 140 9
81 147 41
81 151 83
81 285 19
81 294 39
81 199 70
81 187 70
81 181 36
81 192 11
81 224 78
81 206 2
81 211 69
81 143 97
81 220 85
81 96 1
81 97 33
81 236 1
81 111 56
81 248 0
81 125 18
82 129 25
82 121 65
82 167 74
82 211 86
82 84 12
82 215 36
82 282 52
82 157 44
83 257 88
83 136 66
83 267 38
83 144 21
83 145 87
83 146 19
83 149 3
83 282 95
83 161 42
83 299 14
83 181 71
83 206 45
83 209 70
83 210 93
83 214 83
83 221 31
83 224 53
83 102 91
83 232 48
83 242 60
83 244 98
83 123 59
83 253 39
83 126 100
84 134 92
84 150 69
84 286 29
84 162 33
84 298 25
84 174 97
84 186 2
84 199 32
84 206 88
84 211 76
84 226 72
84 107 8
84 241 7
84 116 2
84 297 4
84 249 11
85 256 30
85 129 29
85 131 8
85 144 3
85 153 100
85 155 97
85 293 53
85 177 91
85 178 36
85 190 81
85 200 79
85 210 100
85 185 74
85 220 32
85 104 38
85 239 35
85 112 76
85 241 9
85 127 53
86 129 60
86 139 44
86 141 0
86 279 27
86 282 82
86 155 60
86 286 27
86 160 50
86 170 15
86 173 12
86 243 77
86 183 13
86 202 89
86 200 7
86 87 97
86 216 67
86 90 22
86 221 33
86 222 14
86 224 5
86 232 8
86 237 96
86 189 65
86 275 65
86 118 81
86 127 29
87 129 5
87 260 42
87 264 40
87 142 72
87 173 84
87 157 65
87 198 89
87 213 2
87 229 77
87 232 84
87 247 94
87 120 9
88 129 62
88 137 58
88 266 98
88 139 24
88 142 86
88 156 94
88 286 62
88 292 90
88 177 7
88 179 74
88 187 4
88 188 92
88 190 56
88 193 69
88 209 91
88 270 47
88 214 45
88 219 11
88 221 20
88 95 51
88 231 66
88 295 74
88 241 32
88 248 75
88 170 34
89 268 81
89 270 85
89 147 57
89 283 1
89 290 27
89 173 22
89 191 84
89 199 41
89 208 1
89 212 15
89 216 12
89 95 38
89 240 71
89 275 92
89 119 43
89 252 64
89 253 74
90 224 51
90 272 84
90 197 70
90 103 47
90 232 51
90 265 46
90 236 47
90 178 7
90 240 33
90 276 62
91 160 72
91 99 42
91 100 44
91 166 74
91 103 46
91 167 55
91 140 67
91 237 7
91 131 51
91 148 0
91 126 48
91 184 29
91 218 12
91 92 22
91 93 95
91 190 7
91 159 4
92 264 16
92 265 41
92 274 89
92 148 47
92 285 86
92 290 77
92 181 70
92 184 82
92 200 55
92 209 48
92 215 29
92 94 11
92 229 20
92 102 77
92 239 47
92 242 45
92 118 53
92 124 5
92 253 58
93 128 54
93 259 69
93 279 34
93 145 22
93 131 99
93 161 59
93 163 56
93 294 50
93 175 89
93 185 57
93 191 87
93 201 37
93 211 97
93 212 35
93 213 27
93 215 87
93 101 41
93 102 50
93 273 67
93 113 6
93 118 56
93 248 92
93 249 83
93 250 3
93 123 58
94 130 19
94 262 37
94 267 86
94 268 8
94 141 24
94 288 20
94 289 14
94 162 40
94 164 86
94 295 98
94 168 24
94 172 4
94 182 42
94 190 31
94 192 74
94 161 95
94 212 20
94 207 15
94 223 75
94 96 83
94 229 85
94 106 33
94 113 49
94 118 80
94 247 91
95 161 19
95 99 61
95 145 88
95 266 48
95 204 85
95 109 70
95 280 0
95 299 44
95 179 51
95 212 70
95 249 48
95 216 85
95 155 84
95 185 43
96 129 24
96 258 74
96 154 90
96 284 36
96 294 57
96 184 29
96 185 74
96 216 29
96 228 30
96 105 9
96 235 21
96 116 12
96 121 75
96 251 84
96 252 57
97 150 0
97 141 54
97 280 22
97 292 10
97 168 72
97 204 39
97 207 1
97 217 63
97 223 39
97 226 87
97 102 4
97 114 20
97 116 52
98 134 18
98 269 75
98 278 3
98 151 29
98 154 83
98 287 9
98 262 65
98 173 37
98 179 55
98 198 47
98 200 66
98 202 92
98 204 23
98 209 52
98 214 85
98 223 79
98 224 63
98 227 90
98 229 0
98 108 55
98 111 17
98 123 14
99 135 11
99 271 80
99 146 87
99 195 75
99 151 81
99 281 51
99 288 7
99 290 59
99 219 97
99 172 90
99 187 100
99 199 13
99 201 82
99 120 23
99 218 24
99 236 16
99 242 8
99 115 40
99 245 54
99 248 19
99 124 69
99 126 79
100 193 65
100 226 37
100 196 92
100 228 98
100 135 20
100 265 2
100 177 81
100 299 83
100 247 78
100 283 84
100 125 78
100 159 5
101 256 93
101 135 36
101 270 73
101 279 47
101 281 12
101 155 45
101 286 53
101 170 32
101 173 60
101 191 36
101 193 83
101 194 26
101 201 33
101 203 47
101 212 81
101 218 9
101 224 20
101 109 11
101 111 40
101 240 28
101 114 32
101 119 73
102 128 68
102 270 66
102 271 57
102 278 47
102 296 58
102 185 50
102 194 8
102 146 41
102 117 27
102 118 91
102 170 85
103 257 17
103 261 99
103 269 26
103 142 71
103 272 67
103 279 93
103 152 51
103 155 19
103 289 17
103 292 41
103 182 71
103 188 16
103 201 72
103 218 62
103 232 15
103 106 4
103 235 67
103 114 20
103 251 65
104 128 6
104 259 2
104 261 4
104 265 55
104 143 4
104 273 55
104 274 14
104 149 95
104 280 11
104 171 29
104 194 77
104 198 35
104 208 10
104 209 61
104 223 88
104 227 92
104 231 98
104 235 95
104 110 36
104 240 40
104 241 92
104 115 53
104 127 43
104 254 73
104 255 22
105 129 2
105 260 20
105 264 26
105 267 40
105 144 0
105 278 79
105 152 83
105 286 62
105 161 54
105 292 1
105 170 69
105 181 95
105 199 85
105 223 58
105 108 45
105 109 62
105 239 74
105 241 76
105 118 34
105 254 96
106 295 75
106 299 92
106 227 83
106 261 73
106 140 92
106 172 97
106 161 16
106 208 60
106 273 49
106 243 96
106 148 33
106 241 28
107 129 12
107 201 64
107 294 13
107 142 27
107 264 71
107 137 77
107 274 54
107 183 42
107 242 11
107 114 97
107 213 60
107 280 49
107 244 6
107 218 25
107 285 99
107 231 79
108 256 64
108 134 89
108 137 6
108 113 51
108 177 61
108 240 75
108 241 31
108 242 45
108 233 6
108 122 97
109 258 93
109 136 8
109 266 27
109 272 1
109 274 91
109 154 46
109 158 4
109 293 73
109 264 55
109 187 85
109 160 34
109 196 28
109 199 99
109 214 91
109 230 93
109 237 79
109 112 39
109 244 87
109 254 20
110 256 32
110 258 34
110 278 62
110 264 80
110 274 71
110 277 50
110 154 98
110 158 10
110 175 87
110 176 80
110 180 46
110 286 26
110 201 78
110 205 8
110 212 78
110 227 30
110 117 90
110 122 71
110 254 11
111 256 1
111 293 35
111 134 13
111 299 69
111 269 65
111 241 27
111 275 42
111 180 85
111 245 17
111 118 89
111 121 57
112 128 75
112 130 1
112 162 87
112 265 62
112 142 0
112 271 99
112 272 70
112 147 82
112 284 82
112 172 68
112 176 63
112 196 33
112 205 90
112 217 52
112 219 29
112 259 67
112 236 1
112 237 54
112 246 92
112 124 35
112 254 72
113 289 23
113 163 56
113 280 38
113 241 20
113 291 55
113 266 48
113 115 60
113 148 13
113 246 56
113 249 76
113 120 48
113 239 83
113 284 51
114 256 36
114 141 70
114 274 67
114 147 78
114 149 93
114 167 88
114 296 76
114 180 47
114 182 55
114 200 42
114 215 46
114 223 36
114 224 85
114 226 90
114 229 36
114 236 2
114 237 15
114 247 71
114 127 4
115 257 98
115 130 66
115 268 32
115 270 94
115 153 93
115 157 95
115 163 16
115 285 68
115 186 72
115 188 24
115 117 71
115 197 68
115 198 89
115 201 81
115 224 86
115 240 40
115 245 40
115 252 7
115 254 60
116 264 93
116 279 82
116 175 33
116 133 79
116 294 52
116 192 44
116 193 48
116 194 22
116 205 88
116 213 65
116 225 32
116 235 14
116 119 17
116 250 92
116 251 20
116 125 54
117 256 40
117 260 38
117 133 56
117 263 42
117 264 52
117 265 5
117 144 13
117 149 98
117 168 21
117 182 31
117 192 66
117 207 46
117 218 40
117 228 25
117 249 82
117 122 59
118 263 23
118 136 75
118 270 98
118 146 98
118 275 15
118 279 54
118 239 33
118 285 36
118 159 9
118 290 90
118 292 69
118 169 18
118 198 25
118 200 95
118 211 26
118 135 92
118 231 2
118 233 99
118 241 19
118 125 1
118 255 15
119 256 9
119 137 4
119 266 88
119 267 51
119 147 8
119 153 21
119 286 68
119 290 74
119 295 88
119 170 20
119 177 22
119 244 95
119 139 100
119 203 50
119 185 44
119 229 80
119 248 66
120 131 67
120 275 95
120 137 3
120 238 62
120 232 75
120 216 50
120 159 94
120 282 64
121 135 44
121 265 36
121 266 17
121 267 39
121 269 24
121 146 34
121 148 42
121 153 3
121 286 68
121 163 39
121 168 8
121 178 5
121 180 34
121 182 86
121 187 9
121 189 4
121 218 5
121 222 48
121 234 81
121 249 37
122 131 2
122 136 41
122 138 22
122 148 16
122 280 96
122 154 99
122 157 19
122 290 52
122 169 97
122 174 24
122 196 10
122 204 57
122 208 46
122 209 19
122 124 88
122 126 6
123 263 59
123 144 27
123 281 6
123 294 24
123 186 91
123 202 44
123 205 64
123 208 39
123 212 98
123 216 72
123 217 2
123 227 73
123 251 4
123 127 31
124 199 7
124 202 97
124 206 50
124 125 50
124 273 98
124 213 84
124 182 41
124 283 21
124 251 76
125 268 12
125 141 82
125 142 26
125 131 53
125 276 81
125 280 73
125 299 34
125 164 38
125 294 43
125 171 67
125 172 2
125 223 72
125 247 16
125 252 2
125 213 12
126 131 56
126 262 22
126 263 21
126 265 99
126 144 99
126 147 3
126 163 77
126 169 61
126 159 13
126 176 13
126 187 29
126 198 7
126 208 30
126 212 61
126 235 38
126 237 82
126 238 48
126 253 65
127 264 62
127 151 55
127 140 49
127 270 84
127 145 34
127 156 86
127 288 92
127 162 99
127 292 3
127 166 90
127 296 84
127 298 19
127 158 50
127 185 48
127 190 49
127 209 38
127 163 17
127 221 81
127 225 80
127 227 40
127 236 76
127 275 37
127 244 71
127 249 42
128 141 93
128 273 42
128 146 29
128 280 38
128 285 20
128 288 5
128 161 85
128 174 87
128 184 69
128 210 15
128 213 4
128 228 74
128 235 7
128 244 36
129 257 27
129 261 62
129 138 11
129 142 95
129 145 58
129 188 97
129 149 28
129 285 48
129 288 71
129 175 58
129 186 72
129 189 46
129 201 34
129 212 56
129 235 5
129 239 81
129 248 6
129 252 11
129 298 38
129 254 82
130 264 95
130 276 99
130 152 51
130 292 9
130 180 38
130 194 43
130 201 63
130 218 45
130 225 78
130 239 78
130 247 54
130 249 95
131 132 39
131 263 7
131 153 83
131 283 53
131 284 34
131 289 30
131 166 66
131 168 84
131 171 11
131 176 59
131 180 51
131 185 38
131 186 0
131 187 26
131 203 38
131 204 28
131 208 89
131 215 82
131 218 78
131 229 33
131 238 45
132 260 54
132 148 20
132 158 86
132 161 68
132 291 46
132 171 13
132 177 51
132 181 57
132 265 94
132 187 66
132 191 65
132 204 91
132 206 66
132 212 50
132 220 26
132 233 91
132 239 7
132 247 91
133 256 46
133 259 70
133 266 5
133 267 27
133 144 38
133 275 46
133 276 78
133 174 75
133 156 0
133 160 85
133 163 73
133 292 48
133 295 23
133 194 54
133 204 55
133 207 82
133 291 65
133 215 46
133 272 16
133 235 82
133 253 44
134 263 81
134 267 47
134 270 40
134 143 62
134 144 66
134 156 48
134 295 48
134 178 95
134 208 77
134 210 11
134 135 95
134 221 77
134 223 87
134 250 51
135 257 40
135 268 39
135 145 36
135 160 83
135 177 24
135 186 65
135 187 40
135 190 47
135 216 99
135 217 55
135 244 38
135 248 86
135 250 77
136 257 28
136 137 6
136 266 51
136 268 82
136 149 44
136 279 62
136 296 87
136 171 63
136 182 3
136 243 1
136 244 59
137 140 85
137 143 99
137 147 8
137 157 100
137 164 41
137 293 67
137 168 95
137 171 67
137 198 17
137 218 22
137 222 17
137 228 28
137 231 65
138 259 66
138 263 46
138 139 33
138 141 70
138 146 59
138 286 53
138 295 88
138 168 0
138 299 23
138 257 82
138 206 91
138 226 66
138 227 70
138 230 95
138 254 97
138 255 35
139 256 82
139 214 74
139 262 11
139 271 73
139 149 88
139 283 76
139 287 77
139 293 58
139 168 71
139 299 14
139 181 46
139 198 81
139 201 97
139 209 1
139 231 9
139 235 20
139 246 89
140 257 83
140 260 76
140 142 64
140 274 9
140 151 8
140 281 81
140 184 41
140 156 55
140 162 2
140 165 36
140 294 60
140 194 38
140 195 48
140 213 91
140 166 79
140 234 11
140 250 57
141 256 0
141 214 1
141 263 47
141 145 39
141 275 81
141 148 61
141 151 5
141 294 70
141 299 26
141 204 35
141 205 75
141 219 60
141 223 42
141 231 6
141 167 29
142 145 71
142 149 52
142 281 33
142 161 52
142 299 56
142 181 95
142 197 74
142 203 24
142 212 95
142 220 55
142 222 15
142 223 77
142 231 63
142 232 95
142 251 29
143 261 89
143 236 70
143 176 14
143 273 93
143 180 13
143 219 75
143 183 76
143 169 22
143 250 4
143 155 12
143 253 38
144 268 49
144 194 29
144 271 52
144 272 14
144 179 88
144 284 77
144 282 19
144 159 70
144 290 7
144 164 89
144 187 69
144 234 2
144 148 47
144 255 56
145 256 2
145 273 72
145 148 93
145 169 33
145 171 70
145 172 8
145 173 37
145 174 73
145 198 43
145 223 49
145 224 97
145 229 13
145 234 30
146 161 47
146 200 25
146 151 81
146 270 58
146 247 19
146 286 49
147 264 91
147 276 75
147 283 100
147 157 99
147 292 19
147 172 18
147 191 11
147 200 34
147 207 66
147 210 35
147 229 69
147 148 17
147 253 72
148 259 82
148 261 56
148 277 40
148 154 33
148 292 20
148 289 66
148 205 83
148 232 1
148 233 22
148 236 41
148 237 11
149 260 51
149 273 86
149 275 48
149 277 87
149 155 25
149 160 62
149 182 33
149 188 80
149 208 75
149 217 28
149 222 45
149 224 37
149 225 26
149 226 66
149 228 10
149 233 34
149 232 42
149 244 21
150 193 31
150 195 79
150 201 88
150 235 38
150 174 25
150 293 27
150 170 54
150 211 3
150 281 37
150 218 21
150 189 36
150 254 8
150 223 16
151 266 50
151 272 5
151 153 62
151 160 2
151 290 36
151 179 47
151 206 97
151 185 57
151 242 41
152 272 55
152 277 96
152 158 0
152 159 90
152 291 15
152 167 87
152 168 35
152 298 43
152 299 96
152 174 22
152 191 79
152 204 9
152 228 58
152 241 34
152 252 64
153 197 100
153 297 49
153 231 92
153 237 86
153 271 86
153 209 43
154 268 90
154 269 29
154 279 61
154 280 42
154 294 4
154 190 17
154 205 67
154 218 58
154 220 15
154 243 80
154 252 35
155 265 23
155 268 16
155 280 41
155 160 23
155 167 65
155 296 27
155 299 57
155 187 52
155 195 75
155 206 84
155 217 50
155 234 90
155 241 75
156 265 74
156 272 25
156 285 10
156 161 81
156 298 72
156 188 3
156 192 74
156 215 45
156 220 29
156 229 89
156 236 94
156 238 56
156 249 59
157 262 33
157 282 100
157 289 90
157 170 99
157 177 94
157 189 59
157 204 91
157 216 10
157 221 7
157 222 12
157 223 9
157 224 43
157 240 92
157 243 65
158 257 58
158 264 13
158 265 55
158 280 90
158 178 28
158 190 57
158 196 33
158 209 42
158 211 27
158 228 42
158 236 50
158 251 92
158 253 68
159 259 81
159 266 81
159 269 83
159 273 96
159 277 99
159 165 38
159 295 55
159 169 38
159 201 43
159 227 66
159 297 70
159 250 42
160 278 10
160 166 93
160 172 17
160 194 16
160 198 21
160 214 39
160 228 83
160 233 67
160 236 39
161 259 22
161 271 51
161 272 70
161 162 23
161 296 81
161 221 75
161 177 94
161 181 56
161 182 90
161 194 82
161 201 82
161 224 71
162 264 66
162 265 70
162 277 26
162 282 19
162 165 36
162 168 62
162 201 84
162 202 45
162 225 88
162 229 57
162 230 48
162 231 32
162 249 84
162 254 30
163 258 5
163 281 80
163 292 23
163 299 50
163 190 49
163 195 99
163 201 12
164 271 63
164 278 2
164 295 9
164 182 37
164 189 96
164 191 52
164 203 63
164 214 11
164 215 91
164 219 77
164 226 36
164 237 50
165 261 17
165 267 92
165 268 51
165 277 26
165 285 18
165 286 74
165 292 87
165 294 42
165 173 37
165 179 76
165 207 81
165 229 43
165 232 67
165 190 28
165 253 42
166 257 15
166 259 95
166 294 67
166 198 11
166 295 10
166 299 41
166 179 67
166 276 61
166 251 35
166 284 82
166 190 88
167 259 53
167 267 7
167 170 64
167 299 99
167 181 46
167 192 74
167 205 51
167 207 29
167 220 91
167 241 32
167 247 87
167 252 50
168 176 88
168 182 4
168 198 41
168 213 67
168 249 67
168 247 11
168 254 92
169 243 3
169 245 65
169 185 55
169 221 61
170 272 24
170 275 94
170 278 67
170 281 37
170 283 55
170 294 79
170 186 14
170 194 2
170 198 57
170 219 82
170 228 86
170 238 47
171 257 87
171 269 15
171 274 21
171 298 85
171 178 58
171 185 25
171 190 13
171 192 6
171 214 81
171 253 60
171 255 1
172 256 36
172 192 16
172 292 70
172 179 83
172 288 65
172 279 14
172 176 10
172 277 67
173 263 42
173 282 7
173 297 100
173 176 7
173 180 8
173 183 32
173 205 82
173 208 45
173 209 19
173 213 53
173 229 98
173 232 35
173 245 25
173 249 77
174 256 30
174 258 54
174 263 75
174 282 35
174 285 100
174 176 100
174 186 73
174 197 79
174 211 92
174 222 2
174 231 89
174 239 0
174 242 70
174 243 73
174 252 33
175 256 100
175 285 0
175 291 0
175 292 23
175 177 46
175 199 15
175 204 97
175 207 40
175 213 85
175 217 3
175 248 78
176 256 80
176 281 34
176 184 58
176 188 0
176 197 79
176 205 62
176 206 97
176 211 75
176 219 63
176 228 83
176 230 94
177 178 61
177 183 89
177 195 16
177 197 10
177 204 22
177 224 54
178 260 88
178 265 63
178 272 95
178 284 54
178 183 62
178 187 94
178 208 70
178 213 79
178 220 93
178 225 77
178 226 83
178 236 14
178 239 4
178 242 18
179 256 48
179 258 83
179 280 75
179 201 17
179 203 53
179 210 47
179 214 34
179 216 54
179 218 48
179 222 20
179 272 22
179 228 70
179 249 42
180 270 30
180 295 93
180 183 81
180 245 66
180 199 20
180 212 5
180 249 95
180 228 74
180 243 17
180 190 76
180 253 18
181 235 46
181 268 77
181 284 11
181 290 45
181 197 13
181 198 85
181 204 13
181 206 51
181 223 50
181 249 76
182 265 59
182 295 92
182 222 53
182 201 71
182 192 3
182 198 74
182 231 99
182 232 59
182 254 26
183 227 66
183 260 65
183 268 34
183 207 42
183 245 75
183 184 50
183 187 80
183 200 50
183 232 11
183 277 76
184 266 32
184 267 74
184 295 0
184 202 31
184 208 63
184 210 79
184 212 5
184 223 10
184 227 45
184 228 89
184 235 19
184 237 76
184 245 88
184 246 68
185 256 5
185 262 38
185 266 84
185 276 47
185 294 2
185 207 74
185 223 17
185 230 39
185 235 33
186 270 40
186 290 36
186 265 54
186 189 64
186 191 12
186 202 17
186 214 19
186 226 54
186 245 58
186 251 83
187 282 100
187 289 75
187 290 0
187 193 85
187 201 29
187 211 51
187 214 29
187 292 74
187 229 85
187 238 72
187 241 89
188 258 67
188 269 82
188 278 67
188 279 17
188 293 72
188 196 28
188 208 36
188 222 18
188 232 97
188 242 55
189 258 42
189 215 55
189 278 84
189 297 31
189 191 40
189 194 8
189 249 51
189 225 87
189 229 22
189 230 16
189 247 18
189 251 18
190 257 46
190 258 54
190 270 0
190 216 74
190 280 2
190 289 21
190 194 11
190 202 43
190 250 91
190 252 60
191 262 33
191 266 90
191 270 81
191 276 47
191 295 42
191 202 5
191 206 84
191 216 47
191 225 22
192 230 33
192 295 81
192 265 37
192 208 52
192 290 19
192 220 99
193 257 58
193 263 84
193 267 71
193 268 86
193 272 55
193 281 13
193 289 38
193 199 12
193 230 35
194 239 27
194 289 75
194 291 8
194 195 33
194 211 34
194 225 53
194 230 49
194 242 22
194 298 79
195 235 47
195 213 47
195 279 91
195 217 42
195 251 71
196 280 49
196 281 3
196 294 1
196 250 55
196 225 75
196 229 27
196 233 95
196 238 32
196 241 32
196 248 5
197 281 17
197 284 77
197 288 84
197 295 34
197 199 24
197 275 54
197 270 36
197 217 92
197 245 83
197 250 31
197 254 50
198 261 15
198 276 84
198 278 44
198 292 33
198 299 97
198 223 10
198 227 47
198 230 60
198 235 20
198 240 88
198 242 14
199 257 63
199 258 49
199 261 50
199 266 56
199 282 33
199 289 13
199 294 38
199 295 6
199 297 10
199 255 97
200 256 72
200 270 97
200 261 76
200 294 18
200 214 11
200 230 88
200 234 67
201 257 55
201 270 24
201 272 6
201 214 94
201 217 55
201 222 5
201 229 38
201 228 82
201 230 34
201 247 27
202 285 48
202 291 92
202 203 33
202 209 8
202 223 30
202 224 51
202 234 78
202 240 91
202 246 100
202 250 14
202 251 63
203 264 39
203 281 61
203 286 90
203 209 61
203 211 62
203 222 77
203 226 44
203 232 67
203 236 36
203 237 94
203 243 70
203 244 60
204 262 18
204 269 84
204 259 26
204 279 46
204 293 20
204 207 100
204 213 82
204 214 72
204 228 43
204 229 45
204 296 99
204 243 17
204 245 18
205 256 35
205 273 28
205 238 85
205 289 66
205 206 42
205 213 77
205 220 99
205 228 53
205 236 67
205 245 91
205 253 29
206 299 18
206 266 93
206 284 28
206 285 68
206 214 12
206 221 77
206 230 53
206 233 8
206 236 12
206 242 65
207 269 27
207 272 55
207 276 97
207 281 76
207 214 93
207 215 55
207 217 52
207 275 68
207 246 35
208 257 43
208 258 63
208 268 66
208 274 89
208 283 36
208 287 55
208 296 8
208 298 54
208 221 63
208 250 30
208 239 49
209 259 7
209 266 70
209 269 53
209 270 46
209 277 77
209 281 100
209 287 98
209 225 66
209 251 36
210 287 48
210 295 92
210 216 83
210 235 38
210 237 99
210 253 64
210 254 77
210 255 19
211 256 26
211 258 97
211 261 14
211 271 13
211 273 15
211 276 11
211 282 86
211 285 7
211 218 40
211 230 19
211 254 81
212 259 69
212 267 97
212 278 41
212 281 30
212 286 8
212 294 65
212 297 30
212 215 60
212 245 22
212 249 37
212 250 79
212 252 44
213 265 12
213 275 98
213 288 79
213 289 41
213 216 84
213 223 59
213 226 53
213 245 97
214 279 82
214 283 37
214 286 28
214 288 99
214 270 17
215 268 33
215 285 71
215 286 91
215 293 30
215 298 61
215 292 51
215 230 61
215 252 97
215 254 95
216 260 46
216 226 91
216 227 97
216 235 24
216 241 4
216 249 67
216 255 93
217 281 31
217 283 74
217 298 79
217 299 74
217 219 4
217 233 19
217 238 89
217 251 8
218 278 34
218 235 92
218 219 86
218 297 68
218 232 54
218 240 3
218 249 79
219 256 5
219 273 97
219 283 49
219 227 93
219 222 0
219 229 63
219 250 94
219 251 21
219 255 32
220 271 63
220 280 83
220 292 16
220 298 77
220 232 18
220 239 57
220 247 34
221 259 64
221 291 1
221 242 77
221 270 65
221 276 60
222 272 30
222 279 40
222 286 36
222 295 25
222 231 72
222 239 100
222 246 34
222 255 67
223 257 84
223 263 63
223 272 48
223 297 15
223 232 28
223 241 27
224 260 31
224 265 36
224 268 52
224 270 88
224 282 66
224 289 1
224 240 91
225 292 61
225 266 8
225 238 57
225 287 37
226 250 58
227 266 62
227 268 88
227 271 21
227 273 68
227 279 57
227 289 36
227 243 48
228 262 76
228 232 13
228 249 35
229 266 63
229 278 65
229 280 16
229 283 87
229 293 23
230 257 23
230 258 68
230 269 21
230 272 48
230 288 9
230 248 13
230 251 95
230 253 67
230 254 30
231 264 66
231 270 10
231 292 48
231 240 23
232 256 56
232 259 81
232 288 74
232 290 68
232 291 23
232 234 5
232 242 44
232 276 70
233 246 70
233 261 78
233 266 29
234 297 15
234 235 59
234 276 37
234 236 37
234 247 22
235 260 81
235 273 73
235 274 87
235 239 100
235 255 16
236 279 76
236 280 12
236 291 28
236 297 52
236 255 93
236 254 31
237 261 63
237 285 55
237 289 11
237 295 15
237 296 60
237 245 24
237 252 79
238 272 100
238 274 89
238 275 8
238 249 90
238 282 41
239 269 85
239 275 23
239 280 51
239 290 28
239 293 100
239 253 26
240 266 37
240 279 63
240 286 84
240 265 53
240 254 58
241 272 5
241 292 91
242 276 94
242 278 49
242 244 36
243 279 68
243 281 16
243 293 68
243 285 42
243 245 53
243 251 66
244 297 20
244 271 72
244 264 80
244 283 89
245 288 72
245 290 48
245 248 89
246 257 58
246 289 54
246 275 36
246 282 93
247 276 70
247 287 40
247 252 58
248 256 86
248 274 51
248 276 40
248 279 66
249 257 6
249 266 68
249 269 61
249 274 10
249 276 8
249 279 25
249 287 36
249 293 74
250 270 35
251 267 66
251 270 55
251 279 9
251 288 28
251 287 56
252 263 41
252 274 13
252 286 81
252 293 69
252 298 49
253 289 33
253 290 19
253 292 89
253 298 49
254 281 44
254 287 79
254 292 57
255 268 25
255 277 35
255 285 89
255 290 46
255 293 77
256 279 46
256 285 98
256 287 36
256 288 88
256 290 96
256 292 49
256 295 44
257 273 100
257 280 92
257 283 89
257 290 41
257 296 73
258 280 77
258 282 62
258 293 36
258 298 62
259 261 67
259 281 4
259 288 76
260 297 59
260 287 13
261 275 0
261 287 66
261 295 100
262 288 7
262 279 47
262 289 30
262 285 7
262 275 52
262 265 88
262 286 53
263 271 37
263 272 26
263 292 39
264 274 66
264 282 49
264 292 48
264 297 8
264 286 32
265 270 93
265 271 65
265 283 11
266 288 39
267 287 88
268 277 14
268 280 29
268 286 16
268 289 30
269 274 7
269 275 88
270 286 54
270 289 50
270 294 17
271 278 45
271 274 1
271 297 81
272 277 72
272 299 58
273 276 57
273 288 94
273 289 78
274 276 26
274 277 15
274 280 65
275 278 48
275 290 34
275 294 76
275 297 41
275 298 14
276 291 64
277 288 41
277 279 86
278 283 95
278 292 98
278 296 88
279 288 79
280 296 100
282 298 19
283 287 51
284 291 20
285 293 95
286 290 64
286 291 78
286 292 46
286 296 21
287 299 12
288 293 93
288 296 59
289 298 80
291 292 59
293 294 37
294 298 19
