300 4000
0 128 39
0 261 83
0 8 100
0 138 83
0 16 65
0 146 66
0 154 91
0 153 46
0 26 46
0 157 75
0 35 62
0 295 1
0 42 85
0 173 100
0 63 14
0 193 22
0 202 35
0 78 62
0 84 73
0 96 81
0 101 58
0 103 59
0 105 90
0 106 11
0 108 28
0 115 12
0 245 83
0 253 60
1 130 14
1 259 76
1 133 24
1 264 35
1 265 94
1 154 36
1 157 32
1 162 48
1 35 78
1 36 88
1 56 3
1 188 35
1 69 58
1 200 16
1 34 37
1 207 71
1 209 61
1 98 78
1 104 1
1 234 49
1 235 13
1 240 17
1 115 0
1 246 56
2 265 82
2 138 85
2 141 76
2 15 65
2 144 29
2 276 4
2 26 2
2 27 73
2 284 46
2 285 55
2 35 1
2 166 36
2 167 61
2 41 92
2 299 35
2 49 6
2 51 49
2 187 81
2 62 83
2 192 43
2 66 81
2 196 70
2 75 34
2 204 50
2 109 29
2 211 98
2 212 35
2 215 36
2 225 0
2 237 3
2 239 42
2 243 60
2 118 56
2 252 25
2 125 73
3 131 59
3 135 97
3 273 29
3 274 30
3 23 33
3 280 7
3 26 69
3 155 68
3 285 21
3 32 14
3 290 95
3 35 60
3 292 98
3 165 76
3 294 26
3 170 48
3 44 94
3 157 33
3 177 53
3 184 5
3 185 84
3 188 37
3 196 36
3 197 64
3 203 64
3 205 11
3 56 56
3 88 7
3 218 55
3 228 100
3 104 45
3 237 57
3 243 33
3 249 85
3 122 52
4 135 2
4 137 29
4 10 65
4 14 35
4 272 84
4 149 19
4 163 26
4 164 63
4 293 53
4 42 69
4 177 34
4 50 62
4 183 21
4 197 15
4 204 8
4 75 23
4 76 77
4 101 43
4 235 39
4 112 13
4 119 11
4 55 73
4 126 12
5 129 91
5 134 80
5 11 94
5 109 28
5 18 45
5 19 79
5 281 93
5 26 90
5 28 100
5 32 7
5 299 72
5 181 48
5 183 4
5 68 90
5 201 77
5 215 41
5 90 34
5 221 30
5 98 11
5 102 95
5 232 20
5 105 19
5 237 82
5 240 6
5 249 87
6 259 68
6 136 1
6 265 52
6 12 66
6 15 25
6 17 91
6 46 10
6 23 93
6 29 0
6 31 18
6 164 40
6 41 70
6 45 22
6 174 60
6 176 57
6 51 87
6 57 5
6 60 14
6 65 51
6 69 3
6 88 17
6 93 41
6 224 30
6 227 18
6 228 81
6 101 17
6 102 90
6 234 93
6 109 6
6 119 91
6 124 74
7 288 69
7 128 34
7 34 87
7 259 99
7 198 79
7 202 0
7 299 96
7 236 23
7 272 24
7 273 79
7 114 17
7 123 15
7 181 54
7 246 13
7 91 1
7 191 41
8 256 35
8 262 98
8 267 1
8 14 47
8 272 18
8 20 80
8 196 4
8 29 48
8 30 80
8 168 19
8 297 98
8 299 57
8 174 96
8 179 69
8 182 69
8 68 83
8 197 11
8 70 57
8 74 0
8 217 27
8 219 11
8 104 74
8 107 64
8 109 34
8 111 65
8 242 70
8 246 94
9 128 94
9 150 28
9 142 56
9 278 30
9 153 10
9 29 74
9 158 84
9 159 25
9 295 94
9 297 85
9 285 84
9 72 51
9 50 93
9 55 3
9 188 79
9 200 35
9 86 37
9 95 90
9 230 77
9 231 35
9 236 4
9 112 43
9 114 4
9 243 14
9 119 19
9 255 29
10 267 42
10 16 86
10 146 18
10 148 76
10 149 42
10 73 99
10 283 75
10 27 43
10 165 50
10 53 3
10 183 99
10 59 66
10 201 33
10 209 30
10 227 70
10 223 42
10 225 18
10 99 80
10 229 100
10 230 97
10 235 79
10 108 42
10 239 20
10 244 74
11 130 55
11 131 59
11 264 43
11 268 62
11 147 94
11 276 63
11 22 28
11 26 44
11 29 72
11 162 15
11 293 75
11 172 1
11 178 14
11 51 77
11 180 95
11 54 18
11 183 98
11 209 27
11 210 39
11 97 13
11 118 66
11 126 47
12 129 55
12 135 94
12 136 59
12 267 78
12 145 14
12 147 85
12 276 74
12 21 36
12 278 32
12 279 48
12 29 66
12 30 6
12 160 65
12 290 15
12 42 79
12 174 80
12 157 10
12 286 54
12 55 66
12 59 39
12 189 1
12 288 40
12 66 8
12 67 69
12 68 26
12 198 59
12 85 51
12 216 78
12 220 64
12 93 63
12 97 15
12 226 74
12 17 39
12 240 4
12 126 81
12 127 93
13 160 4
13 288 68
13 34 11
13 163 44
13 165 93
13 200 80
13 80 100
13 75 67
13 236 54
13 206 46
13 112 87
13 241 26
13 244 70
13 150 49
13 121 84
13 90 80
13 191 27
13 254 40
13 159 26
14 264 90
14 274 49
14 276 76
14 24 47
14 239 96
14 160 94
14 42 91
14 299 37
14 172 36
14 54 96
14 57 66
14 58 66
14 66 63
14 206 43
14 83 78
14 93 46
14 226 25
14 107 8
14 236 94
14 111 6
14 250 23
14 251 88
14 126 28
15 256 77
15 261 69
15 269 59
15 143 16
15 272 26
15 147 72
15 148 81
15 282 65
15 155 54
15 284 9
15 286 67
15 33 65
15 164 3
15 38 56
15 299 99
15 44 35
15 221 19
15 185 46
15 63 75
15 66 32
15 195 72
15 161 69
15 75 79
15 210 90
15 87 57
15 90 6
15 93 34
15 229 25
15 232 76
15 121 49
16 130 57
16 136 100
16 145 84
16 276 44
16 278 51
16 23 14
16 284 20
16 39 18
16 156 81
16 176 42
16 177 16
16 51 0
16 56 83
16 62 66
16 191 87
16 199 62
16 75 81
16 207 64
16 217 66
16 219 63
16 224 92
16 239 71
16 242 14
16 245 74
17 132 23
17 133 96
17 264 30
17 268 79
17 269 76
17 270 98
17 277 91
17 281 7
17 154 14
17 156 69
17 285 97
17 159 9
17 34 84
17 291 13
17 36 96
17 37 47
17 294 2
17 28 16
17 43 27
17 172 32
17 174 55
17 157 65
17 50 92
17 190 60
17 65 77
17 66 40
17 207 39
17 81 55
17 85 6
17 214 74
17 217 91
17 221 51
17 227 11
17 229 44
17 230 0
17 108 36
17 239 23
17 213 31
18 131 68
18 145 26
18 259 89
18 20 25
18 151 3
18 282 25
18 133 85
18 288 17
18 296 57
18 41 95
18 54 26
18 73 86
18 116 100
18 186 25
18 32 37
18 198 94
18 71 59
18 201 95
18 208 87
18 185 75
18 220 70
18 221 52
18 273 42
18 232 39
18 239 50
18 244 55
18 120 13
18 124 18
19 258 63
19 133 62
19 138 80
19 271 74
19 150 8
19 156 61
19 30 83
19 159 38
19 32 1
19 36 3
19 166 20
19 174 31
19 179 88
19 183 28
19 59 67
19 61 68
19 62 61
19 63 22
19 64 55
19 193 52
19 198 37
19 208 72
19 84 86
19 87 30
19 217 73
19 97 35
19 114 82
19 243 44
19 245 69
19 121 84
19 253 42
19 254 30
20 262 30
20 271 73
20 272 12
20 149 85
20 286 59
20 288 71
20 34 1
20 163 80
20 134 61
20 173 30
20 46 56
20 47 34
20 179 74
20 68 20
20 73 19
20 75 5
20 207 42
20 84 94
20 89 21
20 99 60
20 230 67
20 237 10
20 238 61
20 174 61
20 115 17
20 116 42
20 122 4
20 254 31
21 262 98
21 151 37
21 269 42
21 146 2
21 22 25
21 23 18
21 154 91
21 28 9
21 157 68
21 289 87
21 91 85
21 134 25
21 294 67
21 41 91
21 170 49
21 48 24
21 201 4
21 203 59
21 209 69
21 219 70
21 241 77
21 114 87
22 133 37
22 139 61
22 272 49
22 274 84
22 276 64
22 26 20
22 161 61
22 241 88
22 169 27
22 50 49
22 178 49
22 55 20
22 57 3
22 66 0
22 195 46
22 72 47
22 78 19
22 210 65
22 185 97
22 221 38
22 225 34
22 226 96
22 105 17
22 109 62
22 113 50
22 297 99
22 253 53
23 256 2
23 266 17
23 148 3
23 26 1
23 283 24
23 28 28
23 29 26
23 30 17
23 293 32
23 38 13
23 45 85
23 175 97
23 55 68
23 57 50
23 245 20
23 195 42
23 198 23
23 201 13
23 76 26
23 92 63
23 93 88
23 101 82
23 106 5
23 117 97
23 126 92
24 129 66
24 137 83
24 139 92
24 28 91
24 287 2
24 35 99
24 291 21
24 299 75
24 173 31
24 46 25
24 49 49
24 50 19
24 53 0
24 54 86
24 56 3
24 190 5
24 161 4
24 200 62
24 207 86
24 211 6
24 84 15
24 100 98
24 102 4
24 237 29
24 246 61
24 123 5
25 130 20
25 135 39
25 136 30
25 27 94
25 285 5
25 34 81
25 283 48
25 36 94
25 42 32
25 299 34
25 45 95
25 54 74
25 194 36
25 197 52
25 75 21
25 77 48
25 78 87
25 205 70
25 88 26
25 91 39
25 95 68
25 107 44
25 111 90
25 115 90
26 266 55
26 269 9
26 156 52
26 286 68
26 37 78
26 55 69
26 187 6
26 151 21
26 67 13
26 84 69
26 85 81
26 87 1
26 246 36
26 120 100
26 125 87
27 264 54
27 265 91
27 130 5
27 270 97
27 271 25
27 153 48
27 282 76
27 157 27
27 161 27
27 290 9
27 165 16
27 181 77
27 137 12
27 138 96
27 191 57
27 68 66
27 205 2
27 207 48
27 83 1
27 87 42
27 222 32
27 99 82
27 233 78
27 107 49
27 114 89
28 257 96
28 264 53
28 160 62
28 289 3
28 294 100
28 39 60
28 42 0
28 43 80
28 136 31
28 62 41
28 191 86
28 67 99
28 221 24
28 95 82
28 229 71
28 242 32
28 117 70
28 118 2
28 125 0
29 135 7
29 275 42
29 151 9
29 280 11
29 160 90
29 134 67
29 171 60
29 193 86
29 68 57
29 197 13
29 201 65
29 77 94
29 211 85
29 92 55
29 96 39
29 226 84
29 240 48
29 116 96
29 126 6
30 258 74
30 131 60
30 132 33
30 133 97
30 264 17
30 143 74
30 88 26
30 150 42
30 155 74
30 284 72
30 285 56
30 159 90
30 163 25
30 298 69
30 45 27
30 287 86
30 185 47
30 186 64
30 59 40
30 192 80
30 67 69
30 199 72
30 74 46
30 203 83
30 84 64
30 216 8
30 227 43
30 235 5
30 236 17
30 111 10
30 114 26
30 248 100
31 261 77
31 33 8
31 290 78
31 168 68
31 45 61
31 51 48
31 187 13
31 203 28
31 68 85
31 198 15
31 199 4
31 75 81
31 79 41
31 81 54
31 210 21
31 84 87
31 216 51
31 89 79
31 220 100
31 82 44
31 239 0
31 117 61
31 250 33
32 137 89
32 272 13
32 280 67
32 154 49
32 287 23
32 35 53
32 294 62
32 297 85
32 172 32
32 46 74
32 236 35
32 183 76
32 187 10
32 195 84
32 69 96
32 72 100
32 219 65
32 225 67
32 104 80
32 108 68
32 240 73
32 253 64
33 43 14
33 260 25
33 142 49
33 151 16
33 299 14
33 158 63
33 171 88
33 173 6
33 93 66
33 185 75
33 186 85
33 60 71
33 191 31
33 67 93
33 68 95
33 201 15
33 84 9
33 213 9
33 87 75
33 88 17
33 221 2
33 223 79
33 97 41
33 226 12
33 103 18
33 108 97
33 111 94
33 244 39
34 256 28
34 259 47
34 265 32
34 128 97
34 268 46
34 148 95
34 154 11
34 160 100
34 35 55
34 295 70
34 170 57
34 46 85
34 48 92
34 185 10
34 58 7
34 63 41
34 192 25
34 66 37
34 67 71
34 203 66
34 208 38
34 83 22
34 212 14
34 93 56
34 96 86
34 232 95
34 235 26
34 111 75
34 115 89
35 64 30
35 196 90
35 38 40
35 232 68
35 105 11
35 203 99
35 47 86
35 99 39
35 279 27
35 249 49
35 123 19
35 286 80
35 195 100
36 129 80
36 259 68
36 137 50
36 149 78
36 152 17
36 283 2
36 159 49
36 288 49
36 165 75
36 38 45
36 299 15
36 44 39
36 45 84
36 174 39
36 180 10
36 189 72
36 65 53
36 196 67
36 71 92
36 208 45
36 81 76
36 87 92
36 218 5
36 91 15
36 166 21
36 233 29
36 234 86
36 46 16
36 239 82
36 240 31
36 243 79
36 118 6
36 123 99
36 253 1
36 277 38
37 161 3
37 194 18
37 67 12
37 296 25
37 105 21
37 267 33
37 109 11
37 206 61
37 80 64
37 210 41
37 259 13
37 148 90
37 238 43
37 118 85
37 57 45
37 187 28
38 256 52
38 225 15
38 130 82
38 101 16
38 294 26
38 135 26
38 201 33
38 171 43
38 46 34
38 81 6
38 180 30
38 150 4
38 280 28
38 88 18
38 214 65
38 126 0
38 165 40
39 132 99
39 134 98
39 137 92
39 269 85
39 270 54
39 145 25
39 149 52
39 157 15
39 161 6
39 167 38
39 177 32
39 54 17
39 184 8
39 186 7
39 59 86
39 190 27
39 201 40
39 209 69
39 84 0
39 213 38
39 219 46
39 224 22
39 226 57
39 236 95
39 109 97
39 113 56
39 248 58
39 253 36
40 257 33
40 131 22
40 274 58
40 148 77
40 281 76
40 156 29
40 160 52
40 198 50
40 295 31
40 168 52
40 172 93
40 177 22
40 74 87
40 70 70
40 202 2
40 76 24
40 86 73
40 215 88
40 223 53
40 98 39
40 99 58
40 105 44
40 106 0
40 237 65
40 113 49
40 247 17
40 249 89
40 122 76
40 124 30
41 129 51
41 260 95
41 264 51
41 130 46
41 145 50
41 275 57
41 280 67
41 158 66
41 162 39
41 163 53
41 298 13
41 299 73
41 44 84
41 45 37
41 181 78
41 55 14
41 56 36
41 62 63
41 193 41
41 194 94
41 195 20
41 196 43
41 70 4
41 213 3
41 152 90
41 94 1
41 225 47
41 100 45
41 101 59
41 147 92
41 244 73
41 122 90
41 253 24
42 68 37
42 258 53
42 262 47
42 172 2
42 66 84
42 273 59
42 82 13
42 212 28
42 110 85
42 88 69
42 185 52
42 95 50
42 146 15
43 196 22
43 69 86
43 220 69
43 139 10
43 239 35
43 114 57
43 246 22
43 215 70
43 132 39
43 118 70
43 61 93
43 126 58
44 130 40
44 261 31
44 268 90
44 270 76
44 276 12
44 161 42
44 290 25
44 293 2
44 294 30
44 297 91
44 178 76
44 50 89
44 53 60
44 187 77
44 190 53
44 196 11
44 73 42
44 207 57
44 212 62
44 143 72
44 92 34
44 228 31
44 166 53
44 231 89
44 233 61
44 103 62
44 236 8
44 242 77
44 115 40
44 251 12
45 141 39
45 142 55
45 145 76
45 275 1
45 150 98
45 279 98
45 288 32
45 161 99
45 163 94
45 113 19
45 174 36
45 47 98
45 48 72
45 179 58
45 181 82
45 182 38
45 66 67
45 69 32
45 201 6
45 203 67
45 79 20
45 90 35
45 220 79
45 241 64
45 247 71
45 120 26
45 254 2
46 136 11
46 218 55
46 164 1
46 47 1
46 196 92
46 198 72
46 83 43
46 214 72
46 90 48
46 221 79
46 96 36
46 97 39
46 235 23
46 240 20
46 246 30
46 253 48
47 134 3
47 265 7
47 273 85
47 163 93
47 167 40
47 173 7
47 54 19
47 59 59
47 65 62
47 199 49
47 206 11
47 84 58
47 215 86
47 218 42
47 221 20
47 223 87
47 98 27
47 100 0
47 101 25
47 124 40
47 125 1
47 127 12
48 97 48
48 99 64
48 135 8
48 156 4
48 74 49
48 263 34
48 190 63
48 174 77
48 239 89
48 147 93
48 54 10
48 252 86
48 61 97
48 126 50
49 132 38
49 262 10
49 145 69
49 153 55
49 281 34
49 284 49
49 289 17
49 165 54
49 220 99
49 181 81
49 56 89
49 59 25
49 61 37
49 65 76
49 71 80
49 206 53
49 207 62
49 99 51
49 215 24
49 90 40
49 92 14
49 94 49
49 224 48
49 187 97
49 235 14
49 246 32
50 260 49
50 268 6
50 269 36
50 291 46
50 167 38
50 177 25
50 172 89
50 54 69
50 265 90
50 57 70
50 84 10
50 222 10
50 96 63
50 225 4
50 226 37
50 234 25
50 238 63
50 112 10
50 114 16
50 120 4
50 249 59
50 250 80
51 257 92
51 132 38
51 267 73
51 140 91
51 148 62
51 262 23
51 58 7
51 59 96
51 64 35
51 65 0
51 73 34
51 202 97
51 89 1
51 103 74
51 104 0
51 233 90
51 110 24
51 244 15
51 245 86
51 126 11
52 64 90
52 100 57
52 292 47
52 229 84
52 289 39
52 105 92
52 103 54
52 205 8
52 158 84
52 112 91
52 152 79
52 210 84
52 126 82
52 120 94
52 248 20
52 185 95
52 219 76
52 247 84
52 222 50
52 277 0
53 289 0
53 66 90
53 282 7
53 68 9
53 261 32
53 102 88
53 199 80
53 200 38
53 203 58
53 140 12
53 109 87
53 272 67
53 210 74
53 90 3
53 148 3
53 154 82
53 253 74
54 257 91
54 270 85
54 146 95
54 153 95
54 156 98
54 90 28
54 288 12
54 210 50
54 170 52
54 179 40
54 55 28
54 59 81
54 72 93
54 75 49
54 82 49
54 84 75
54 85 11
54 87 43
54 218 61
54 91 58
54 231 54
54 245 92
54 120 69
54 121 57
54 281 10
55 136 45
55 265 50
55 149 55
55 156 65
55 158 75
55 290 40
55 296 61
55 182 45
55 184 12
55 57 26
55 60 36
55 190 48
55 67 56
55 203 92
55 76 73
55 78 70
55 209 3
55 89 40
55 240 63
55 244 87
55 118 4
55 252 5
55 127 5
56 129 39
56 130 20
56 262 45
56 140 84
56 269 3
56 147 64
56 196 65
56 159 99
56 294 37
56 175 50
56 201 11
56 184 13
56 57 85
56 65 3
56 68 73
56 200 27
56 268 22
56 203 33
56 79 62
56 80 78
56 84 22
56 223 37
56 233 82
56 111 41
56 244 36
56 119 15
56 248 29
56 249 70
56 123 60
57 131 62
57 262 98
57 136 3
57 266 80
57 139 73
57 272 57
57 274 41
57 280 13
57 282 47
57 284 6
57 285 85
57 158 17
57 290 68
57 292 21
57 294 56
57 168 99
57 170 85
57 223 76
57 123 92
57 195 70
57 199 33
57 83 79
57 85 51
57 87 21
57 95 63
57 59 33
57 102 45
57 236 85
57 114 27
57 115 30
57 247 18
57 122 97
57 251 2
57 298 45
58 115 78
58 129 91
58 136 78
58 233 92
58 89 35
58 109 7
58 111 3
58 176 94
58 179 41
58 150 73
58 183 55
58 248 21
58 121 24
58 154 31
58 249 24
58 62 53
58 287 19
59 259 52
59 139 46
59 140 9
59 273 64
59 147 53
59 285 12
59 157 67
59 62 94
59 66 41
59 68 84
59 79 73
59 214 89
59 218 42
59 94 71
59 225 84
59 100 47
59 101 46
59 103 43
59 232 56
59 234 19
59 236 30
59 117 24
59 249 20
59 250 30
59 124 51
60 224 64
60 135 44
60 232 24
60 95 63
60 76 22
60 77 6
60 285 76
60 145 42
60 128 81
60 181 15
60 246 49
60 184 77
60 185 86
60 283 18
60 284 41
60 93 5
60 85 93
60 223 35
61 137 83
61 138 96
61 271 33
61 144 44
61 273 54
61 280 80
61 288 59
61 292 58
61 165 4
61 167 98
61 296 19
61 169 10
61 67 20
61 205 59
61 208 6
61 81 62
61 95 11
61 97 24
61 102 100
61 107 43
61 118 23
61 121 4
62 131 54
62 135 44
62 268 59
62 66 8
62 152 68
62 293 24
62 65 10
62 170 38
62 93 90
62 181 23
62 186 36
62 193 49
62 194 72
62 75 35
62 196 89
62 203 83
62 78 52
62 79 30
62 215 41
62 247 41
62 121 24
63 265 64
63 269 64
63 145 80
63 274 94
63 149 3
63 150 53
63 156 8
63 290 97
63 294 93
63 188 87
63 190 34
63 195 62
63 69 68
63 71 30
63 81 80
63 83 7
63 214 64
63 218 26
63 92 42
63 223 26
63 106 61
63 112 68
63 243 44
63 127 83
63 125 27
63 255 1
64 131 61
64 134 17
64 271 18
64 275 70
64 148 35
64 165 91
64 171 36
64 176 79
64 180 97
64 183 18
64 196 38
64 72 71
64 75 20
64 78 0
64 81 38
64 212 57
64 147 31
64 90 28
64 93 94
64 224 100
64 230 50
64 232 71
64 106 61
64 242 75
64 247 6
65 130 87
65 132 7
65 136 16
65 137 79
65 267 90
65 283 97
65 159 9
65 167 49
65 170 49
65 245 39
65 193 55
65 66 22
65 69 92
65 202 78
65 75 8
65 210 38
65 84 52
65 95 19
65 111 47
65 116 85
65 254 30
65 248 93
65 126 77
66 256 24
66 137 55
66 258 27
66 272 72
66 281 13
66 283 61
66 160 54
66 168 89
66 179 59
66 117 93
66 201 99
66 79 95
66 80 61
66 92 0
66 228 32
66 103 74
66 239 21
66 112 45
66 243 36
66 190 36
66 248 31
66 251 91
66 252 5
66 126 62
67 263 91
67 266 55
67 269 74
67 272 41
67 145 81
67 277 88
67 151 52
67 281 61
67 282 33
67 283 92
67 288 94
67 291 26
67 177 58
67 180 90
67 190 92
67 214 70
67 215 74
67 89 100
67 116 41
67 255 28
68 129 79
68 144 54
68 273 7
68 281 99
68 155 18
68 156 12
68 290 27
68 172 99
68 174 81
68 190 82
68 216 100
68 93 100
68 97 50
68 232 51
68 253 50
68 254 33
69 299 46
69 132 67
69 261 56
69 267 30
69 144 81
69 275 56
69 278 7
69 279 62
69 293 11
69 180 39
69 181 79
69 188 57
69 85 12
69 88 36
69 226 58
69 237 17
69 239 9
69 116 7
69 245 75
69 122 4
69 127 15
70 128 6
70 144 10
70 259 70
70 228 20
70 179 52
70 262 14
70 297 71
70 298 4
70 87 91
70 282 10
70 181 27
70 215 84
70 90 29
70 219 27
70 253 93
71 240 44
71 99 95
71 242 76
71 74 74
71 140 75
71 109 60
71 77 83
71 208 12
71 177 55
71 114 68
71 213 29
71 153 24
71 186 60
71 222 76
72 96 14
72 289 1
72 100 70
72 233 11
72 138 87
72 141 19
72 109 14
72 280 43
72 248 0
72 213 28
72 151 59
72 216 55
72 221 15
72 222 77
73 133 47
73 265 58
73 267 83
73 280 32
73 160 62
73 165 45
73 176 39
73 187 88
73 188 15
73 245 48
73 288 93
73 197 27
73 78 66
73 92 14
73 93 86
73 226 38
73 228 64
73 117 18
73 251 51
73 126 11
74 131 15
74 262 39
74 153 4
74 166 30
74 169 28
74 171 0
74 188 9
74 189 40
74 203 65
74 75 100
74 76 37
74 77 91
74 206 7
74 79 82
74 95 4
74 100 28
74 235 62
74 238 64
74 245 77
74 246 1
74 253 91
75 131 18
75 193 16
75 265 39
75 293 49
75 179 83
75 192 1
75 199 89
75 224 31
75 206 30
75 88 50
75 96 39
75 226 22
75 229 43
75 109 47
75 239 84
76 145 100
76 279 16
76 153 2
76 156 13
76 158 45
76 289 17
76 167 69
76 297 55
76 299 53
76 175 25
76 178 41
76 183 24
76 202 2
76 83 52
76 215 74
76 98 21
76 106 0
76 110 61
76 116 0
77 138 4
77 269 82
77 146 86
77 155 59
77 290 48
77 283 41
77 171 16
77 180 65
77 191 37
77 197 50
77 203 98
77 209 13
77 213 6
77 97 66
77 226 26
77 99 52
77 103 5
77 122 47
78 129 71
78 267 4
78 268 16
78 153 69
78 282 62
78 155 46
78 288 47
78 112 56
78 291 66
78 164 80
78 297 23
78 170 44
78 184 15
78 189 54
78 191 32
78 226 45
78 240 3
78 115 71
78 119 23
78 253 53
79 264 6
79 152 23
79 157 97
79 292 56
79 176 26
79 193 27
79 196 67
79 198 0
79 206 91
79 208 54
79 84 99
79 217 8
79 91 29
79 101 4
79 231 2
79 104 73
79 237 26
79 110 1
79 250 30
79 255 54
80 139 18
80 272 77
80 279 17
80 289 50
80 291 5
80 164 26
80 293 25
80 171 71
80 175 72
80 176 89
80 151 12
80 196 42
80 203 6
80 214 61
80 222 50
80 227 48
80 233 66
80 116 37
80 251 72
81 128 74
81 257 75
81 134 56
81 143 51
81 272 20
81 161 18
81 168 55
81 186 64
81 202 100
81 82 19
81 84 16
81 85 73
81 221 71
81 122 5
81 252 33
81 253 19
81 127 82
82 256 17
82 288 48
82 101 95
82 293 72
82 134 88
82 167 33
82 145 97
82 220 92
82 173 6
82 287 28
82 148 15
82 238 82
82 124 44
82 282 55
82 95 68
82 284 10
82 158 67
83 129 65
83 140 26
83 144 23
83 276 25
83 283 19
83 299 57
83 176 61
83 182 81
83 89 28
83 90 53
83 97 95
83 99 52
83 231 31
83 236 15
83 272 88
83 241 40
83 243 46
84 257 68
84 258 64
84 131 53
84 266 15
84 139 57
84 269 97
84 237 90
84 273 45
84 274 82
84 151 56
84 155 82
84 156 55
84 288 25
84 294 65
84 286 81
84 181 96
84 199 89
84 209 53
84 215 68
84 88 2
84 220 4
84 98 13
84 99 1
84 228 28
84 166 95
84 276 43
84 105 27
84 106 23
84 235 83
84 109 43
84 112 84
84 118 97
84 249 41
84 126 86
85 256 22
85 129 29
85 263 99
85 237 23
85 278 6
85 153 47
85 282 48
85 283 68
85 161 97
85 292 73
85 293 23
85 171 53
85 177 31
85 181 8
85 188 8
85 201 68
85 87 52
85 233 68
85 231 36
85 104 21
85 235 79
85 109 81
85 119 76
85 248 69
85 252 62
85 255 16
86 259 39
86 266 13
86 142 94
86 272 20
86 146 77
86 149 22
86 111 32
86 287 74
86 186 22
86 195 67
86 204 76
86 205 78
86 211 13
86 220 16
86 223 73
86 231 22
86 239 96
86 115 10
86 116 16
86 117 70
86 119 18
87 259 20
87 267 53
87 143 31
87 291 67
87 198 84
87 296 39
87 171 42
87 174 100
87 195 54
87 182 28
87 201 15
87 219 46
87 216 41
87 218 46
87 224 71
87 226 93
87 233 84
87 113 66
87 117 30
87 122 31
88 225 4
88 132 39
88 134 29
88 297 71
88 183 92
88 265 30
88 151 43
88 216 35
88 92 35
88 221 77
89 167 98
89 232 27
89 106 96
89 272 95
89 113 39
89 171 75
89 279 78
89 216 63
89 180 83
89 122 0
89 124 36
89 221 55
89 222 70
89 277 27
90 192 96
90 266 84
90 270 19
90 271 94
90 283 74
90 284 2
90 285 43
90 287 7
90 290 90
90 164 59
90 175 23
90 183 49
90 185 3
90 190 25
90 200 71
90 219 19
90 226 26
90 109 32
90 238 61
90 211 36
90 253 65
91 128 63
91 260 60
91 142 36
91 144 88
91 273 36
91 275 64
91 238 16
91 150 67
91 152 16
91 132 21
91 160 37
91 289 14
91 165 52
91 296 90
91 169 99
91 176 56
91 185 26
91 186 82
91 225 92
91 204 89
91 224 17
91 272 43
91 227 19
91 101 80
91 109 27
91 110 10
91 239 46
91 114 94
91 117 36
91 281 50
92 172 76
92 152 56
92 285 6
92 291 48
92 174 90
92 178 87
92 188 93
92 208 38
92 211 61
92 217 45
92 98 60
92 234 46
92 108 29
92 238 34
92 246 80
92 123 10
92 253 44
92 127 35
93 128 33
93 258 6
93 135 56
93 264 98
93 149 13
93 153 49
93 155 94
93 286 83
93 291 69
93 296 13
93 178 88
93 163 82
93 101 55
93 108 14
93 117 85
93 246 13
93 247 16
94 258 38
94 133 92
94 265 44
94 267 77
94 270 100
94 271 48
94 276 84
94 277 44
94 287 75
94 160 55
94 289 54
94 166 13
94 185 32
94 194 9
94 198 10
94 208 45
94 143 95
94 97 67
94 101 65
94 238 52
94 111 86
94 245 79
94 118 8
94 120 28
94 249 49
94 250 90
95 134 96
95 137 97
95 154 91
95 160 5
95 176 17
95 178 49
95 190 54
95 199 15
95 203 37
95 213 14
95 225 2
95 103 90
95 231 86
95 210 24
95 117 53
96 264 58
96 141 26
96 271 82
96 274 95
96 152 42
96 294 85
96 167 79
96 170 87
96 174 34
96 285 19
96 136 64
96 183 71
96 188 66
96 209 36
96 223 2
96 103 29
96 118 96
96 252 71
97 261 71
97 144 55
97 283 98
97 288 29
97 162 67
97 167 18
97 182 17
97 183 47
97 186 2
97 188 64
97 193 31
97 139 86
97 199 14
97 207 27
97 223 54
97 225 62
97 229 9
97 126 22
98 134 73
98 139 14
98 140 16
98 271 65
98 144 68
98 146 90
98 277 97
98 279 24
98 153 40
98 288 35
98 161 67
98 167 62
98 169 61
98 188 3
98 200 83
98 227 77
98 233 100
98 112 75
98 296 30
98 123 18
98 251 76
99 134 61
99 142 85
99 239 11
99 272 21
99 145 1
99 150 78
99 153 32
99 284 81
99 159 71
99 162 84
99 291 92
99 172 27
99 179 25
99 197 33
99 215 9
99 221 61
99 230 57
99 238 15
99 111 90
99 240 61
99 296 72
99 121 28
100 162 30
100 228 32
100 102 50
100 294 90
100 264 70
100 266 29
100 268 12
100 143 93
100 112 85
100 158 98
100 223 69
101 151 96
101 144 39
101 281 64
101 282 62
101 175 79
101 286 90
101 160 7
101 291 76
101 169 73
101 185 66
101 189 98
101 198 17
101 220 47
101 226 88
101 166 91
101 241 34
102 131 53
102 266 75
102 267 38
102 275 3
102 161 74
102 293 80
102 295 41
102 199 20
102 202 39
102 211 98
102 218 39
102 223 99
102 242 94
102 118 72
102 249 79
103 271 55
103 148 83
103 279 33
103 283 98
103 179 2
103 206 0
103 220 21
103 234 58
103 125 52
103 241 81
103 114 55
103 244 21
103 123 50
103 253 31
104 260 14
104 135 50
104 269 70
104 144 62
104 148 34
104 279 87
104 294 36
104 298 18
104 183 90
104 203 80
104 212 98
104 217 95
104 221 99
104 222 24
104 224 68
104 241 86
104 246 59
105 130 80
105 262 52
105 269 42
105 151 63
105 280 19
105 155 92
105 294 14
105 189 100
105 190 35
105 198 91
105 205 66
105 215 24
105 223 60
105 232 33
105 106 27
105 111 76
105 118 24
105 249 23
105 252 67
105 234 97
105 126 66
106 261 47
106 262 95
106 135 15
106 267 46
106 140 84
106 145 68
106 274 25
106 151 42
106 284 60
106 164 75
106 196 90
106 204 57
106 184 84
106 213 78
106 216 1
106 110 57
106 111 20
106 113 22
107 262 24
107 265 51
107 273 37
107 277 38
107 281 78
107 163 28
107 169 63
107 181 18
107 191 50
107 209 44
107 211 96
107 222 54
107 235 8
107 110 81
107 240 60
107 241 8
107 245 56
107 127 73
108 133 77
108 267 14
108 269 5
108 142 33
108 145 17
108 147 73
108 278 62
108 285 95
108 286 83
108 298 46
108 184 39
108 226 31
108 233 37
108 237 5
108 116 79
108 117 77
108 120 15
108 249 80
109 256 28
109 174 15
109 188 41
109 222 16
109 224 49
109 226 29
109 227 24
109 110 50
109 117 60
109 212 30
109 122 68
110 123 35
110 292 20
110 229 15
110 134 62
110 227 78
110 296 9
110 201 59
110 115 77
110 180 30
110 120 62
110 267 39
110 282 33
111 256 76
111 133 42
111 141 53
111 273 56
111 275 46
111 276 67
111 156 44
111 285 73
111 294 49
111 190 26
111 197 94
111 203 73
111 212 18
111 142 21
111 239 42
111 240 99
111 249 87
112 134 80
112 140 60
112 271 85
112 161 54
112 162 81
112 185 9
112 186 98
112 248 88
112 210 61
112 215 73
112 216 30
112 238 95
112 240 90
112 120 31
113 136 45
113 148 9
113 149 20
113 284 94
113 163 56
113 192 50
113 201 84
113 212 43
113 230 95
113 168 60
113 243 11
113 118 32
113 250 9
113 251 13
113 124 5
114 259 40
114 265 40
114 152 68
114 157 50
114 175 97
114 213 6
114 217 34
114 237 92
114 115 1
114 119 48
114 124 59
114 126 79
115 129 85
115 261 48
115 277 30
115 153 82
115 289 13
115 179 31
115 183 67
115 188 5
115 199 84
115 222 7
115 225 75
115 226 63
116 261 22
116 142 63
116 271 87
116 147 100
116 156 34
116 291 75
116 293 85
116 189 100
116 228 27
116 232 51
116 120 61
116 124 51
116 126 24
117 128 52
117 256 84
117 135 40
117 296 94
117 156 30
117 298 0
117 178 17
117 195 60
117 199 1
117 221 11
117 243 36
117 245 59
117 254 38
118 256 80
118 171 61
118 261 22
118 266 7
118 140 74
118 151 54
118 284 99
118 290 35
118 170 23
118 180 19
118 193 6
118 199 76
118 203 97
118 204 66
118 208 32
118 213 37
118 230 86
118 233 14
118 236 11
118 239 57
118 242 74
118 119 60
118 250 64
118 183 16
119 128 8
119 132 80
119 266 84
119 271 64
119 145 44
119 280 68
119 154 94
119 291 76
119 164 21
119 165 61
119 177 90
119 196 4
119 200 52
119 205 52
119 210 52
119 221 28
119 232 79
119 247 26
119 120 54
119 125 63
119 126 50
120 130 16
120 264 58
120 138 9
120 274 36
120 275 92
120 136 17
120 188 33
120 204 23
120 209 33
120 216 25
120 229 90
120 243 87
120 245 78
120 247 14
120 248 10
120 125 6
121 129 97
121 290 72
121 259 32
121 228 30
121 261 68
121 187 65
121 234 15
121 174 20
121 269 69
121 242 5
121 276 62
121 286 44
121 255 47
122 133 56
122 139 44
122 269 15
122 273 96
122 146 59
122 154 69
122 282 15
122 283 76
122 157 23
122 169 90
122 190 8
122 196 20
122 201 79
122 210 84
122 220 47
122 123 91
122 297 95
122 251 44
122 253 3
123 197 53
123 258 33
123 240 65
123 131 7
123 154 95
123 223 17
124 129 56
124 258 3
124 130 35
124 158 70
124 290 24
124 291 74
124 169 36
124 199 74
124 204 99
124 226 98
124 227 92
124 229 85
124 254 10
125 261 15
125 137 92
125 268 88
125 272 64
125 278 43
125 280 52
125 159 62
125 161 82
125 162 91
125 291 40
125 187 6
125 201 1
125 203 25
125 235 19
125 242 37
125 191 90
126 133 23
126 265 34
126 266 90
126 139 67
126 146 88
126 277 54
126 281 84
126 284 4
126 176 49
126 156 82
126 170 19
126 181 38
126 138 55
126 198 52
126 202 99
126 210 30
126 213 71
126 219 57
126 226 40
126 252 63
127 290 93
127 259 8
127 199 50
127 168 90
127 268 26
127 162 94
127 223 50
127 178 43
127 299 25
127 255 13
128 257 11
128 260 60
128 273 30
128 274 91
128 148 59
128 277 1
128 159 30
128 290 94
128 166 34
128 173 99
128 174 66
128 195 56
128 210 57
128 211 17
128 221 58
128 229 53
128 233 71
128 249 98
128 252 85
129 260 88
129 135 83
129 264 43
129 267 39
129 140 45
129 148 23
129 283 75
129 157 36
129 291 22
129 164 80
129 189 77
129 268 10
130 133 50
130 266 77
130 148 70
130 281 75
130 284 66
130 285 91
130 159 30
130 164 48
130 296 3
130 171 52
130 175 76
130 178 13
130 181 77
130 186 100
130 204 81
130 211 45
130 213 99
130 144 13
130 245 72
131 141 89
131 271 50
131 144 91
131 149 37
131 279 2
131 155 20
131 156 40
131 157 2
131 287 96
131 173 76
131 177 93
131 182 25
131 204 16
131 212 69
132 262 39
132 264 36
132 142 76
132 180 18
132 182 94
132 189 96
132 199 6
132 213 15
132 215 60
132 223 62
132 224 100
132 225 15
132 236 38
132 242 65
133 263 16
133 138 40
133 268 89
133 148 88
133 153 0
133 176 33
133 192 79
133 197 57
133 218 5
133 219 67
133 227 96
133 232 55
133 236 96
133 242 78
134 259 90
134 266 67
134 141 73
134 143 59
134 146 59
134 280 3
134 289 50
134 290 15
134 169 96
134 172 82
134 189 4
134 198 54
134 199 25
134 227 98
134 236 97
135 261 2
135 136 78
135 267 55
135 145 14
135 275 58
135 148 30
135 149 19
135 150 5
135 153 25
135 161 25
135 171 70
135 157 35
135 186 60
135 193 62
135 201 44
135 204 59
135 209 37
135 217 30
135 227 9
135 166 7
136 263 95
136 265 79
136 199 63
136 141 70
136 146 63
136 179 67
136 158 49
137 259 7
137 141 6
137 271 8
137 272 47
137 274 81
137 148 59
137 161 13
137 283 72
137 298 74
137 191 5
137 160 56
137 208 50
137 210 95
137 227 69
137 238 94
138 258 96
138 271 3
138 165 80
138 167 92
138 177 57
138 178 91
138 183 83
138 185 60
138 193 1
138 195 11
138 224 12
138 233 23
138 241 64
138 244 54
138 254 50
138 252 35
139 278 62
139 269 7
139 275 25
139 151 56
139 154 57
139 155 35
139 284 77
139 160 62
139 294 63
139 297 22
139 178 68
139 190 40
139 210 75
139 213 39
139 227 2
139 229 11
139 248 92
140 266 32
140 269 12
140 147 53
140 153 16
140 162 93
140 295 76
140 180 65
140 182 18
140 185 75
140 193 32
140 213 99
140 216 95
140 275 91
141 263 50
141 269 27
141 142 93
141 147 68
141 148 29
141 239 89
141 288 64
141 291 94
141 166 90
141 295 5
141 169 30
141 174 76
141 200 17
141 189 23
141 196 87
141 213 92
141 214 68
141 216 89
141 219 60
141 243 49
141 246 3
142 266 49
142 146 85
142 260 91
142 293 59
142 181 63
142 244 9
142 193 18
142 202 42
142 204 45
142 222 32
142 223 10
142 227 89
142 229 9
142 232 41
143 160 76
143 164 78
143 296 25
143 274 18
143 235 39
143 205 19
143 272 99
143 242 0
143 180 19
143 184 12
143 219 34
144 262 30
144 266 34
144 150 19
144 153 53
144 154 28
144 157 31
144 161 13
144 294 13
144 297 89
144 176 42
144 219 32
144 249 79
144 254 19
145 259 86
145 266 10
145 147 32
145 281 38
145 157 11
145 290 89
145 291 95
145 171 96
145 174 10
145 182 48
145 183 40
145 200 18
145 227 9
145 218 37
145 223 47
145 272 76
145 228 24
145 241 93
145 242 81
145 247 94
145 252 11
146 259 30
146 261 21
146 273 35
146 151 10
146 156 3
146 165 24
146 173 21
146 174 32
146 181 67
146 189 33
146 197 50
146 200 84
146 248 63
147 261 57
147 262 77
147 279 78
147 289 44
147 291 65
147 175 100
147 178 49
147 192 0
147 208 68
147 215 13
147 228 59
147 239 16
147 255 5
148 256 92
148 268 95
148 273 46
148 280 28
148 154 96
148 283 30
148 170 21
148 173 73
148 201 26
148 205 85
148 212 87
148 251 36
148 253 14
149 275 79
149 150 70
149 157 58
149 294 4
149 295 16
149 296 16
149 175 68
149 193 60
149 209 73
149 212 29
149 214 44
149 219 48
149 224 74
149 244 72
149 276 54
150 275 90
150 159 89
150 161 17
150 292 4
150 295 70
150 172 24
150 174 44
150 181 66
150 204 30
150 213 1
150 247 6
151 297 70
151 175 61
151 191 73
151 197 76
151 205 28
151 207 48
151 232 83
151 239 29
151 242 94
151 254 80
152 256 78
152 194 46
152 229 22
152 263 32
152 203 99
152 190 28
152 244 62
152 253 87
153 263 27
153 159 8
153 160 97
153 161 6
153 200 68
153 227 37
153 232 45
153 242 51
153 250 40
153 253 48
154 258 50
154 261 1
154 287 16
154 292 79
154 180 46
154 195 0
154 199 65
154 216 80
154 253 54
155 257 92
155 160 74
155 289 11
155 162 92
155 294 50
155 171 62
155 184 56
155 188 27
155 214 83
155 271 8
155 229 78
155 232 71
155 250 68
156 258 33
156 269 7
156 283 16
156 286 49
156 292 67
156 297 83
156 170 37
156 173 33
156 184 27
156 205 22
156 211 44
156 217 18
156 221 11
156 229 14
156 230 36
156 236 96
156 242 21
157 266 28
157 269 50
157 284 100
157 285 66
157 158 26
157 174 28
157 184 75
157 200 83
157 202 29
157 208 8
157 234 25
157 241 41
157 251 14
158 261 15
158 276 78
158 287 63
158 291 2
158 167 19
158 296 90
158 182 38
158 190 98
158 196 78
158 197 62
158 221 84
158 248 17
159 264 77
159 273 31
159 274 90
159 278 58
159 279 38
159 287 87
159 292 3
159 177 20
159 178 75
159 179 32
159 180 31
159 182 28
159 185 72
159 196 9
159 201 43
159 205 79
159 221 26
159 226 40
159 233 90
159 234 52
159 236 23
159 246 14
160 262 84
160 282 9
160 286 41
160 295 0
160 170 87
160 172 5
160 195 100
160 203 26
160 226 16
160 233 95
161 259 91
161 279 32
161 167 87
161 164 13
161 173 39
161 182 91
161 184 48
161 187 25
161 198 45
161 199 12
161 202 28
161 204 31
161 214 21
161 215 23
161 227 98
161 235 86
161 240 55
162 272 84
162 295 57
162 175 95
162 178 89
162 182 94
162 201 3
162 212 46
162 214 38
162 229 52
162 231 75
162 232 35
162 242 100
162 245 98
162 249 60
163 197 1
163 275 28
163 213 26
163 265 43
163 186 83
163 253 100
164 258 90
164 279 29
164 286 48
164 188 96
164 193 88
164 197 24
164 201 39
164 206 54
164 218 17
164 220 97
164 221 89
164 242 78
164 244 27
164 247 95
165 277 78
165 293 47
165 294 58
165 185 80
165 188 49
165 206 91
165 222 64
165 226 51
165 235 98
165 237 33
165 189 78
165 253 61
165 254 55
166 258 87
166 200 13
166 207 33
166 205 55
166 296 49
166 178 6
166 283 57
166 252 67
167 257 18
167 261 28
167 180 27
167 185 37
167 196 22
167 219 95
167 220 26
167 231 36
167 239 34
167 255 47
168 194 83
168 219 39
168 234 43
168 172 19
168 239 53
168 274 84
168 213 80
168 250 86
168 187 23
168 221 79
168 222 56
169 228 48
169 262 16
169 296 32
169 265 39
169 203 59
169 268 10
169 242 51
169 247 41
169 220 54
169 298 49
170 262 40
170 272 43
170 283 3
170 285 15
170 295 86
170 189 16
170 206 11
170 245 57
171 262 68
171 282 58
171 284 93
171 296 8
171 173 32
171 182 72
171 247 26
171 248 53
172 286 21
172 291 99
172 292 100
172 299 78
172 175 4
172 180 28
172 198 20
172 211 8
172 224 74
172 225 43
172 231 89
172 232 42
172 235 7
172 236 36
172 244 6
173 260 72
173 280 93
173 175 1
173 285 21
173 290 12
173 299 78
173 178 57
173 180 20
173 183 56
173 188 97
173 190 15
173 200 68
173 208 31
173 211 56
173 219 10
173 243 86
173 246 59
174 258 1
174 285 72
174 298 88
174 176 7
174 182 71
174 184 19
174 198 89
174 208 35
174 211 26
174 230 64
174 233 33
174 244 85
174 250 99
174 251 44
175 188 80
175 213 75
175 229 81
175 230 0
175 242 51
175 235 96
175 244 76
175 253 90
176 276 0
176 278 34
176 285 83
176 295 14
176 178 97
176 188 97
176 193 71
176 210 53
176 218 80
176 219 39
176 224 37
176 233 73
176 235 48
176 240 28
176 243 89
176 251 12
177 267 42
177 203 92
177 246 93
178 263 73
178 271 40
178 280 83
178 282 17
178 283 83
178 184 2
178 192 61
178 206 14
178 209 76
178 222 62
178 240 96
178 247 83
179 263 100
179 193 80
179 278 100
179 204 15
179 207 1
179 199 14
180 258 23
180 289 76
180 182 76
180 190 35
180 194 95
180 268 41
180 204 66
180 235 57
180 238 86
180 245 78
180 246 45
180 255 29
181 262 91
181 258 19
181 276 18
181 281 50
181 185 20
181 210 16
181 211 89
181 221 2
181 228 99
181 229 16
181 237 10
181 238 69
181 245 96
182 299 46
182 297 13
182 198 81
182 290 64
182 208 68
182 222 18
182 223 0
182 231 80
182 237 15
182 241 44
182 242 53
182 245 13
183 271 58
183 276 11
183 277 93
183 278 93
183 285 14
183 291 1
183 194 87
183 195 1
183 197 17
183 198 91
183 210 64
183 221 47
183 231 87
184 265 16
184 259 66
184 282 77
184 291 57
184 294 12
184 189 23
184 200 30
184 206 56
184 211 96
184 220 96
184 221 86
184 227 68
184 241 27
184 250 8
184 213 27
185 261 74
185 291 76
185 192 1
185 195 18
185 198 71
185 204 67
185 217 84
185 221 72
185 222 46
185 225 58
185 238 41
185 247 51
185 251 68
186 271 11
186 288 86
186 289 65
186 187 70
186 189 16
186 203 81
186 212 26
186 227 31
186 254 9
187 267 0
187 290 51
187 201 39
187 191 50
187 200 15
187 203 96
187 206 100
187 233 69
187 296 80
187 245 56
187 252 1
187 255 13
188 295 61
188 190 76
188 200 82
188 209 73
188 222 49
188 234 85
188 249 50
189 269 81
189 278 29
189 286 6
189 293 4
189 297 54
189 198 35
189 203 38
189 212 32
189 215 91
189 217 2
189 226 2
190 257 54
190 285 58
190 295 73
190 202 61
190 222 42
190 226 61
190 244 66
190 248 68
191 224 67
191 256 56
191 210 45
191 254 68
191 246 20
191 218 66
191 222 44
191 223 92
192 282 66
192 289 38
192 211 93
192 212 99
192 213 61
192 217 30
192 221 45
192 222 7
192 230 64
192 232 10
192 235 22
192 275 26
192 251 67
193 271 88
193 205 25
193 208 43
193 241 51
194 256 99
194 246 7
194 292 47
194 265 16
194 268 93
194 267 34
194 273 25
194 244 69
194 213 95
194 254 78
194 234 27
194 222 20
195 274 6
195 282 32
195 294 58
195 295 98
195 200 11
195 220 83
195 226 42
195 240 43
195 255 77
196 260 88
196 270 63
196 294 76
196 295 48
196 296 44
196 287 0
196 197 60
196 215 15
196 242 65
196 248 41
196 251 52
197 262 45
197 293 66
197 297 43
197 202 92
197 227 50
197 217 81
197 228 37
197 233 77
197 274 18
197 249 77
197 281 20
198 299 58
198 200 73
198 213 78
198 214 64
198 228 12
198 238 60
198 240 55
198 241 16
199 297 45
199 298 7
199 200 53
199 202 76
199 211 34
199 213 92
199 245 88
200 297 88
200 230 61
200 233 41
200 242 96
200 253 11
200 254 84
201 264 88
201 282 29
201 289 100
201 293 76
201 218 84
201 225 22
201 294 54
201 253 16
201 252 53
202 261 26
202 271 20
202 296 17
202 212 51
202 254 35
203 207 83
203 213 61
203 242 20
204 263 95
204 274 57
204 276 43
204 286 12
204 298 20
204 248 30
204 244 75
204 245 75
204 250 80
205 279 69
205 273 74
205 275 48
205 288 56
205 249 100
205 216 12
205 224 82
205 227 82
205 242 65
205 245 65
205 276 37
206 288 6
206 295 53
206 297 17
206 215 86
206 224 52
206 233 80
206 245 33
206 246 34
206 253 3
207 260 87
207 293 9
207 237 49
207 251 86
207 286 7
207 214 41
207 228 65
207 283 58
208 259 50
208 264 43
208 266 9
208 267 23
208 221 12
208 227 27
208 230 63
208 231 48
208 234 10
208 240 58
208 251 53
208 252 10
209 289 14
209 228 73
209 285 63
209 240 39
209 275 19
209 252 86
210 256 39
210 263 42
210 266 30
210 268 37
210 279 94
210 280 58
210 282 70
210 295 80
210 247 51
210 246 98
211 284 84
211 293 81
211 215 2
211 218 58
211 231 74
211 232 71
211 238 55
211 253 20
212 259 80
212 275 18
212 284 70
212 298 37
212 238 39
212 250 100
212 252 66
212 253 6
213 276 50
213 285 57
213 295 40
213 225 61
213 229 84
214 257 18
214 227 70
214 243 69
214 236 2
214 289 5
214 246 45
214 280 88
215 258 34
215 273 21
215 286 90
215 291 9
215 292 39
215 269 31
215 222 2
215 226 33
215 243 83
215 247 88
215 254 55
216 262 79
216 278 97
216 217 54
216 286 64
216 240 78
216 295 64
216 298 78
216 299 55
216 221 8
216 223 92
216 229 19
216 230 24
216 237 78
216 241 4
216 250 54
216 253 46
216 255 75
217 257 17
217 241 81
217 288 26
217 239 52
217 248 62
217 287 64
218 265 34
218 279 90
218 289 20
218 227 7
218 228 55
218 238 13
218 239 68
218 242 60
218 255 9
219 260 31
219 270 30
219 280 87
219 261 5
219 297 21
219 231 27
219 247 8
219 255 85
220 258 44
220 259 25
220 273 25
220 275 56
220 283 8
220 232 1
220 242 11
221 258 97
221 230 84
221 235 11
222 270 60
222 273 95
222 277 39
222 279 43
222 227 87
222 228 42
222 249 45
222 251 7
222 252 36
223 265 71
223 290 74
223 298 9
223 251 18
223 233 91
224 276 48
224 231 68
224 255 68
225 271 63
225 276 23
225 281 100
225 290 31
225 294 39
225 229 22
225 235 46
225 240 97
226 276 66
226 280 95
226 283 49
226 285 9
226 295 1
226 237 7
226 238 67
226 244 37
226 247 2
227 256 60
227 263 53
227 264 40
227 267 14
227 262 34
227 228 74
227 236 80
227 243 62
228 271 76
228 278 2
228 287 85
228 288 69
228 292 67
228 252 40
229 277 98
229 292 2
229 241 11
230 264 54
230 267 15
230 271 78
230 241 6
230 233 1
230 236 26
230 240 48
231 256 36
231 286 99
231 290 8
231 238 8
231 247 74
232 256 50
232 258 34
232 263 23
232 268 73
232 279 30
232 283 69
232 241 34
233 262 62
233 274 97
233 275 82
233 283 92
233 285 57
233 287 47
234 272 37
234 245 44
234 279 43
235 265 55
235 273 17
235 281 53
235 288 25
235 240 12
235 245 38
235 252 5
236 259 98
236 291 33
236 241 74
236 244 84
236 246 74
236 255 24
237 263 11
237 251 87
238 260 29
238 279 87
238 282 67
238 287 93
238 241 86
239 258 7
239 260 16
239 261 15
239 288 59
239 243 14
239 251 8
240 271 38
240 273 69
240 280 40
240 290 1
240 241 86
240 255 29
241 261 43
241 268 54
241 278 69
241 295 93
241 298 99
242 256 35
242 260 89
242 296 74
243 273 91
243 250 10
243 253 40
244 270 80
244 276 14
244 284 34
244 298 60
244 251 2
245 292 73
245 294 10
246 256 65
246 261 68
246 266 98
246 251 51
247 251 42
247 253 15
248 259 69
248 296 35
248 254 92
249 263 30
249 264 1
249 278 30
249 279 40
249 250 96
250 264 16
250 267 74
250 273 44
250 297 17
251 266 8
251 267 8
251 282 7
251 270 21
251 254 87
252 261 72
252 265 22
252 283 10
252 255 46
253 258 78
253 259 10
253 261 32
253 283 56
253 285 86
253 255 97
254 268 12
254 287 23
254 293 1
254 299 19
254 255 28
255 262 37
255 263 34
255 266 38
255 267 78
255 271 37
255 284 90
255 294 22
255 296 72
256 257 37
256 262 0
256 273 89
256 277 7
256 285 61
256 296 5
256 294 92
257 259 6
257 267 44
257 264 27
258 290 31
258 266 26
258 292 97
259 291 92
260 271 31
260 269 37
260 279 96
260 281 7
260 282 33
261 266 32
261 276 83
261 279 50
261 285 53
261 295 96
261 287 4
262 290 52
262 291 46
263 275 17
264 271 39
264 292 94
265 276 56
266 271 36
266 287 33
267 283 4
267 287 97
267 288 48
267 295 52
268 286 54
269 270 48
270 293 11
270 277 41
270 287 71
271 278 88
272 298 72
273 298 56
274 277 23
275 282 35
275 286 45
276 282 97
277 287 31
278 289 43
278 296 16
280 292 20
281 290 24
281 293 65
281 297 23
282 288 48
282 289 22
282 298 37
283 287 100
283 294 19
284 289 81
284 293 38
286 290 48
286 297 83
287 291 21
287 293 7
287 294 34
287 295 62
287 296 71
288 290 29
292 299 38
293 299 28
295 297 56
296 299 78
