300 4000
0 256 96
0 131 67
0 6 99
0 266 15
0 11 7
0 142 100
0 28 2
0 288 55
0 289 68
0 297 7
0 42 48
0 49 47
0 53 9
0 55 18
0 58 49
0 194 33
0 267 43
0 73 15
0 205 87
0 93 13
0 95 32
0 224 79
0 103 42
0 105 49
0 236 62
0 114 11
0 121 41
0 251 63
0 254 25
1 288 12
1 164 43
1 231 76
1 200 24
1 172 60
1 203 57
1 204 70
1 270 25
1 15 19
1 168 57
1 210 87
1 115 2
1 118 66
1 24 84
1 111 9
1 167 5
1 188 67
1 253 78
1 95 4
2 138 42
2 275 17
2 276 7
2 278 26
2 25 58
2 160 54
2 34 38
2 164 57
2 37 65
2 40 74
2 43 30
2 186 41
2 62 45
2 193 66
2 81 31
2 82 35
2 36 89
2 226 53
2 106 25
2 112 57
2 121 29
2 250 91
2 123 85
3 264 100
3 139 89
3 276 55
3 25 35
3 154 46
3 155 38
3 284 27
3 288 95
3 289 79
3 162 2
3 183 59
3 184 75
3 59 5
3 189 41
3 193 72
3 11 7
3 212 11
3 220 79
3 226 97
3 112 26
3 244 45
3 250 32
3 251 31
4 257 88
4 263 32
4 11 14
4 147 75
4 276 65
4 21 82
4 154 66
4 289 69
4 166 54
4 42 26
4 72 52
4 183 32
4 56 67
4 188 2
4 193 74
4 199 60
4 200 31
4 202 37
4 203 76
4 87 3
4 93 49
4 96 51
4 97 88
4 294 87
4 105 61
4 247 53
5 12 51
5 13 14
5 14 24
5 174 28
5 150 72
5 27 73
5 159 78
5 32 12
5 292 82
5 40 58
5 71 82
5 46 80
5 177 90
5 50 40
5 179 25
5 56 11
5 188 23
5 62 65
5 193 93
5 195 97
5 199 41
5 75 11
5 77 25
5 86 23
5 90 5
5 95 28
5 250 1
5 253 25
6 128 68
6 131 17
6 12 73
6 142 74
6 146 84
6 151 73
6 156 94
6 284 19
6 287 38
6 36 85
6 169 48
6 299 22
6 172 98
6 174 84
6 177 3
6 183 55
6 186 8
6 188 79
6 201 41
6 208 66
6 82 39
6 212 7
6 85 65
6 221 87
6 110 16
6 114 1
6 250 93
7 129 80
7 259 63
7 133 100
7 8 53
7 265 37
7 10 100
7 273 85
7 18 100
7 19 75
7 278 63
7 281 64
7 150 20
7 33 0
7 291 38
7 166 37
7 41 67
7 48 35
7 177 92
7 52 22
7 138 37
7 266 48
7 61 44
7 193 74
7 78 1
7 90 99
7 221 7
7 99 91
7 228 52
7 234 6
7 119 87
8 262 45
8 265 26
8 138 53
8 141 40
8 276 43
8 174 33
8 283 80
8 156 64
8 159 64
8 161 11
8 27 89
8 40 23
8 169 63
8 46 15
8 155 57
8 52 75
8 61 67
8 191 39
8 201 26
8 80 79
8 35 100
8 213 86
8 90 14
8 101 79
8 103 9
8 104 58
8 106 68
8 107 98
8 113 67
8 117 88
9 266 1
9 139 82
9 12 77
9 146 2
9 281 92
9 34 80
9 163 39
9 296 54
9 297 5
9 197 12
9 210 2
9 81 50
9 82 32
9 84 88
9 213 31
9 217 48
9 222 100
9 225 37
9 229 91
9 103 70
9 105 77
9 109 37
9 233 51
9 125 70
9 126 94
10 256 16
10 261 98
10 262 49
10 266 79
10 17 76
10 18 80
10 20 31
10 150 3
10 25 61
10 285 43
10 289 22
10 38 84
10 39 95
10 40 74
10 169 22
10 170 100
10 179 72
10 184 52
10 59 60
10 61 43
10 67 43
10 196 46
10 71 68
10 203 53
10 212 11
10 90 4
10 99 60
10 228 64
10 103 63
10 233 24
10 120 44
10 123 2
11 129 1
11 262 64
11 136 74
11 142 3
11 143 81
11 145 76
11 149 13
11 31 32
11 165 20
11 39 68
11 42 95
11 183 89
11 287 1
11 188 67
11 197 41
11 206 29
11 86 20
11 59 84
11 230 79
11 104 49
11 245 51
11 118 2
12 32 85
12 193 18
12 290 75
12 294 57
12 220 13
12 33 56
12 201 19
12 74 89
12 295 57
12 140 2
12 130 12
12 273 81
12 297 72
12 84 44
12 186 81
12 188 67
12 42 89
12 199 72
13 259 60
13 132 30
13 269 84
13 146 39
13 23 29
13 156 68
13 90 74
13 289 87
13 164 38
13 168 39
13 41 10
13 157 36
13 181 65
13 55 23
13 56 97
13 185 36
13 189 46
13 194 46
13 70 34
13 200 48
13 202 59
13 210 29
13 211 73
13 213 20
13 88 10
13 218 89
13 226 31
13 101 18
13 240 65
13 248 23
14 270 87
14 274 37
14 149 40
14 31 41
14 293 58
14 174 28
14 47 80
14 50 51
14 64 50
14 67 3
14 73 22
14 208 20
14 211 29
14 90 65
14 91 65
14 94 78
14 228 76
14 234 13
14 109 91
14 244 24
14 119 53
14 120 67
15 129 37
15 235 26
15 132 85
15 266 61
15 271 1
15 19 51
15 26 88
15 285 29
15 33 91
15 37 64
15 42 86
15 182 78
15 185 9
15 189 40
15 69 75
15 205 16
15 82 58
15 293 93
15 224 41
15 100 40
15 107 29
15 236 41
15 245 11
16 33 60
16 99 51
16 105 41
16 236 86
16 268 18
16 205 10
16 143 11
16 49 79
16 50 73
16 148 95
16 245 20
16 214 46
16 251 42
16 216 50
16 84 10
16 155 98
16 73 28
16 126 35
17 256 81
17 259 27
17 137 47
17 267 83
17 142 41
17 21 17
17 281 16
17 28 76
17 158 16
17 296 12
17 30 51
17 184 38
17 57 22
17 197 41
17 70 26
17 77 62
17 206 86
17 80 15
17 210 99
17 213 44
17 222 66
17 95 41
17 229 53
17 103 50
17 247 52
17 251 23
18 299 90
18 196 80
18 261 75
18 136 1
18 23 68
18 141 9
18 142 58
18 273 5
18 20 62
18 151 28
18 153 59
18 283 28
18 288 25
18 37 81
18 294 70
18 295 10
18 263 83
18 56 97
18 185 2
18 60 98
18 65 72
18 68 26
18 207 30
18 184 14
18 220 34
18 94 80
18 227 55
18 235 27
18 109 97
18 239 14
18 127 7
19 258 100
19 265 24
19 140 84
19 277 33
19 284 30
19 29 71
19 36 17
19 167 74
19 42 73
19 172 63
19 52 20
19 54 29
19 60 66
19 190 16
19 73 7
19 81 75
19 89 89
19 233 94
19 62 3
19 246 74
20 257 88
20 270 57
20 153 89
20 159 56
20 288 93
20 34 30
20 37 53
20 295 51
20 168 42
20 178 59
20 57 33
20 224 16
20 77 70
20 80 6
20 82 76
20 214 39
20 94 56
20 96 56
20 101 8
20 230 83
20 110 50
21 129 83
21 258 67
21 179 35
21 262 61
21 138 81
21 140 65
21 276 4
21 289 41
21 291 93
21 38 55
21 167 41
21 297 30
21 48 10
21 51 22
21 181 9
21 184 44
21 185 67
21 190 32
21 193 10
21 197 74
21 77 9
21 209 56
21 163 8
21 84 42
21 215 63
21 225 44
21 231 62
21 251 35
21 126 95
21 127 8
22 139 4
22 28 34
22 285 86
22 159 39
22 40 70
22 42 64
22 179 76
22 56 3
22 59 6
22 192 80
22 195 32
22 77 72
22 207 71
22 82 87
22 83 94
22 217 66
22 92 8
22 93 65
22 223 96
22 234 29
22 235 17
22 210 54
22 241 19
22 115 89
22 117 78
22 246 79
22 254 100
23 131 28
23 132 15
23 142 7
23 284 98
23 31 83
23 165 4
23 297 28
23 298 31
23 159 14
23 49 63
23 52 23
23 180 72
23 59 27
23 199 11
23 204 17
23 76 2
23 207 8
23 222 82
23 107 20
23 240 91
23 116 32
24 288 30
24 289 86
24 258 25
24 284 0
24 139 89
24 175 41
24 60 46
24 56 71
24 146 4
24 276 43
24 279 15
24 88 69
24 185 41
24 187 39
24 92 73
24 215 44
25 130 44
25 132 51
25 272 1
25 275 45
25 28 82
25 30 92
25 289 56
25 162 70
25 291 29
25 296 81
25 299 5
25 175 74
25 59 89
25 69 30
25 33 83
25 200 57
25 88 69
25 92 71
25 95 6
25 226 61
25 228 40
25 101 11
25 233 83
25 245 47
25 122 58
25 254 18
26 48 13
26 162 66
26 68 80
26 262 5
26 70 21
26 168 3
26 108 62
26 77 29
26 46 78
26 112 14
26 274 69
26 150 23
26 185 57
26 250 52
26 29 15
26 156 10
26 221 4
26 286 55
26 159 92
27 129 16
27 257 46
27 266 39
27 143 69
27 145 71
27 147 44
27 28 4
27 159 75
27 291 37
27 40 49
27 169 69
27 298 32
27 177 81
27 180 5
27 54 39
27 35 75
27 212 77
27 85 12
27 215 51
27 92 1
27 124 39
28 261 82
28 134 13
28 264 1
28 268 84
28 272 54
28 146 55
28 158 86
28 161 8
28 169 18
28 170 33
28 46 18
28 52 66
28 185 65
28 61 82
28 190 57
28 69 99
28 72 14
28 205 50
28 208 22
28 81 100
28 211 40
28 87 19
28 221 23
28 95 79
28 236 24
28 122 81
29 192 90
29 208 70
29 226 70
29 293 67
29 263 91
29 40 70
29 48 16
29 49 7
29 50 42
29 181 31
29 54 3
29 151 92
29 120 95
29 154 19
29 59 50
29 126 55
29 127 3
30 262 52
30 270 89
30 275 14
30 89 86
30 286 45
30 31 34
30 160 57
30 33 34
30 37 10
30 166 96
30 172 25
30 177 65
30 178 40
30 55 88
30 192 20
30 204 58
30 81 95
30 88 3
30 217 67
30 222 12
30 96 23
30 226 67
30 103 49
30 237 54
30 245 51
30 124 38
30 253 83
30 255 22
31 128 47
31 259 60
31 261 35
31 273 42
31 162 16
31 291 66
31 36 92
31 297 36
31 298 43
31 299 41
31 67 72
31 220 52
31 97 99
31 107 17
31 108 24
31 242 9
31 243 36
31 118 42
31 119 43
31 248 92
31 254 9
31 127 40
32 130 55
32 147 72
32 157 81
32 287 24
32 166 95
32 171 93
32 175 87
32 53 33
32 60 67
32 193 38
32 205 16
32 81 95
32 211 35
32 85 41
32 98 11
32 232 6
32 105 76
32 248 22
32 124 50
32 213 82
33 129 100
33 299 96
33 260 12
33 136 64
33 272 56
33 259 70
33 281 82
33 155 82
33 159 84
33 288 26
33 163 77
33 164 55
33 294 36
33 39 3
33 296 82
33 171 67
33 172 9
33 200 64
33 76 89
33 208 56
33 83 5
33 88 89
33 89 98
33 219 44
33 92 98
33 221 22
33 226 79
33 147 94
33 117 72
33 254 95
34 256 6
34 131 56
34 264 61
34 143 69
34 145 59
34 274 62
34 151 31
34 281 35
34 284 23
34 164 52
34 171 72
34 46 45
34 50 52
34 182 24
34 36 15
34 191 54
34 203 67
34 78 15
34 85 13
34 217 31
34 90 80
34 225 52
34 107 9
34 116 52
34 124 80
35 288 79
35 163 21
35 133 69
35 294 75
35 135 99
35 104 43
35 204 82
35 138 76
35 267 27
35 268 17
35 77 61
35 154 53
35 241 97
35 67 49
35 57 42
35 90 67
35 170 66
35 159 59
36 192 16
36 129 18
36 66 64
36 123 56
36 38 23
36 39 17
36 73 82
36 43 3
36 209 52
36 84 83
36 149 77
36 218 43
36 91 81
36 125 78
36 94 73
36 223 48
37 134 22
37 136 4
37 272 81
37 148 23
37 293 54
37 39 22
37 169 2
37 170 58
37 299 57
37 172 98
37 175 86
37 158 73
37 54 17
37 183 29
37 184 8
37 188 93
37 61 68
37 71 27
37 81 8
37 82 63
37 218 56
37 114 31
37 244 76
37 253 42
38 258 60
38 259 89
38 134 11
38 269 33
38 271 83
38 144 30
38 145 77
38 116 41
38 177 36
38 180 51
38 57 67
38 59 8
38 60 2
38 190 59
38 66 64
38 78 100
38 141 36
38 82 97
38 84 78
38 213 72
38 215 45
38 220 95
38 227 74
38 234 98
38 235 78
38 244 41
38 117 42
39 134 55
39 280 90
39 283 12
39 286 81
39 155 68
39 113 93
39 297 41
39 48 10
39 55 23
39 60 24
39 198 19
39 200 43
39 203 0
39 204 6
39 216 98
39 164 27
39 221 62
39 224 81
39 105 37
39 110 55
39 239 37
39 112 62
39 241 83
39 242 92
40 256 94
40 257 2
40 269 11
40 173 15
40 175 81
40 56 4
40 73 67
40 202 31
40 204 3
40 97 33
40 107 33
40 236 25
40 113 66
40 243 40
40 117 82
40 252 95
41 128 38
41 256 11
41 140 32
41 271 85
41 299 11
41 47 67
41 54 24
41 55 12
41 56 28
41 60 63
41 192 85
41 202 90
41 249 49
41 224 40
41 98 27
41 104 66
41 110 66
41 121 8
41 123 1
41 252 98
42 129 89
42 131 47
42 150 98
42 135 21
42 270 90
42 281 27
42 156 97
42 290 12
42 295 17
42 171 49
42 180 66
42 184 21
42 193 54
42 73 47
42 208 41
42 213 92
42 105 9
42 237 8
42 110 34
42 246 54
42 120 22
42 249 44
42 126 68
43 225 87
43 278 81
43 260 61
43 171 39
43 109 34
43 141 39
43 174 35
43 93 78
43 50 25
43 253 35
43 206 42
43 214 81
43 62 81
43 216 53
43 57 62
43 252 50
43 221 26
43 94 58
44 262 65
44 136 56
44 137 82
44 143 70
44 147 49
44 293 11
44 170 82
44 50 21
44 54 91
44 57 94
44 59 82
44 198 65
44 71 60
44 200 48
44 209 84
44 84 43
44 99 7
44 234 52
44 115 23
44 118 39
44 122 44
44 126 72
44 127 91
45 257 28
45 258 62
45 261 31
45 139 96
45 141 87
45 109 72
45 279 63
45 152 61
45 285 54
45 49 66
45 53 81
45 186 49
45 59 40
45 193 41
45 66 9
45 198 21
45 79 73
45 208 73
45 233 100
45 237 72
45 238 84
45 125 86
45 243 13
45 246 38
45 122 53
45 253 49
46 262 4
46 136 3
46 151 99
46 282 20
46 155 96
46 285 17
46 159 58
46 292 69
46 294 33
46 295 84
46 171 87
46 55 99
46 195 90
46 202 61
46 203 33
46 204 81
46 85 65
46 223 65
46 229 1
46 274 7
46 246 86
46 127 98
47 259 5
47 263 52
47 267 5
47 270 38
47 273 81
47 146 46
47 276 78
47 170 79
47 178 37
47 194 73
47 68 80
47 214 86
47 87 20
47 222 57
47 95 27
47 96 37
47 98 53
47 228 25
47 101 55
47 231 88
47 234 0
47 108 65
47 109 77
47 242 98
47 255 47
47 253 23
47 126 45
47 85 50
48 258 96
48 259 75
48 270 96
48 271 64
48 155 38
48 299 15
48 178 100
48 51 10
48 185 8
48 58 64
48 187 100
48 82 93
48 83 34
48 213 69
48 217 60
48 219 30
48 125 23
48 243 76
48 117 1
48 246 84
48 249 1
48 253 2
49 129 95
49 257 24
49 137 99
49 138 11
49 141 40
49 151 73
49 196 3
49 161 78
49 163 100
49 174 44
49 180 40
49 181 59
49 55 12
49 185 82
49 187 44
49 68 36
49 73 32
49 213 32
49 93 88
49 223 16
49 237 40
49 127 61
49 255 29
50 263 84
50 269 89
50 280 36
50 285 31
50 158 40
50 69 96
50 164 30
50 167 17
50 172 32
50 178 97
50 53 80
50 195 41
50 196 7
50 197 68
50 204 1
50 210 44
50 86 65
50 219 1
50 101 2
50 120 41
50 249 2
51 290 81
51 131 79
51 212 72
51 86 56
51 268 6
51 78 3
51 206 97
51 272 94
51 177 93
51 67 44
51 180 96
51 54 96
51 201 13
51 216 10
51 121 3
51 155 15
51 85 99
52 258 84
52 265 91
52 140 25
52 272 50
52 216 59
52 276 41
52 288 10
52 169 63
52 170 32
52 299 65
52 183 18
52 223 9
52 61 91
52 199 7
52 74 14
52 213 54
52 284 1
52 88 16
52 95 31
52 226 68
52 100 19
52 102 68
52 245 83
52 126 66
53 132 10
53 269 6
53 281 30
53 152 20
53 153 50
53 296 88
53 177 62
53 180 68
53 201 10
53 62 31
53 197 32
53 70 52
53 200 55
53 73 46
53 206 49
53 79 10
53 213 84
53 90 93
53 221 57
53 230 14
53 103 95
53 232 86
53 105 60
53 116 80
53 125 37
54 139 37
54 194 77
54 142 61
54 273 11
54 149 41
54 278 13
54 153 85
54 174 96
54 55 39
54 66 58
54 199 35
54 201 99
54 141 91
54 210 34
54 270 9
54 86 71
54 111 83
54 244 17
54 121 13
54 127 100
55 258 38
55 150 84
55 65 37
55 138 67
55 268 52
55 109 11
55 145 64
55 278 79
55 154 3
55 288 96
55 163 27
55 171 17
55 180 23
55 181 84
55 182 8
55 60 37
55 61 14
55 62 33
55 193 24
55 70 100
55 208 30
55 210 92
55 89 47
55 219 53
55 237 67
55 238 38
55 241 0
55 119 32
56 264 99
56 267 73
56 147 22
56 132 93
56 287 58
56 160 12
56 299 75
56 184 35
56 191 51
56 204 72
56 210 50
56 86 88
56 92 95
56 100 16
56 101 2
56 102 10
56 234 11
56 110 7
56 296 23
56 297 55
56 250 21
57 171 83
57 172 39
57 282 7
57 155 46
57 157 84
57 159 94
57 160 15
57 82 24
57 173 98
57 61 63
57 63 55
57 75 91
57 210 69
57 96 84
57 99 31
57 105 82
57 237 50
57 116 67
57 233 70
57 276 75
57 123 91
57 253 86
57 126 21
58 64 42
58 67 40
58 196 95
58 70 58
58 295 11
58 129 86
58 169 22
58 267 34
58 256 28
58 273 90
58 115 89
58 182 96
58 87 33
58 254 81
59 136 0
59 269 47
59 154 32
59 287 15
59 164 95
59 180 68
59 182 50
59 151 65
59 189 24
59 63 94
59 64 30
59 70 96
59 73 98
59 75 1
59 98 73
59 112 94
59 243 15
59 127 41
60 131 83
60 272 31
60 277 41
60 201 30
60 155 0
60 178 47
60 288 78
60 196 59
60 71 28
60 73 42
60 74 24
60 211 21
60 87 53
60 92 48
60 105 52
60 239 80
60 241 28
60 119 90
60 252 97
61 130 34
61 131 15
61 135 29
61 284 88
61 180 66
61 177 55
61 187 97
61 189 73
61 66 13
61 72 94
61 75 14
61 80 96
61 222 43
61 223 1
61 227 88
61 103 86
61 107 40
61 118 38
61 120 53
62 276 72
62 278 70
62 279 54
62 152 94
62 284 67
62 64 64
62 69 90
62 202 55
62 78 14
62 86 65
62 88 9
62 95 75
62 97 67
62 231 62
62 103 80
62 250 19
63 146 6
63 282 75
63 283 9
63 68 84
63 197 65
63 198 8
63 71 77
63 201 0
63 203 75
63 81 2
63 211 5
63 214 64
63 216 43
63 93 7
63 223 71
63 96 86
63 99 91
63 108 78
63 118 64
63 119 66
63 122 36
63 252 80
64 258 75
64 109 31
64 143 96
64 284 86
64 159 0
64 289 44
64 163 96
64 295 14
64 178 65
64 185 60
64 189 66
64 66 93
64 201 88
64 74 2
64 79 6
64 232 94
64 237 87
64 240 79
64 246 51
64 252 76
64 255 94
65 257 42
65 141 90
65 143 11
65 152 20
65 293 57
65 166 36
65 168 49
65 174 54
65 175 2
65 176 98
65 184 89
65 185 3
65 189 100
65 191 50
65 194 63
65 78 93
65 209 12
65 211 54
65 216 57
65 228 90
65 102 38
65 146 16
65 244 42
65 246 83
66 264 6
66 142 30
66 277 53
66 297 71
66 181 52
66 193 10
66 68 61
66 197 66
66 73 26
66 80 38
66 83 66
66 90 49
66 219 98
66 93 91
66 238 23
66 126 54
67 258 96
67 171 93
67 132 49
67 270 32
67 143 75
67 280 55
67 283 9
67 285 97
67 289 85
67 167 82
67 299 58
67 187 32
67 73 34
67 74 9
67 206 43
67 208 87
67 82 11
67 87 65
67 218 5
67 219 80
67 93 15
67 222 64
67 108 2
67 112 74
67 242 28
67 115 84
67 247 38
67 252 81
67 125 28
67 127 87
68 144 43
68 277 36
68 156 36
68 160 51
68 291 78
68 295 41
68 299 83
68 94 28
68 80 41
68 87 85
68 216 77
68 222 80
68 96 29
68 232 22
68 167 40
68 110 92
68 244 71
68 245 13
68 254 42
69 142 45
69 283 2
69 162 49
69 166 70
69 297 49
69 173 14
69 196 47
69 197 75
69 211 72
69 85 69
69 214 90
69 219 24
69 96 8
69 100 88
69 294 62
69 236 34
69 116 33
70 131 8
70 263 49
70 271 29
70 146 23
70 113 21
70 297 7
70 198 84
70 75 18
70 219 12
70 92 63
70 221 49
70 123 4
70 241 13
70 187 78
70 251 55
70 124 57
71 128 32
71 172 98
71 142 92
71 146 16
71 277 51
71 282 16
71 161 57
71 164 82
71 200 45
71 212 58
71 87 28
71 216 7
71 93 91
71 224 33
71 226 37
71 239 33
71 244 63
71 246 21
71 127 57
72 96 97
72 161 0
72 291 11
72 198 29
72 135 44
72 171 4
72 204 27
72 77 52
72 144 53
72 148 2
72 149 93
72 150 86
72 121 67
72 124 52
73 260 71
73 133 80
73 135 21
73 136 5
73 141 45
73 144 83
73 275 61
73 283 75
73 288 99
73 290 11
73 167 98
73 299 62
73 201 58
73 74 86
73 205 38
73 78 27
73 77 29
73 208 25
73 82 10
73 217 15
73 90 35
73 220 94
73 98 41
73 99 60
73 101 49
73 188 36
73 106 50
73 117 81
73 120 15
74 130 9
74 257 5
74 157 46
74 161 81
74 167 45
74 176 95
74 192 24
74 76 86
74 211 44
74 213 24
74 214 29
74 222 15
74 235 23
74 119 63
74 120 58
74 126 92
75 264 21
75 265 14
75 267 75
75 269 32
75 270 47
75 143 2
75 146 21
75 160 69
75 298 17
75 181 64
75 194 30
75 202 44
75 204 99
75 211 30
75 214 67
75 87 80
75 221 99
75 101 20
75 105 31
75 113 99
75 246 57
75 248 42
76 129 36
76 94 75
76 270 10
76 276 67
76 153 76
76 283 68
76 284 97
76 165 36
76 166 16
76 299 26
76 173 64
76 176 55
76 181 79
76 82 36
76 222 98
76 223 68
76 97 18
76 226 94
76 227 37
76 237 76
76 112 92
76 118 58
76 123 58
76 127 60
77 282 97
77 134 74
77 267 80
77 150 56
77 152 93
77 157 5
77 158 69
77 289 57
77 163 32
77 170 81
77 221 17
77 181 7
77 185 74
77 195 38
77 211 40
77 83 1
77 89 85
77 90 18
77 220 81
77 93 9
77 98 10
77 227 45
77 228 81
77 105 5
77 235 93
77 110 30
77 243 73
77 247 93
77 249 0
77 254 79
78 257 67
78 139 56
78 276 2
78 282 40
78 288 68
78 165 42
78 169 97
78 190 5
78 117 8
78 202 38
78 213 74
78 92 75
78 93 89
78 223 62
78 225 68
78 230 72
78 111 86
78 242 58
78 245 69
78 119 0
78 248 54
78 249 64
78 127 26
79 288 96
79 256 92
79 226 29
79 262 39
79 81 50
79 104 23
79 236 96
79 171 100
79 172 2
79 173 51
79 240 73
79 209 16
79 274 32
79 248 25
79 89 60
79 154 19
79 283 12
79 287 45
80 131 48
80 260 54
80 263 35
80 282 46
80 166 5
80 296 74
80 174 4
80 181 93
80 182 33
80 193 90
80 198 48
80 201 98
80 213 0
80 223 26
80 231 50
80 104 90
80 233 65
80 110 91
81 132 72
81 261 64
81 262 62
81 139 74
81 271 68
81 147 45
81 156 76
81 296 50
81 179 22
81 288 17
81 207 88
81 210 11
81 217 8
81 91 5
81 92 36
81 105 72
81 234 83
81 247 16
81 122 26
81 253 35
81 127 38
82 131 79
82 132 78
82 148 83
82 151 95
82 281 62
82 284 60
82 160 27
82 170 91
82 179 59
82 191 49
82 194 52
82 197 28
82 208 89
82 215 74
82 88 67
82 89 7
82 98 33
82 228 32
82 104 87
82 105 42
82 106 0
82 107 47
82 239 74
82 115 94
82 116 85
82 124 90
83 134 65
83 137 29
83 138 53
83 144 87
83 145 32
83 275 12
83 148 38
83 152 41
83 153 47
83 287 45
83 295 53
83 170 96
83 171 32
83 179 27
83 180 74
83 183 58
83 191 89
83 197 3
83 214 25
83 221 29
83 222 2
83 101 94
83 233 59
83 235 84
83 116 98
83 118 41
83 124 84
83 127 38
84 142 62
84 147 81
84 150 73
84 156 53
84 295 19
84 168 4
84 171 90
84 173 8
84 265 83
84 219 21
84 94 100
84 95 19
84 226 65
84 232 97
84 240 90
84 125 78
85 294 95
85 104 28
85 275 12
85 266 73
85 176 16
85 200 7
85 117 35
85 120 53
85 281 30
85 106 3
85 202 8
86 264 34
86 266 23
86 144 98
86 282 1
86 285 73
86 288 14
86 160 76
86 198 17
86 202 42
86 207 17
86 210 1
86 219 52
86 223 41
86 102 14
86 241 78
86 120 17
87 261 12
87 138 74
87 269 46
87 142 9
87 144 54
87 145 11
87 159 97
87 290 88
87 164 31
87 173 87
87 203 55
87 206 48
87 211 8
87 213 48
87 214 93
87 219 100
87 221 46
87 273 53
87 236 41
87 238 23
87 249 93
88 263 13
88 136 43
88 148 5
88 168 56
88 173 27
88 178 17
88 192 56
88 204 85
88 206 36
88 211 3
88 213 10
88 89 63
88 93 99
88 224 16
88 106 70
88 107 66
88 108 81
88 238 92
88 243 13
88 244 43
88 245 78
88 234 68
89 130 84
89 133 73
89 140 34
89 269 70
89 143 59
89 141 32
89 150 60
89 151 12
89 289 52
89 203 23
89 213 58
89 219 31
89 92 88
89 228 43
89 235 18
89 239 96
89 275 59
89 116 61
89 248 91
89 123 65
90 131 89
90 139 60
90 141 82
90 270 35
90 278 60
90 279 98
90 157 50
90 286 61
90 172 35
90 173 34
90 174 86
90 177 23
90 188 88
90 208 87
90 163 56
90 142 66
90 92 41
90 225 36
90 98 9
90 228 61
90 101 77
90 106 17
90 240 60
90 243 86
90 117 66
90 247 17
91 194 80
91 166 41
91 198 83
91 108 1
91 204 4
91 179 33
91 117 31
91 279 67
91 248 3
91 164 36
91 156 55
91 285 83
91 261 12
92 136 30
92 140 3
92 272 37
92 280 5
92 275 33
92 159 19
92 155 89
92 293 75
92 296 64
92 182 39
92 183 22
92 185 79
92 193 42
92 209 60
92 211 8
92 212 13
92 214 20
92 216 16
92 222 5
92 103 5
92 110 0
92 127 61
92 255 4
93 140 5
93 141 64
93 275 5
93 238 17
93 152 5
93 289 14
93 290 87
93 175 92
93 188 94
93 204 8
93 207 51
93 208 66
93 210 23
93 223 2
93 226 79
93 99 25
93 110 62
93 111 47
93 243 64
93 127 96
94 138 16
94 139 72
94 269 90
94 259 13
94 290 25
94 171 42
94 173 33
94 175 81
94 184 4
94 194 23
94 206 51
94 214 14
94 216 89
94 223 31
94 231 58
94 103 29
94 108 60
95 256 57
95 261 93
95 134 74
95 264 47
95 108 44
95 270 90
95 283 60
95 263 82
95 173 72
95 192 79
95 201 19
95 216 76
95 218 42
95 226 49
95 236 39
95 244 93
95 120 15
96 134 18
96 264 21
96 145 15
96 154 55
96 283 89
96 157 80
96 177 71
96 178 31
96 184 37
96 186 49
96 191 18
96 211 91
96 104 32
96 106 28
96 109 94
96 125 1
97 257 67
97 262 45
97 141 24
97 156 80
97 288 83
97 162 21
97 172 1
97 178 83
97 188 74
97 200 32
97 202 77
97 206 86
97 211 13
97 215 89
97 102 24
97 109 43
97 115 92
97 244 26
97 252 3
98 137 95
98 140 16
98 272 40
98 149 98
98 150 70
98 154 4
98 285 21
98 165 96
98 294 98
98 180 50
98 187 5
98 207 36
98 214 30
98 227 16
98 101 12
98 103 13
98 105 91
98 235 58
98 236 77
98 117 62
98 120 98
98 253 32
98 255 12
99 256 42
99 134 62
99 172 15
99 143 7
99 144 79
99 276 28
99 278 89
99 160 46
99 165 96
99 173 80
99 221 47
99 187 47
99 192 51
99 195 38
99 206 80
99 208 92
99 223 88
99 105 85
99 110 58
99 242 24
99 247 13
99 255 69
100 160 95
100 102 75
100 135 73
100 201 88
100 273 18
100 274 5
100 142 54
100 112 95
100 113 49
100 114 31
100 173 68
100 244 30
100 156 13
100 254 96
101 128 13
101 133 10
101 279 27
101 147 66
101 149 14
101 151 75
101 160 79
101 296 37
101 170 78
101 172 60
101 181 2
101 188 46
101 189 52
101 190 53
101 220 28
101 103 75
101 105 2
101 238 1
101 114 42
101 233 67
101 125 62
102 225 56
102 194 77
102 118 54
102 166 39
102 264 59
102 298 25
102 173 99
102 112 20
102 296 7
102 146 14
102 279 29
102 196 61
102 106 66
102 254 79
102 223 59
103 128 34
103 258 22
103 260 67
103 262 92
103 267 2
103 269 77
103 142 47
103 143 69
103 156 24
103 158 84
103 138 66
103 194 93
103 196 9
103 256 89
103 209 88
103 211 50
103 118 53
104 129 38
104 131 75
104 135 79
104 142 56
104 151 99
104 164 17
104 294 81
104 295 59
104 175 20
104 181 51
104 194 43
104 203 74
104 270 1
104 223 9
104 239 28
104 241 34
104 242 60
104 118 54
104 121 60
104 253 11
105 131 83
105 136 26
105 158 46
105 165 51
105 298 78
105 173 76
105 176 5
105 183 2
105 195 38
105 210 87
105 212 16
105 214 36
105 215 57
105 224 21
105 188 26
105 108 52
105 120 42
105 123 28
106 128 25
106 260 10
106 135 2
106 136 67
106 141 94
106 142 28
106 281 94
106 158 47
106 291 6
106 296 10
106 173 59
106 178 98
106 192 93
106 203 80
106 236 94
106 237 75
106 241 90
106 243 63
106 244 20
106 124 37
106 254 7
107 133 88
107 146 17
107 149 82
107 278 23
107 279 40
107 158 74
107 289 25
107 163 11
107 287 4
107 181 44
107 186 32
107 187 43
107 217 60
107 219 6
107 220 91
107 221 33
107 228 98
107 234 31
107 112 55
107 127 63
108 259 6
108 263 74
108 264 43
108 267 94
108 270 68
108 147 86
108 282 62
108 156 4
108 167 17
108 170 87
108 183 94
108 184 16
108 188 21
108 189 75
108 221 5
108 227 16
108 247 23
108 250 17
108 123 22
109 132 7
109 143 90
109 146 10
109 187 100
109 194 46
109 196 82
109 204 64
109 206 39
109 240 13
109 117 85
109 247 81
109 120 84
110 257 43
110 130 97
110 260 15
110 275 27
110 288 63
110 291 65
110 177 80
110 205 32
110 211 71
110 230 54
110 243 44
110 247 27
111 262 74
111 135 90
111 264 27
111 280 45
111 152 33
111 153 87
111 155 91
111 289 95
111 298 77
111 175 1
111 182 84
111 185 1
111 188 73
111 189 2
111 211 55
111 223 34
111 240 68
111 119 61
111 251 11
111 125 1
112 128 9
112 256 79
112 139 38
112 145 79
112 276 29
112 279 56
112 153 30
112 156 17
112 157 3
112 286 13
112 287 84
112 164 89
112 285 87
112 180 31
112 158 5
112 213 55
112 214 53
112 236 4
112 116 80
112 119 75
112 120 66
112 123 42
113 137 93
113 153 10
113 285 56
113 299 100
113 172 43
113 176 76
113 179 39
113 185 11
113 217 84
113 224 41
113 226 28
113 227 49
113 232 65
113 114 35
113 125 39
113 126 35
114 135 28
114 268 2
114 270 97
114 272 18
114 146 74
114 153 10
114 280 30
114 281 40
114 157 16
114 162 65
114 166 84
114 170 31
114 299 72
114 174 75
114 186 74
114 191 28
114 196 66
114 206 27
114 208 14
114 242 76
114 116 22
114 123 62
114 253 75
115 260 24
115 133 2
115 140 56
115 270 39
115 143 30
115 152 20
115 281 76
115 175 55
115 196 15
115 203 78
115 209 82
115 234 11
115 235 14
115 117 76
115 120 44
116 261 13
116 268 61
116 141 42
116 142 45
116 151 9
116 157 5
116 167 75
116 298 22
116 200 42
116 207 8
116 208 20
116 210 13
116 219 20
116 220 33
116 226 72
116 227 44
116 233 51
116 238 45
116 122 57
116 251 49
116 254 24
117 150 39
117 147 24
117 154 36
117 158 52
117 261 80
117 162 25
117 171 22
117 174 60
117 193 97
117 195 64
117 197 86
117 220 66
117 223 13
117 166 51
117 232 92
117 235 72
117 120 95
117 250 54
117 252 26
118 133 96
118 135 76
118 266 40
118 145 4
118 274 99
118 285 12
118 167 30
118 182 10
118 230 4
118 241 66
118 245 89
119 131 33
119 132 52
119 264 14
119 144 75
119 273 60
119 147 86
119 148 78
119 277 41
119 280 41
119 239 15
119 293 89
119 175 66
119 176 75
119 191 44
119 204 88
119 206 10
119 228 76
119 232 31
119 122 21
120 133 13
120 262 15
120 266 36
120 269 4
120 284 30
120 166 93
120 172 81
120 179 23
120 141 3
120 209 14
120 212 6
120 170 54
120 255 11
121 260 100
121 137 29
121 138 83
121 130 95
121 272 26
121 273 5
121 296 18
121 172 3
121 173 55
121 176 32
121 179 70
121 214 32
121 218 85
121 219 68
121 229 14
121 242 18
121 250 70
122 262 11
122 266 14
122 275 51
122 152 71
122 162 15
122 181 0
122 185 68
122 187 32
122 199 39
122 204 49
122 207 3
122 220 70
122 223 24
122 123 24
122 209 70
122 234 36
122 240 90
122 241 38
122 242 87
122 246 42
122 250 20
122 191 63
123 133 1
123 272 87
123 278 41
123 279 60
123 157 0
123 261 78
123 170 8
123 193 26
123 196 98
123 207 51
123 208 45
123 212 37
123 225 20
123 237 15
124 163 3
124 261 94
124 198 69
124 206 11
124 269 89
124 177 96
124 242 92
124 276 27
124 184 97
124 196 13
124 156 98
124 159 16
125 256 19
125 140 49
125 155 4
125 167 20
125 296 81
125 178 85
125 137 28
125 200 29
125 202 21
125 207 76
125 208 14
125 292 42
125 222 27
125 231 29
125 243 61
125 245 17
126 136 4
126 266 23
126 139 7
126 143 51
126 275 11
126 152 24
126 153 27
126 282 20
126 159 48
126 290 5
126 297 61
126 181 33
126 137 25
126 199 22
127 256 55
127 134 72
127 278 17
127 152 65
127 281 95
127 161 22
127 293 52
127 183 71
127 189 2
127 191 84
127 192 45
127 234 55
127 245 23
127 249 80
127 252 52
127 253 30
128 279 9
128 256 5
128 230 70
128 201 74
128 199 42
128 274 53
128 214 4
128 137 91
128 219 31
128 151 77
128 286 1
129 256 47
129 265 57
129 140 2
129 279 38
129 162 97
129 293 38
129 295 13
129 172 42
129 195 3
129 217 28
129 235 99
129 249 74
129 255 77
130 256 93
130 180 21
130 161 36
130 172 96
130 171 99
130 143 34
130 240 97
130 179 76
130 206 99
130 280 31
130 155 55
130 281 7
131 260 28
131 139 89
131 268 24
131 271 46
131 272 90
131 154 11
131 295 82
131 170 14
131 175 45
131 185 8
131 290 49
131 209 94
131 225 80
131 144 26
131 240 4
131 249 44
131 250 81
132 135 55
132 279 56
132 285 15
132 291 12
132 164 79
132 185 18
132 199 65
132 223 81
132 231 23
132 237 99
132 240 71
132 248 17
133 224 44
133 260 9
133 138 72
133 235 12
133 207 34
133 208 24
133 279 97
133 152 46
133 190 84
133 191 70
134 263 2
134 137 44
134 277 3
134 285 18
134 287 44
134 161 92
134 290 24
134 291 15
134 167 87
134 172 52
134 187 20
134 196 44
134 289 35
134 229 93
134 234 11
134 236 80
134 247 67
135 140 39
135 260 42
135 284 47
135 158 34
135 294 64
135 168 10
135 172 85
135 181 49
135 185 5
135 196 13
135 212 10
135 215 22
135 221 91
135 227 40
135 237 1
136 290 37
136 147 9
136 181 35
136 252 54
136 155 41
136 222 95
136 213 37
137 259 15
137 275 69
137 281 99
137 282 27
137 285 25
137 288 25
137 297 43
137 183 73
137 186 27
137 214 61
137 234 95
137 244 71
137 248 19
138 265 46
138 145 8
138 152 42
138 153 46
138 282 3
138 290 39
138 164 100
138 165 91
138 298 78
138 172 72
138 182 82
138 187 84
138 193 20
138 206 13
138 213 6
138 219 89
138 246 14
138 170 92
139 260 16
139 261 1
139 143 55
139 282 37
139 158 88
139 160 98
139 164 24
139 286 56
139 190 17
139 194 74
139 199 38
139 215 17
139 275 81
139 255 99
140 277 53
140 284 88
140 157 8
140 289 8
140 168 53
140 297 43
140 174 6
140 176 6
140 161 38
140 247 19
140 205 12
140 218 14
140 224 66
140 225 6
140 248 100
141 258 76
141 261 45
141 268 51
141 142 11
141 143 44
141 275 3
141 276 37
141 283 55
141 191 0
141 201 25
141 215 50
141 221 95
141 245 85
141 249 64
141 255 45
142 148 79
142 283 52
142 156 97
142 290 56
142 165 98
142 298 50
142 183 91
142 215 20
142 192 71
142 262 36
142 198 76
142 269 32
142 213 5
142 214 77
142 222 42
142 237 28
142 242 71
143 260 43
143 193 89
143 144 54
143 147 34
143 278 64
143 155 82
143 171 41
143 177 33
143 184 81
143 212 65
143 214 41
143 234 94
143 242 18
144 151 55
144 297 55
144 182 39
144 184 79
144 247 42
144 212 29
144 221 82
144 224 46
144 230 18
144 236 12
144 252 91
145 261 77
145 146 75
145 147 43
145 277 100
145 287 2
145 166 29
145 299 100
145 177 83
145 266 10
145 193 100
145 199 20
145 209 75
145 210 74
145 226 17
145 234 26
145 239 48
146 273 55
146 278 36
146 151 34
146 153 74
146 282 50
146 218 84
146 225 13
146 234 87
146 236 64
146 240 24
147 267 21
147 274 34
147 276 47
147 152 66
147 282 12
147 184 97
147 164 86
147 170 21
147 175 64
147 199 42
147 214 12
147 209 66
147 237 44
147 247 64
147 255 38
148 256 47
148 149 70
148 155 92
148 159 44
148 171 38
148 175 11
148 186 76
148 193 33
148 198 26
148 199 29
148 206 25
148 217 30
148 231 11
148 243 16
148 248 6
149 160 1
149 263 74
149 296 18
149 190 76
149 277 1
149 214 76
149 153 96
149 184 100
149 212 57
149 271 75
149 158 40
150 226 96
150 275 30
150 154 69
150 161 61
150 168 26
150 298 83
150 192 96
150 199 36
150 205 38
150 218 94
150 222 22
150 232 7
150 236 10
150 253 59
151 261 17
151 278 25
151 152 3
151 282 57
151 159 38
151 168 5
151 298 24
151 174 46
151 178 75
151 183 98
151 199 20
151 205 10
151 237 19
152 256 18
152 281 60
152 282 69
152 155 67
152 284 82
152 157 41
152 289 33
152 170 28
152 176 27
152 180 62
152 202 27
152 208 71
152 218 51
152 233 28
152 244 77
152 190 35
152 248 50
153 286 41
153 293 38
153 166 91
153 188 79
153 194 90
153 195 67
153 202 9
153 207 86
153 221 30
154 272 39
154 274 75
154 166 1
154 174 4
154 180 62
154 184 58
154 188 16
154 201 88
154 214 37
154 225 87
154 227 45
154 228 43
154 229 97
154 234 43
154 240 68
154 242 35
155 179 3
155 156 14
155 177 96
155 187 14
155 188 29
155 189 32
156 263 61
156 271 80
156 277 60
156 158 62
156 165 66
156 175 91
156 264 19
156 190 66
156 224 5
157 262 99
157 298 91
157 174 73
157 175 36
157 202 68
157 198 97
157 204 89
157 219 47
157 221 75
157 228 36
157 240 88
157 244 12
157 251 86
158 271 100
158 278 3
158 281 17
158 285 10
158 289 85
158 162 76
158 296 66
158 175 46
158 176 98
158 184 54
158 192 44
158 198 69
158 202 96
158 205 3
158 213 3
158 216 89
158 220 21
158 221 1
158 222 8
158 223 61
158 224 42
158 229 93
158 230 70
158 236 69
158 247 43
158 250 57
158 290 16
159 256 71
159 278 47
159 263 10
159 268 33
159 271 51
159 274 96
159 279 53
159 191 58
159 192 65
159 194 3
159 202 69
159 204 41
159 214 74
159 216 92
159 238 36
159 239 34
159 248 11
160 281 81
160 283 100
160 285 28
160 287 58
160 210 22
160 185 58
160 222 4
160 224 3
160 255 56
161 257 21
161 163 29
161 294 85
161 246 35
161 237 6
161 244 71
161 216 79
161 232 10
161 222 52
162 264 29
162 273 93
162 279 64
162 163 29
162 167 8
162 188 0
162 211 81
162 221 60
162 231 59
162 233 76
162 244 55
163 271 45
163 282 100
163 283 51
163 170 96
163 174 28
163 176 36
163 183 39
163 223 3
163 237 54
163 240 38
163 249 35
164 276 71
164 166 61
164 194 67
164 197 39
164 201 31
164 206 68
164 212 85
164 236 13
164 238 95
164 245 43
165 256 94
165 262 36
165 278 4
165 281 66
165 282 43
165 285 99
165 166 84
165 298 60
165 299 0
165 174 82
165 184 82
165 216 67
165 220 61
165 229 36
165 240 64
165 253 33
165 254 39
166 261 54
166 269 34
166 271 44
166 279 14
166 283 33
166 293 52
166 198 65
166 248 54
166 222 16
166 208 50
166 230 76
166 236 94
166 250 54
167 196 59
167 262 64
167 265 62
167 281 4
167 253 67
167 187 91
167 192 0
167 194 13
167 207 62
167 227 86
167 239 18
167 277 44
168 265 64
168 285 59
168 263 9
168 180 61
168 189 66
168 194 83
168 205 59
168 210 40
168 230 36
168 239 93
168 244 80
168 249 85
169 258 4
169 198 74
169 234 60
169 236 80
169 209 85
169 182 34
169 249 3
169 217 2
170 274 29
170 197 6
170 218 54
170 221 91
170 241 96
171 267 46
171 195 66
171 282 19
171 285 16
171 289 90
171 296 49
171 173 88
171 178 63
171 201 61
171 210 63
171 221 21
171 275 21
172 267 85
172 269 67
172 280 32
172 184 55
172 195 62
172 203 73
172 218 57
172 220 59
172 242 43
172 249 68
173 262 54
173 265 30
173 280 58
173 292 55
173 192 59
173 197 92
173 206 23
173 209 75
173 213 100
173 231 64
173 233 28
173 245 94
174 257 89
174 259 53
174 272 68
174 281 34
174 178 0
174 179 33
174 192 20
174 195 86
174 197 31
174 211 37
174 218 9
174 242 18
174 250 11
175 262 34
175 193 85
175 266 89
175 290 48
175 298 89
175 221 46
175 177 76
175 199 99
175 235 81
175 239 70
175 249 87
176 182 57
176 188 11
176 197 26
176 212 10
176 219 8
176 231 59
176 243 71
176 245 64
176 251 14
176 255 42
177 258 0
177 276 39
177 221 76
177 229 77
177 235 55
177 242 16
177 255 13
178 264 20
178 267 76
178 268 9
178 297 84
178 180 55
178 183 52
178 186 41
178 191 55
178 225 79
178 250 15
178 252 62
179 226 81
179 293 18
179 296 23
179 263 73
179 205 97
179 237 82
179 247 74
180 269 97
180 272 29
180 182 39
180 204 91
180 220 35
180 237 69
180 239 4
180 253 29
181 268 5
181 271 59
181 283 13
181 284 2
181 288 85
181 293 40
181 212 76
181 217 68
181 254 25
182 278 27
182 281 37
182 283 71
182 286 32
182 219 50
182 208 45
182 232 100
182 244 14
182 249 16
182 251 3
182 255 16
183 266 56
183 272 62
183 273 53
183 298 13
183 193 42
183 195 50
183 200 17
183 203 72
183 216 47
183 244 20
184 256 37
184 262 42
184 263 83
184 277 11
184 290 58
184 188 80
184 197 57
184 204 36
184 212 93
184 231 70
184 235 44
184 236 73
184 239 81
184 245 32
184 248 17
185 273 58
185 285 47
185 291 33
185 292 50
185 189 21
185 199 27
185 203 12
185 252 30
185 253 4
186 224 68
186 242 82
186 247 94
186 205 88
186 290 70
186 250 44
186 218 11
186 252 52
186 282 37
186 299 44
187 257 2
187 271 29
187 278 79
187 279 90
187 289 16
187 283 84
187 200 60
187 207 82
187 210 85
187 215 28
187 225 57
187 231 35
187 252 51
188 258 64
188 277 25
188 279 2
188 282 26
188 261 34
188 198 84
188 214 63
188 215 25
188 219 46
188 236 29
188 268 9
189 260 5
189 268 50
189 272 19
189 259 8
189 282 51
189 295 8
189 205 87
189 206 49
189 211 50
189 216 47
189 225 41
189 231 41
189 233 25
189 243 70
190 266 78
190 272 5
190 282 40
190 288 88
190 194 29
190 195 64
190 210 26
190 206 20
190 230 47
190 235 46
190 244 12
191 267 5
191 268 63
191 280 99
191 285 37
191 289 21
191 293 94
191 195 91
191 196 21
191 269 17
191 212 12
191 220 37
191 250 80
191 223 71
191 254 30
192 193 53
192 199 9
192 246 17
192 251 68
193 257 71
193 264 55
193 290 74
193 299 7
193 268 75
193 207 75
193 212 64
193 230 90
193 238 27
193 242 62
194 273 19
194 280 89
194 283 92
194 286 62
194 196 42
194 199 78
194 213 59
194 221 81
194 223 31
194 224 15
194 238 46
194 241 62
194 251 84
194 254 1
195 266 7
195 274 30
195 278 13
195 214 44
195 235 20
195 240 65
195 243 80
196 258 35
196 259 3
196 275 21
196 285 2
196 289 22
196 292 42
196 294 83
196 297 89
196 197 76
196 198 76
196 202 13
196 208 7
196 212 7
196 216 69
196 233 88
196 231 42
196 241 57
196 254 46
197 275 33
197 277 16
197 278 73
197 215 5
197 221 72
197 246 96
197 249 46
197 253 81
198 257 45
198 283 53
198 210 9
198 213 28
198 208 10
198 232 31
199 282 82
199 286 97
199 292 50
199 296 92
199 203 84
199 230 2
199 236 69
199 247 62
200 265 46
200 268 37
200 217 78
200 289 26
200 242 93
200 252 50
200 253 40
201 292 91
201 253 62
202 257 89
202 263 55
202 266 46
202 277 21
202 222 54
202 231 68
202 253 1
203 276 95
203 279 97
203 280 48
203 282 19
203 288 2
203 295 16
203 297 100
203 205 32
203 206 86
203 220 74
203 233 55
203 238 54
203 243 34
204 257 14
204 270 51
204 273 92
204 277 86
204 289 23
204 292 77
204 217 41
204 231 48
204 236 91
204 252 86
205 258 77
205 261 58
205 264 42
205 266 65
205 271 31
205 281 65
205 290 12
205 224 2
205 296 2
206 296 30
206 214 3
206 217 88
206 221 100
206 231 19
206 244 0
206 248 61
206 254 30
206 255 16
207 262 58
207 269 22
207 270 37
207 273 41
207 290 39
207 208 97
207 217 34
207 224 62
207 236 57
207 254 34
208 256 100
208 264 65
208 266 23
208 272 30
208 277 51
208 283 76
208 286 16
208 287 27
208 288 81
208 294 44
208 241 84
208 254 31
209 285 40
209 213 69
209 214 42
209 250 39
209 241 44
209 246 6
209 252 6
210 257 71
210 260 80
210 271 93
210 290 39
210 295 62
210 212 31
210 253 41
211 261 74
211 265 81
211 272 56
211 287 72
211 296 74
211 214 18
211 217 12
211 226 30
211 231 34
211 235 53
211 248 84
212 270 32
212 271 1
212 285 45
212 296 58
212 297 4
212 299 29
212 230 23
212 231 37
212 250 32
213 272 11
213 288 80
213 294 56
213 299 4
213 241 74
213 254 85
214 263 58
214 265 11
214 291 15
214 293 29
214 295 23
214 272 49
214 226 59
214 232 10
214 233 97
214 236 69
215 256 67
215 268 15
215 272 75
215 242 39
215 257 96
215 255 7
216 256 63
216 258 65
216 264 57
216 222 32
216 287 34
216 217 2
216 225 18
216 229 17
216 246 46
217 261 73
217 257 41
217 270 33
217 281 100
217 286 46
217 241 83
217 222 47
217 228 62
217 247 66
218 237 85
218 226 75
218 263 3
218 297 12
218 271 33
218 277 28
218 221 62
219 275 80
219 279 82
219 280 74
219 290 76
219 220 21
219 234 29
219 247 41
219 251 89
220 260 63
220 261 94
220 283 21
220 285 24
220 299 15
220 232 40
220 249 77
220 254 54
221 260 76
221 262 92
221 284 43
221 263 35
221 226 6
222 260 20
222 262 26
222 269 82
222 295 11
222 297 19
222 231 92
222 233 50
222 242 37
222 245 36
222 250 71
223 265 63
223 280 16
223 296 73
223 224 54
224 258 89
224 260 15
224 262 9
224 263 89
224 273 81
224 298 16
224 240 62
224 253 15
225 266 80
225 283 53
225 292 79
225 233 1
225 234 27
225 241 11
226 270 79
226 235 31
226 250 19
227 263 54
227 229 30
227 234 41
227 268 86
227 271 57
227 249 84
227 261 80
228 261 2
228 279 98
228 293 2
229 296 90
229 266 84
229 242 59
229 239 42
229 274 8
229 244 17
229 285 77
230 266 44
230 276 74
230 284 46
230 292 63
230 293 48
230 294 44
230 296 69
230 249 14
231 256 91
231 285 48
231 291 71
231 239 12
231 249 70
231 250 78
232 264 53
232 266 75
232 273 38
232 274 79
232 287 89
232 289 87
232 243 15
232 245 69
232 249 52
233 257 0
233 268 45
233 278 68
233 285 24
233 266 44
233 248 59
234 265 86
234 269 69
234 281 93
234 295 92
234 237 10
234 243 94
234 244 100
234 297 61
234 248 44
235 269 31
235 277 100
235 282 60
235 290 12
235 245 78
235 247 36
235 251 6
236 239 32
236 250 50
236 251 66
237 282 90
237 247 72
237 251 89
237 252 58
238 263 28
238 265 87
238 275 1
238 286 41
239 277 2
239 279 23
239 293 42
239 241 7
239 242 67
239 244 45
240 257 91
240 264 83
240 265 94
240 285 95
240 295 64
240 298 86
240 269 19
240 248 87
241 269 77
241 270 34
241 274 98
241 275 40
241 299 18
241 291 27
241 252 94
242 258 16
242 265 82
242 284 56
242 285 51
242 254 59
243 275 38
243 290 48
243 293 96
243 287 49
244 261 7
244 272 97
244 259 49
244 279 0
244 282 91
244 290 64
244 299 32
244 296 78
244 245 51
244 246 58
244 250 98
245 257 65
245 261 3
245 268 99
245 276 37
245 281 80
245 285 77
245 246 75
246 261 2
246 262 33
246 257 1
246 266 4
246 269 98
246 283 84
246 290 33
246 297 11
246 249 45
246 254 25
247 292 79
247 297 28
248 273 88
248 279 1
248 291 0
248 255 64
249 276 74
249 283 19
249 296 16
250 259 22
250 265 2
250 280 59
250 287 47
251 258 92
251 262 75
251 270 53
251 276 95
251 289 63
251 294 96
251 297 83
251 298 46
252 285 40
252 287 11
252 290 8
252 298 86
253 265 39
253 283 8
253 294 13
254 259 29
254 293 4
254 295 37
255 261 11
255 285 5
255 291 77
255 294 66
255 299 87
256 267 2
256 281 37
257 272 11
258 265 12
258 273 67
258 283 79
258 296 12
258 280 0
260 278 79
260 299 80
260 282 96
261 269 31
261 278 19
261 293 80
261 297 100
262 265 50
262 273 33
263 280 96
263 284 25
263 285 23
264 267 99
264 269 32
264 275 70
264 277 15
264 296 61
265 279 5
265 293 29
266 270 64
266 293 3
266 297 0
267 294 54
267 296 98
268 270 85
268 276 88
268 282 2
268 285 80
268 292 30
268 296 93
269 271 46
269 280 5
269 283 47
269 287 60
269 295 19
269 296 0
269 297 3
269 294 29
270 271 13
270 288 51
270 297 46
271 276 46
272 292 2
272 297 20
272 284 36
273 284 32
273 293 28
273 287 45
274 297 40
274 293 86
275 288 81
275 295 17
275 298 25
277 280 44
277 281 61
277 286 25
278 282 28
278 288 35
279 286 2
279 293 70
280 286 45
280 299 84
281 291 7
281 298 1
282 287 87
283 285 96
283 287 66
284 292 14
284 293 46
286 293 19
287 298 67
291 297 11
293 295 28
294 298 14
295 299 2
