300 4000
0 130 25
0 131 20
0 142 69
0 144 100
0 148 63
0 277 10
0 284 74
0 29 22
0 37 64
0 171 68
0 177 93
0 56 22
0 60 95
0 200 45
0 76 77
0 84 32
0 14 11
0 214 12
0 228 38
0 92 36
0 224 54
0 100 55
0 237 84
0 111 29
0 245 0
0 119 56
0 121 26
0 251 3
0 127 33
1 6 8
1 263 25
1 268 24
1 279 55
1 152 6
1 285 20
1 34 2
1 296 2
1 297 64
1 298 47
1 49 43
1 62 30
1 192 20
1 203 4
1 78 63
1 79 93
1 86 30
1 224 47
1 100 18
1 230 74
1 106 100
1 246 44
1 247 93
1 252 1
2 258 47
2 4 43
2 6 12
2 135 15
2 8 92
2 137 73
2 11 50
2 17 14
2 277 34
2 22 31
2 26 60
2 27 28
2 159 54
2 162 38
2 292 95
2 169 41
2 42 34
2 117 21
2 177 62
2 58 32
2 31 40
2 188 56
2 61 16
2 191 82
2 199 22
2 206 5
2 207 26
2 98 12
2 145 75
2 245 66
2 250 91
3 132 98
3 262 28
3 7 69
3 264 39
3 10 90
3 139 19
3 143 48
3 144 75
3 146 100
3 153 68
3 160 15
3 36 4
3 182 64
3 183 50
3 66 21
3 196 21
3 71 28
3 79 77
3 81 64
3 85 54
3 214 89
3 15 42
3 231 57
3 235 5
3 116 55
3 245 73
3 118 76
3 121 70
3 250 70
3 124 71
3 254 10
4 258 33
4 8 27
4 265 27
4 10 39
4 16 7
4 274 2
4 275 25
4 280 19
4 25 55
4 284 82
4 29 69
4 287 25
4 38 59
4 297 75
4 43 21
4 264 2
4 50 0
4 31 81
4 60 93
4 61 69
4 67 50
4 199 0
4 207 81
4 210 72
4 84 56
4 214 50
4 215 28
4 88 90
4 90 43
4 95 95
4 98 29
4 104 95
4 146 35
4 112 41
4 244 10
4 169 36
4 218 98
4 124 86
5 32 8
5 34 16
5 227 46
5 17 4
5 40 19
5 267 69
5 29 11
5 13 16
5 46 54
5 253 33
5 49 46
5 147 91
5 148 100
5 78 35
5 173 97
5 216 96
5 88 70
5 136 46
5 221 59
5 254 54
6 256 84
6 133 28
6 262 70
6 137 66
6 12 12
6 149 47
6 27 48
6 294 44
6 174 56
6 47 81
6 176 47
6 183 10
6 184 63
6 194 99
6 98 78
6 210 76
6 215 57
6 217 46
6 226 54
6 229 22
6 107 3
6 238 49
6 111 8
6 254 100
6 255 79
7 134 15
7 65 14
7 137 77
7 270 88
7 276 13
7 277 100
7 32 23
7 163 40
7 37 43
7 168 48
7 175 58
7 177 44
7 53 91
7 55 5
7 56 95
7 63 44
7 193 32
7 70 97
7 204 85
7 217 15
7 228 31
7 119 64
7 249 94
7 149 41
8 11 98
8 258 68
8 278 87
8 23 77
8 152 8
8 155 95
8 29 42
8 290 48
8 36 92
8 40 8
8 172 53
8 60 31
8 74 5
8 85 94
8 92 66
8 93 65
8 95 67
8 102 9
8 238 60
8 241 42
8 126 0
8 120 53
8 125 43
8 254 20
9 130 23
9 132 77
9 135 61
9 12 84
9 18 94
9 147 22
9 151 6
9 283 79
9 29 46
9 162 16
9 169 54
9 47 64
9 50 21
9 179 87
9 53 69
9 57 26
9 58 89
9 189 82
9 192 88
9 200 8
9 204 67
9 78 15
9 210 77
9 100 47
9 231 18
9 232 47
9 233 79
9 82 80
9 238 76
9 112 37
9 245 22
9 249 17
10 128 58
10 141 5
10 14 95
10 19 6
10 20 2
10 30 8
10 288 60
10 164 22
10 37 71
10 176 59
10 180 40
10 181 39
10 54 99
10 65 12
10 74 16
10 87 45
10 98 42
10 131 81
10 233 89
10 240 66
10 242 39
10 244 52
10 249 81
10 251 76
11 84 69
11 228 21
11 265 74
11 203 61
11 108 6
11 34 19
11 206 32
11 61 76
11 216 69
11 20 13
11 268 55
11 247 3
11 56 55
11 104 68
11 187 99
11 151 65
11 297 0
12 267 48
12 141 13
12 14 71
12 143 37
12 18 90
12 277 83
12 22 81
12 279 83
12 280 64
12 28 59
12 287 66
12 165 98
12 168 73
12 49 65
12 50 62
12 56 21
12 151 1
12 190 0
12 193 26
12 200 50
12 204 42
12 90 62
12 221 30
12 101 89
12 239 31
12 241 12
12 123 57
13 192 33
13 32 2
13 267 78
13 260 37
13 102 17
13 107 61
13 14 10
13 288 18
13 16 72
13 69 55
13 148 89
13 213 41
13 150 33
13 55 80
13 216 75
13 153 45
13 22 91
13 123 96
13 62 91
13 53 30
14 130 63
14 135 79
14 136 39
14 265 81
14 139 73
14 145 40
14 151 54
14 24 15
14 158 42
14 291 11
14 92 1
14 299 43
14 179 74
14 194 83
14 267 69
14 206 17
14 79 62
14 82 12
14 89 88
14 152 69
14 220 33
14 94 37
14 229 59
14 104 55
14 233 17
14 106 83
14 242 0
14 119 58
14 248 12
14 251 72
15 258 7
15 261 10
15 265 65
15 139 81
15 140 73
15 270 77
15 146 87
15 275 2
15 277 75
15 26 51
15 285 77
15 170 63
15 173 33
15 56 72
15 189 67
15 62 32
15 191 23
15 89 60
15 224 78
15 225 46
15 244 5
15 121 40
16 128 36
16 130 33
16 133 27
16 134 9
16 138 47
16 146 94
16 22 72
16 286 83
16 288 30
16 163 47
16 36 88
16 294 66
16 168 38
16 42 99
16 43 92
16 44 47
16 51 97
16 55 18
16 190 1
16 65 71
16 68 65
16 74 58
16 207 97
16 212 59
16 216 20
16 96 73
16 107 35
16 108 75
16 238 24
16 245 3
16 121 26
17 133 18
17 263 94
17 44 9
17 143 0
17 146 46
17 154 92
17 155 35
17 293 44
17 172 21
17 53 69
17 60 73
17 194 64
17 69 100
17 199 69
17 76 81
17 98 39
17 83 53
17 88 93
17 92 94
17 226 75
17 102 28
17 233 35
17 240 73
17 113 77
17 242 14
17 211 85
17 244 97
17 246 57
17 251 29
18 256 98
18 257 83
18 263 48
18 138 24
18 141 64
18 275 34
18 156 39
18 288 66
18 34 22
18 163 36
18 41 51
18 47 68
18 57 22
18 192 72
18 195 75
18 291 95
18 105 47
18 110 94
18 114 15
18 244 24
19 129 22
19 257 22
19 151 77
19 291 50
19 37 20
19 166 40
19 298 57
19 299 63
19 176 92
19 178 6
19 180 33
19 186 76
19 192 23
19 65 12
19 75 26
19 70 54
19 199 84
19 74 47
19 203 3
19 80 7
19 209 92
19 210 15
19 83 41
19 121 82
19 217 51
19 219 36
19 221 56
19 100 53
19 102 61
19 103 22
19 234 99
19 238 82
19 120 21
19 249 95
20 257 62
20 258 41
20 270 12
20 271 98
20 174 79
20 22 25
20 280 92
20 284 1
20 288 94
20 290 31
20 35 2
20 42 27
20 46 67
20 176 61
20 188 9
20 61 97
20 79 100
20 211 99
20 143 76
20 95 60
20 99 79
20 230 31
20 238 91
20 240 50
21 161 72
21 164 73
21 292 24
21 69 38
21 102 41
21 265 59
21 109 85
21 205 72
21 80 17
21 209 95
21 156 86
21 276 59
21 277 98
21 57 14
21 284 85
21 223 1
22 142 70
22 145 38
22 280 53
22 282 69
22 154 71
22 31 92
22 163 30
22 54 94
22 55 89
22 61 43
22 71 53
22 75 61
22 209 14
22 90 32
22 222 21
22 95 55
22 101 48
22 107 57
23 65 14
23 214 15
23 262 86
23 39 21
23 296 0
23 41 31
23 168 28
23 180 66
23 169 70
23 56 98
23 116 64
23 186 67
23 63 36
24 258 26
24 131 29
24 133 17
24 271 83
24 150 9
24 281 74
24 26 99
24 156 64
24 286 91
24 160 87
24 289 83
24 168 92
24 41 69
24 298 95
24 44 59
24 48 47
24 50 16
24 179 12
24 181 27
24 69 49
24 33 51
24 76 3
24 206 43
24 208 1
24 210 86
24 218 88
24 97 35
24 99 59
24 110 6
24 113 69
24 242 87
24 126 13
25 258 5
25 134 5
25 139 42
25 141 98
25 270 17
25 276 67
25 155 5
25 287 45
25 34 21
25 163 100
25 37 49
25 31 87
25 60 62
25 189 81
25 62 39
25 74 37
25 203 42
25 206 20
25 84 57
25 190 78
25 248 31
26 33 41
26 227 6
26 196 71
26 101 87
26 294 55
26 275 43
26 265 24
26 78 27
26 51 84
26 84 73
26 30 21
26 246 44
26 183 22
26 116 66
26 90 69
26 143 3
26 254 26
26 287 84
27 261 78
27 264 36
27 140 0
27 272 31
27 273 39
27 275 39
27 197 43
27 41 59
27 175 40
27 53 28
27 187 34
27 60 89
27 192 95
27 68 42
27 69 71
27 70 89
27 75 52
27 77 82
27 93 86
27 225 62
27 98 75
27 100 14
27 232 50
27 106 52
27 240 46
27 117 72
27 248 10
27 123 36
28 128 54
28 130 50
28 260 53
28 133 13
28 87 93
28 140 63
28 142 65
28 275 97
28 150 46
28 287 98
28 32 87
28 297 19
28 171 77
28 172 80
28 173 61
28 47 73
28 179 28
28 182 38
28 186 22
28 60 87
28 191 42
28 118 39
28 72 38
28 76 54
28 83 19
28 215 24
28 233 45
28 234 49
28 108 62
28 117 69
28 268 41
28 251 69
29 128 61
29 138 32
29 142 65
29 147 66
29 276 17
29 151 10
29 154 17
29 283 82
29 162 95
29 164 32
29 176 52
29 179 2
29 181 43
29 54 86
29 58 27
29 68 80
29 69 83
29 204 28
29 34 12
29 84 86
29 87 78
29 36 41
29 102 69
29 104 46
29 113 67
29 253 3
30 128 49
30 80 10
30 61 58
30 195 11
30 246 57
30 81 73
30 295 52
30 73 46
30 266 41
30 263 65
30 210 28
30 143 89
30 48 35
30 209 40
30 117 50
30 278 40
30 297 95
30 93 67
31 128 31
31 256 65
31 262 62
31 136 63
31 266 51
31 138 0
31 146 2
31 277 34
31 151 45
31 160 91
31 39 91
31 171 28
31 172 65
31 54 90
31 184 33
31 186 78
31 59 50
31 61 80
31 190 2
31 194 39
31 69 91
31 214 40
31 90 40
31 219 47
31 58 56
31 252 23
32 130 62
32 265 86
32 267 62
32 268 98
32 258 4
32 143 99
32 145 43
32 149 28
32 152 16
32 111 91
32 159 83
32 289 63
32 283 4
32 36 91
32 298 12
32 171 10
32 189 48
32 190 29
32 198 51
32 71 46
32 74 1
32 79 97
32 209 38
32 223 71
32 101 10
32 273 90
32 231 8
32 239 15
32 241 27
32 114 17
32 118 61
33 257 79
33 132 74
33 263 75
33 137 79
33 168 75
33 169 85
33 193 25
33 179 93
33 184 84
33 58 22
33 190 26
33 65 42
33 76 52
33 79 91
33 56 93
33 90 29
33 186 26
33 95 78
33 224 28
33 97 25
33 229 99
33 106 63
33 110 58
33 40 63
33 242 96
33 115 69
34 145 39
34 278 33
34 293 58
34 168 75
34 169 65
34 174 32
34 178 12
34 57 16
34 191 6
34 68 27
34 203 94
34 76 85
34 208 19
34 213 92
34 217 14
34 97 37
34 232 3
34 111 80
34 240 10
34 242 69
34 246 0
34 249 41
34 253 97
34 85 90
35 97 95
35 67 67
35 68 14
35 262 48
35 71 69
35 265 45
35 106 51
35 172 11
35 142 48
35 175 74
35 178 29
35 190 18
35 214 5
35 105 10
35 120 46
35 62 81
36 128 42
36 265 16
36 131 35
36 276 48
36 241 90
36 40 2
36 42 91
36 47 3
36 61 2
36 196 3
36 204 49
36 76 4
36 207 64
36 83 23
36 212 61
36 229 20
36 106 17
36 113 18
36 275 75
36 120 55
37 132 10
37 135 75
37 136 47
37 279 34
37 271 57
37 274 72
37 151 65
37 285 79
37 172 6
37 45 97
37 174 46
37 65 38
37 198 71
37 79 21
37 212 30
37 86 92
37 89 44
37 96 54
37 100 81
37 106 97
37 235 84
37 236 94
37 242 66
37 243 28
38 288 93
38 289 77
38 226 47
38 165 100
38 135 81
38 296 84
38 75 94
38 269 76
38 47 83
38 80 29
38 241 34
38 178 86
38 53 53
38 152 25
38 185 88
38 223 82
38 200 89
38 253 45
38 127 65
38 63 6
39 227 51
39 260 13
39 102 37
39 137 59
39 202 23
39 43 69
39 270 64
39 271 36
39 245 83
39 246 70
39 41 16
39 217 69
39 59 54
39 220 5
39 126 10
40 132 1
40 263 31
40 147 2
40 149 60
40 150 69
40 151 59
40 286 66
40 291 12
40 163 60
40 42 12
40 177 31
40 70 88
40 200 3
40 75 67
40 76 11
40 77 37
40 207 0
40 208 100
40 81 65
40 211 93
40 217 1
40 219 22
40 222 74
40 229 74
40 103 93
40 105 70
40 109 92
40 240 27
40 277 25
41 129 52
41 136 26
41 138 33
41 274 35
41 275 5
41 276 87
41 289 1
41 163 42
41 293 28
41 296 45
41 44 54
41 180 10
41 188 93
41 190 50
41 199 47
41 72 53
41 76 88
41 78 22
41 79 50
41 84 75
41 96 85
41 225 22
41 99 97
41 100 8
41 104 57
41 106 46
41 235 89
41 238 5
41 241 27
41 246 22
41 119 47
42 262 0
42 138 41
42 145 65
42 274 53
42 277 8
42 279 33
42 154 9
42 287 42
42 146 15
42 169 68
42 173 22
42 174 25
42 176 26
42 179 84
42 202 73
42 63 42
42 70 20
42 73 70
42 74 13
42 75 87
42 76 98
42 88 82
42 216 65
42 101 67
42 166 59
42 104 6
42 107 43
42 237 95
42 111 65
42 243 26
42 250 83
42 124 66
43 260 26
43 144 26
43 148 3
43 152 51
43 155 22
43 289 60
43 162 30
43 176 93
43 48 34
43 179 99
43 181 21
43 66 44
43 97 96
43 78 54
43 207 16
43 209 32
43 232 47
43 109 33
43 246 23
43 247 68
43 250 62
43 126 42
44 140 91
44 239 28
44 283 96
44 241 32
44 177 94
44 55 54
44 58 52
44 61 68
44 62 99
44 68 14
44 71 65
44 74 15
44 76 90
44 77 46
44 78 35
44 208 15
44 81 53
44 86 68
44 88 66
44 219 6
44 224 65
44 97 43
44 111 92
44 113 1
44 115 87
44 247 11
44 254 48
45 259 43
45 260 22
45 140 91
45 148 11
45 239 15
45 295 78
45 172 55
45 177 44
45 194 12
45 67 94
45 197 41
45 72 13
45 74 35
45 206 13
45 211 20
45 215 87
45 93 83
45 222 90
45 231 72
45 111 25
45 244 71
45 122 29
45 126 89
45 255 52
46 256 91
46 258 52
46 259 97
46 260 46
46 265 68
46 268 82
46 89 23
46 281 95
46 133 14
46 172 47
46 174 5
46 177 4
46 186 76
46 59 49
46 202 36
46 79 27
46 80 72
46 82 93
46 86 73
46 215 40
46 217 8
46 222 83
46 223 72
46 109 97
46 110 4
46 114 20
47 129 22
47 259 45
47 138 81
47 272 99
47 148 22
47 287 58
47 291 53
47 167 17
47 284 59
47 299 45
47 175 74
47 179 33
47 182 63
47 60 99
47 70 15
47 85 91
47 223 2
47 226 20
47 235 99
47 116 85
47 122 16
47 255 84
48 140 26
48 148 99
48 278 74
48 283 14
48 90 33
48 161 82
48 163 90
48 172 86
48 182 96
48 199 26
48 85 55
48 218 16
48 92 42
48 228 78
48 237 57
48 239 100
48 117 15
48 120 2
48 252 49
49 259 74
49 274 10
49 147 59
49 148 10
49 278 18
49 285 47
49 286 5
49 287 69
49 166 85
49 178 73
49 52 77
49 53 62
49 61 88
49 190 34
49 76 100
49 79 51
49 90 45
49 229 11
49 232 95
49 106 16
49 235 23
49 108 68
49 117 25
49 234 83
50 130 52
50 261 4
50 138 31
50 145 60
50 132 80
50 159 7
50 298 63
50 178 31
50 52 22
50 194 20
50 77 1
50 80 52
50 81 57
50 219 40
50 225 3
50 100 81
50 233 64
50 245 90
50 249 66
50 250 57
50 254 39
51 148 2
51 280 63
51 286 99
51 164 39
51 170 21
51 175 75
51 180 57
51 55 41
51 193 73
51 71 81
51 200 17
51 75 18
51 210 9
51 84 91
51 92 42
51 221 2
51 223 13
51 98 20
51 228 63
51 108 29
51 110 84
51 250 98
52 130 10
52 145 52
52 148 27
52 154 86
52 163 43
52 298 53
52 178 66
52 181 1
52 59 24
52 196 51
52 203 20
52 83 31
52 170 33
52 213 54
52 90 97
52 98 61
52 233 43
52 106 87
52 239 94
52 243 69
52 117 18
52 119 23
52 253 83
53 130 63
53 135 3
53 149 27
53 154 27
53 189 83
53 65 40
53 78 6
53 81 70
53 211 75
53 212 40
53 230 95
53 231 57
53 236 1
53 118 22
53 253 52
54 259 65
54 134 14
54 143 74
54 272 25
54 145 89
54 146 21
54 282 97
54 155 50
54 286 0
54 162 87
54 262 41
54 297 67
54 176 29
54 182 5
54 58 61
54 74 67
54 75 82
54 76 1
54 77 91
54 82 71
54 83 82
54 90 54
54 221 48
54 94 38
54 226 2
54 105 89
54 107 65
54 169 84
54 122 27
54 127 88
55 291 94
55 177 89
55 169 79
55 235 4
55 81 77
55 242 58
55 83 91
55 181 3
55 214 11
55 249 11
55 277 89
56 132 45
56 136 45
56 266 67
56 275 8
56 281 6
56 284 36
56 158 14
56 183 66
56 67 61
56 202 66
56 210 13
56 139 38
56 215 4
56 216 17
56 219 69
56 241 69
57 256 95
57 132 6
57 135 14
57 266 68
57 147 90
57 153 33
57 289 99
57 166 46
57 137 34
57 63 2
57 201 88
57 203 67
57 84 97
57 218 54
57 229 38
57 224 99
57 228 25
57 101 59
57 242 42
58 129 60
58 261 20
58 140 82
58 280 76
58 155 96
58 171 56
58 202 11
58 74 88
58 203 90
58 204 26
58 77 31
58 207 35
58 83 6
58 216 31
58 97 28
58 227 64
58 105 23
58 239 29
58 240 4
58 120 72
59 257 57
59 98 96
59 291 0
59 70 86
59 232 55
59 60 65
59 170 84
59 270 51
59 271 41
59 208 69
59 200 24
59 274 43
59 246 39
59 87 52
59 121 39
59 124 97
59 106 56
60 131 59
60 260 91
60 267 21
60 259 100
60 283 70
60 158 54
60 221 29
60 183 63
60 184 38
60 82 55
60 213 83
60 215 41
60 93 21
60 94 35
60 229 55
60 231 55
60 234 3
60 112 49
60 243 44
60 244 23
60 120 36
60 249 71
60 125 24
61 289 38
61 162 59
61 203 79
61 260 82
61 200 73
61 106 83
61 85 48
61 216 72
61 124 57
61 285 50
62 128 60
62 258 68
62 261 69
62 135 15
62 268 20
62 141 65
62 270 32
62 147 64
62 162 88
62 169 12
62 185 25
62 66 41
62 69 22
62 203 50
62 205 83
62 232 69
62 118 23
62 247 64
62 250 63
62 251 88
62 124 84
63 259 60
63 273 48
63 146 26
63 131 3
63 152 87
63 282 90
63 165 95
63 171 28
63 181 54
63 184 81
63 65 69
63 205 42
63 214 68
63 294 56
63 236 30
63 122 99
63 123 83
64 65 95
64 258 7
64 193 83
64 72 31
64 236 51
64 139 14
64 268 6
64 141 9
64 237 51
64 272 95
64 177 59
64 221 9
64 115 96
64 277 71
64 278 31
64 233 14
64 184 43
64 217 36
64 250 37
64 220 67
64 208 60
65 130 28
65 263 70
65 285 66
65 163 75
65 178 48
65 184 40
65 194 51
65 67 3
65 69 35
65 75 37
65 86 49
65 90 1
65 224 56
65 108 64
66 262 78
66 139 88
66 147 51
66 290 81
66 134 19
66 296 96
66 173 94
66 174 98
66 179 11
66 180 42
66 183 27
66 195 87
66 75 65
66 84 31
66 88 96
66 104 93
66 233 99
66 241 38
66 242 4
67 129 62
67 135 59
67 140 64
67 275 59
67 284 2
67 286 99
67 295 26
67 170 70
67 299 96
67 175 98
67 176 21
67 180 0
67 202 74
67 80 26
67 81 63
67 193 67
67 89 59
67 220 74
67 94 78
67 230 93
67 232 9
67 105 78
67 235 8
67 110 2
67 254 49
68 265 100
68 268 67
68 269 65
68 148 68
68 280 51
68 156 61
68 171 43
68 180 96
68 69 87
68 198 23
68 206 41
68 80 82
68 81 56
68 211 57
68 78 9
68 221 96
68 222 50
68 224 28
68 225 38
68 100 48
68 234 66
68 114 83
68 118 64
68 120 60
68 253 29
69 257 25
69 135 58
69 264 72
69 279 26
69 268 72
69 151 100
69 295 66
69 136 13
69 192 60
69 197 24
69 198 9
69 207 65
69 248 65
69 100 96
69 108 52
69 244 42
69 120 40
69 149 87
70 257 26
70 258 9
70 265 27
70 138 43
70 140 17
70 151 67
70 288 18
70 173 89
70 93 75
70 178 26
70 192 90
70 193 66
70 73 96
70 75 82
70 76 51
70 78 5
70 210 34
70 221 87
70 94 38
70 95 41
70 229 34
70 101 47
70 239 98
70 113 23
70 118 0
70 120 9
70 298 50
71 259 91
71 278 82
71 139 38
71 140 95
71 283 23
71 284 7
71 289 9
71 185 78
71 203 11
71 76 90
71 77 30
71 98 25
71 230 51
71 242 74
71 244 92
71 253 27
72 258 66
72 133 55
72 263 29
72 271 64
72 283 78
72 261 61
72 288 56
72 289 75
72 293 33
72 170 36
72 171 7
72 182 67
72 196 20
72 98 77
72 217 97
72 91 43
72 94 6
72 226 52
72 237 29
72 238 97
72 111 14
72 243 4
72 244 38
72 118 77
72 124 99
73 260 45
73 270 13
73 143 11
73 282 50
73 293 3
73 295 41
73 169 44
73 190 100
73 194 92
73 197 73
73 200 73
73 202 84
73 208 0
73 211 55
73 217 23
73 90 12
73 222 5
73 223 43
73 108 44
73 109 37
73 117 11
73 170 95
73 127 18
74 128 44
74 130 63
74 266 2
74 273 92
74 277 52
74 150 22
74 231 75
74 290 56
74 165 35
74 175 65
74 188 27
74 198 88
74 204 40
74 218 21
74 92 72
74 103 5
74 234 73
74 235 52
74 236 42
74 109 59
74 249 41
74 122 53
74 251 71
74 252 84
74 255 1
75 130 6
75 136 22
75 138 89
75 269 87
75 143 47
75 272 5
75 147 46
75 157 53
75 287 52
75 288 45
75 113 77
75 174 88
75 186 35
75 188 16
75 190 95
75 191 15
75 215 69
75 88 32
75 218 98
75 93 99
75 225 39
75 226 43
75 235 40
75 108 68
75 296 44
75 246 70
75 254 95
76 258 59
76 259 54
76 265 94
76 144 53
76 149 59
76 150 30
76 286 82
76 179 70
76 197 47
76 204 1
76 77 25
76 206 55
76 211 79
76 87 5
76 164 10
76 222 2
76 95 9
76 230 52
76 240 10
76 126 50
76 118 71
76 252 77
76 254 88
76 277 14
77 258 59
77 135 25
77 266 71
77 272 0
77 274 7
77 151 55
77 290 67
77 294 96
77 220 99
77 298 76
77 179 90
77 184 27
77 191 91
77 197 53
77 97 26
77 211 45
77 85 44
77 216 41
77 92 5
77 223 78
77 225 39
77 112 51
77 242 16
77 119 24
77 121 36
77 213 71
78 128 58
78 138 61
78 268 96
78 142 0
78 274 56
78 149 30
78 278 67
78 285 94
78 163 11
78 165 29
78 171 34
78 174 40
78 181 61
78 195 96
78 80 37
78 87 75
78 92 87
78 226 1
78 105 48
78 235 61
78 115 66
79 128 0
79 269 12
79 174 67
79 279 48
79 292 93
79 166 74
79 172 77
79 176 66
79 179 65
79 193 18
79 194 70
79 88 17
79 223 45
79 224 80
79 227 67
79 231 72
79 111 42
79 116 92
79 276 96
79 251 69
80 266 97
80 273 34
80 146 66
80 160 81
80 162 68
80 294 47
80 297 74
80 176 86
80 177 49
80 183 65
80 184 27
80 189 74
80 204 0
80 216 61
80 92 54
80 226 25
80 166 54
80 237 42
80 240 80
80 241 54
80 119 98
81 257 19
81 260 96
81 135 16
81 136 10
81 265 54
81 266 10
81 159 45
81 165 9
81 263 44
81 287 97
81 192 4
81 202 29
81 205 26
81 207 67
81 82 78
81 83 81
81 85 86
81 87 14
81 93 21
81 293 65
81 98 55
81 100 62
81 102 76
81 103 72
81 106 98
81 239 41
82 132 72
82 262 34
82 136 34
82 266 73
82 139 72
82 268 79
82 279 71
82 154 83
82 285 72
82 159 20
82 290 55
82 169 37
82 172 77
82 175 33
82 199 40
82 91 71
82 240 95
82 241 51
82 243 78
83 128 6
83 261 1
83 135 81
83 265 3
83 278 44
83 168 79
83 263 87
83 205 38
83 206 10
83 207 13
83 212 62
83 221 83
83 102 41
83 238 18
83 245 68
83 118 12
83 252 50
84 129 52
84 179 25
84 257 51
84 269 81
84 144 5
84 214 32
84 166 83
84 298 26
84 177 69
84 181 2
84 203 80
84 86 19
84 185 23
84 101 39
84 239 0
84 247 32
84 248 25
85 128 37
85 133 96
85 266 32
85 267 64
85 175 84
85 163 29
85 172 18
85 180 83
85 185 89
85 138 83
85 196 84
85 210 83
85 291 50
85 235 39
85 112 76
85 114 10
85 121 36
86 258 52
86 133 81
86 263 95
86 172 39
86 138 58
86 267 21
86 269 37
86 277 23
86 185 51
86 213 74
86 94 81
86 96 37
86 232 54
86 236 30
86 126 93
86 119 95
86 124 50
86 254 74
87 267 44
87 140 89
87 281 7
87 282 16
87 158 88
87 167 65
87 298 0
87 184 48
87 138 1
87 195 64
87 198 25
87 218 70
87 222 99
87 223 74
87 99 51
87 110 74
87 243 36
87 117 19
87 118 55
87 123 52
88 131 13
88 267 60
88 140 69
88 270 4
88 275 34
88 283 28
88 289 5
88 293 79
88 176 30
88 184 49
88 187 83
88 200 76
88 211 78
88 212 70
88 98 44
88 112 56
88 118 4
88 170 50
89 113 81
89 198 75
89 209 9
89 275 37
89 169 6
89 199 43
89 237 13
89 241 22
89 210 40
89 115 87
89 279 5
89 185 73
89 186 92
89 219 88
89 282 37
89 158 36
90 133 31
90 147 39
90 283 28
90 158 100
90 290 28
90 169 89
90 221 32
90 95 59
90 96 8
90 232 25
90 109 19
90 112 81
90 113 90
90 115 27
90 120 38
91 96 58
91 258 2
91 251 88
91 133 13
91 168 21
91 105 39
91 138 3
91 203 75
91 236 97
91 208 9
91 181 55
91 249 99
91 186 25
91 123 9
91 254 49
91 101 14
92 260 49
92 269 44
92 144 45
92 148 4
92 277 85
92 150 87
92 286 33
92 296 94
92 169 67
92 299 83
92 188 0
92 193 94
92 199 9
92 201 15
92 203 55
92 142 91
92 223 4
92 97 93
92 102 21
92 105 25
92 113 29
92 243 41
92 116 37
92 245 10
93 136 90
93 266 49
93 267 7
93 268 90
93 143 80
93 152 27
93 286 78
93 165 14
93 172 68
93 180 74
93 186 79
93 195 54
93 204 37
93 209 35
93 210 41
93 215 16
93 221 43
93 94 90
93 101 62
93 233 34
93 243 26
93 119 7
93 123 37
94 261 84
94 136 11
94 267 85
94 195 30
94 282 89
94 155 66
94 289 69
94 298 29
94 299 1
94 178 39
94 187 22
94 198 100
94 226 4
94 101 90
94 116 99
94 248 25
94 255 11
95 129 22
95 265 62
95 142 59
95 275 61
95 288 26
95 183 69
95 185 11
95 188 32
95 189 1
95 191 14
95 210 71
95 270 34
95 225 28
95 228 22
95 235 25
95 109 25
95 243 75
95 119 5
95 124 60
96 128 92
96 131 2
96 265 7
96 267 83
96 140 17
96 144 99
96 147 15
96 279 38
96 155 60
96 285 31
96 291 68
96 168 30
96 171 50
96 207 88
96 212 62
96 219 72
96 231 32
96 109 75
96 249 8
96 123 38
97 256 27
97 260 64
97 272 47
97 153 37
97 281 67
97 158 20
97 295 42
97 296 66
97 297 34
97 183 24
97 189 13
97 192 61
97 194 71
97 199 20
97 200 47
97 209 70
97 210 69
97 215 32
97 223 11
97 100 17
97 101 67
97 110 46
97 112 67
97 123 1
98 260 60
98 140 12
98 237 91
98 275 94
98 290 86
98 296 52
98 174 3
98 182 88
98 183 1
98 162 52
98 231 78
98 105 84
98 109 17
98 114 56
98 243 98
98 246 90
98 120 36
98 124 71
99 260 41
99 136 59
99 266 74
99 268 95
99 270 13
99 143 78
99 276 50
99 287 46
99 289 21
99 298 37
99 171 73
99 179 0
99 249 78
99 213 8
99 230 17
99 231 95
99 113 50
99 114 20
99 248 40
99 253 8
100 136 27
100 141 51
100 292 97
100 166 32
100 167 89
100 173 75
100 188 18
100 193 87
100 203 37
100 111 29
100 126 64
100 120 63
100 254 24
101 260 56
101 139 3
101 141 80
101 158 72
101 219 43
101 171 27
101 176 47
101 183 71
101 205 33
101 212 60
101 185 86
101 227 5
101 103 100
101 107 99
101 110 1
101 113 97
101 120 63
101 252 92
101 126 87
101 255 31
102 128 23
102 258 92
102 133 22
102 265 99
102 277 53
102 280 52
102 153 36
102 158 11
102 290 9
102 168 10
102 297 11
102 186 56
102 187 51
102 188 60
102 201 18
102 221 38
102 236 5
102 115 79
102 121 74
102 252 29
103 128 10
103 289 20
103 292 27
103 295 52
103 264 9
103 110 80
103 240 86
103 210 46
103 115 51
103 215 69
103 132 4
103 221 27
104 258 89
104 263 66
104 268 20
104 149 100
104 280 68
104 281 48
104 168 65
104 173 87
104 157 84
104 178 16
104 182 43
104 197 11
104 203 82
104 218 61
104 232 33
104 252 66
104 255 7
105 132 94
105 135 45
105 138 35
105 152 27
105 281 44
105 286 47
105 161 65
105 115 25
105 183 90
105 194 72
105 223 78
105 106 66
105 237 31
105 110 53
105 243 62
105 122 95
105 124 23
105 253 66
106 257 14
106 277 40
106 156 5
106 290 51
106 198 91
106 212 46
106 219 35
106 209 8
106 109 4
106 238 40
106 112 16
106 124 76
107 256 39
107 144 88
107 290 86
107 196 49
107 140 22
107 208 27
107 284 69
107 216 59
107 120 89
107 250 99
107 252 100
107 221 8
107 190 4
108 131 32
108 261 77
108 135 28
108 140 60
108 238 2
108 158 38
108 180 9
108 183 33
108 190 51
108 191 82
108 213 70
108 217 50
108 228 10
108 110 64
108 113 38
108 122 46
109 135 10
109 265 83
109 266 89
109 276 99
109 280 20
109 293 41
109 166 56
109 137 83
109 193 36
109 112 87
109 115 100
109 119 46
109 249 37
109 124 65
109 255 61
110 132 41
110 261 30
110 138 7
110 142 51
110 195 90
110 282 67
110 290 35
110 180 86
110 189 29
110 204 10
110 212 43
110 270 51
110 219 38
110 235 15
110 237 3
110 118 12
110 250 22
111 128 73
111 258 77
111 259 66
111 135 78
111 267 13
111 152 22
111 153 57
111 170 73
111 192 97
111 198 77
111 214 44
111 114 54
111 242 78
111 119 73
111 252 76
112 257 95
112 123 11
112 229 51
112 114 96
112 227 61
112 212 66
112 216 60
112 217 11
112 282 60
112 251 90
113 137 58
113 269 2
113 143 52
113 146 10
113 275 85
113 148 44
113 153 65
113 155 18
113 291 68
113 169 18
113 299 6
113 173 87
113 176 61
113 183 22
113 188 74
113 205 73
113 141 76
113 237 80
113 240 47
113 253 18
113 126 85
114 266 37
114 140 6
114 271 90
114 147 31
114 281 96
114 295 22
114 171 91
114 199 92
114 208 37
114 235 95
114 115 75
114 251 92
114 126 96
115 137 6
115 274 86
115 149 57
115 154 30
115 282 15
115 156 58
115 285 5
115 297 51
115 298 4
115 172 4
115 194 62
115 205 37
115 209 60
115 226 60
115 249 55
116 161 95
116 227 37
116 196 21
116 135 26
116 170 69
116 225 60
116 239 57
116 131 44
116 276 11
116 126 52
116 155 2
116 220 16
116 288 2
116 191 92
117 258 45
117 150 72
117 265 13
117 271 11
117 146 44
117 147 69
117 278 51
117 154 88
117 166 70
117 184 16
117 191 54
117 193 97
117 204 81
117 221 72
117 243 19
118 258 89
118 134 0
118 144 93
118 158 16
118 168 5
118 297 37
118 175 5
118 185 39
118 190 2
118 192 55
118 247 87
118 206 79
118 210 56
118 218 22
118 233 63
118 236 21
118 169 15
119 264 65
119 267 19
119 268 31
119 269 37
119 147 60
119 276 97
119 277 94
119 280 84
119 155 32
119 163 21
119 175 57
119 186 7
119 197 16
119 141 61
119 225 5
119 226 60
119 234 58
120 261 70
120 267 69
120 141 48
120 274 46
120 296 88
120 169 90
120 191 26
120 205 39
120 242 64
121 256 62
121 258 14
121 257 26
121 273 46
121 274 82
121 147 56
121 148 13
121 278 99
121 151 86
121 291 78
121 169 52
121 195 55
121 239 99
121 254 56
122 271 94
122 278 8
122 154 48
122 283 93
122 157 40
122 197 12
122 203 61
122 212 20
122 218 0
122 238 24
122 243 60
122 245 33
122 250 76
122 123 58
122 255 84
123 258 100
123 133 43
123 146 24
123 148 52
123 151 51
123 181 22
123 182 59
123 195 6
123 199 7
123 140 12
123 234 77
124 256 80
124 135 50
124 136 19
124 131 90
124 150 10
124 280 28
124 160 99
124 169 37
124 170 13
124 171 36
124 212 45
124 214 20
124 241 15
125 160 93
125 165 81
125 258 39
125 163 5
125 293 37
125 167 43
125 297 66
125 135 12
125 144 56
125 232 31
125 274 29
125 275 16
125 148 67
125 212 36
125 136 89
125 156 41
125 154 35
125 287 59
126 261 10
126 136 39
126 266 35
126 142 28
126 143 96
126 280 76
126 278 7
126 154 50
126 165 83
126 166 12
126 189 46
126 201 83
126 206 84
126 209 61
126 219 23
126 233 86
127 279 79
127 132 22
127 261 80
127 198 23
127 129 88
127 297 65
127 299 41
127 269 20
127 174 37
127 273 78
127 211 63
127 189 10
127 223 83
128 130 14
128 259 2
128 143 67
128 149 32
128 161 52
128 296 29
128 266 70
128 195 52
128 205 62
128 209 63
128 211 12
128 214 68
128 215 6
128 232 62
128 244 4
128 249 41
128 253 76
128 255 7
129 260 51
129 147 19
129 284 97
129 287 51
129 177 68
129 189 75
129 192 5
129 196 3
129 202 23
129 220 6
129 225 54
129 232 62
129 244 6
129 245 14
130 264 45
130 142 42
130 144 63
130 147 57
130 152 26
130 155 75
130 164 49
130 178 84
130 190 36
130 203 40
130 202 28
130 214 55
130 220 35
130 254 68
131 260 67
131 236 68
131 271 52
131 273 2
131 277 35
131 132 19
131 284 94
131 286 77
131 165 11
131 294 8
131 156 51
131 179 10
131 158 89
131 184 27
131 190 16
131 215 20
131 217 67
131 223 30
131 239 69
131 240 66
131 255 36
132 265 31
132 267 49
132 275 99
132 284 6
132 160 20
132 176 71
132 187 35
132 190 81
132 289 35
132 202 100
132 218 91
132 227 97
132 234 53
132 237 43
133 135 8
133 141 99
133 154 67
133 155 77
133 159 18
133 294 41
133 299 85
133 212 27
133 236 80
133 246 81
133 255 82
134 264 94
134 271 69
134 150 66
134 152 67
134 157 3
134 158 79
134 290 64
134 170 79
134 178 80
134 183 5
134 188 16
134 195 81
134 182 88
134 220 36
134 224 92
134 225 80
134 226 2
134 227 6
134 229 30
134 231 48
134 234 11
134 235 93
134 237 12
135 141 12
135 150 72
135 284 15
135 287 58
135 197 29
135 293 9
135 295 53
135 168 74
135 176 37
135 194 90
135 205 39
135 206 96
135 207 41
135 223 34
135 239 97
135 249 9
136 258 79
136 265 58
136 143 21
136 149 99
136 156 66
136 197 16
136 261 87
136 168 25
136 170 96
136 173 61
136 174 84
136 178 22
136 187 15
136 196 50
136 219 20
136 229 62
136 230 94
136 252 95
136 249 23
137 261 75
137 151 17
137 273 6
137 279 16
137 281 19
137 284 10
137 163 23
137 296 79
137 175 13
137 176 90
137 187 54
137 199 19
137 208 95
137 232 35
137 251 65
138 258 14
138 262 20
138 215 82
138 142 39
138 151 78
138 281 29
138 282 7
138 171 64
138 172 34
138 181 87
138 185 69
138 211 62
138 234 61
138 285 29
139 262 37
139 271 65
139 278 24
139 154 89
139 283 92
139 161 47
139 163 49
139 292 98
139 165 50
139 173 9
139 192 29
139 222 86
139 228 43
139 233 41
139 250 57
140 277 41
140 281 72
140 159 30
140 161 21
140 297 53
140 183 38
140 184 38
140 204 42
140 209 90
140 186 76
140 233 54
140 238 98
140 149 0
141 142 98
141 277 1
141 285 76
141 159 3
141 289 25
141 293 94
141 294 39
141 296 24
141 263 46
141 196 91
141 206 39
141 211 79
141 217 92
141 218 75
141 220 0
141 221 28
141 230 59
142 259 19
142 260 18
142 264 100
142 146 93
142 150 79
142 151 57
142 154 12
142 155 85
142 159 4
142 298 44
142 174 77
142 205 89
142 207 7
142 210 36
142 212 89
142 232 23
142 236 22
142 249 19
143 144 43
143 295 40
143 182 67
143 196 45
143 204 45
143 216 64
143 220 8
143 226 82
143 245 4
143 247 20
144 269 74
144 274 1
144 147 74
144 277 45
144 158 84
144 166 85
144 192 31
144 206 37
144 221 5
144 223 92
144 252 6
145 278 32
145 276 51
145 151 33
145 155 89
145 285 3
145 150 38
145 159 40
145 161 17
145 291 56
145 164 38
145 297 45
145 211 32
145 218 33
145 248 96
145 298 58
146 256 68
146 263 83
146 269 77
146 148 32
146 153 92
146 160 13
146 162 88
146 171 59
146 178 47
146 183 21
146 187 39
146 191 71
146 192 37
146 230 81
146 236 44
146 233 16
146 255 95
147 259 89
147 268 65
147 269 28
147 271 69
147 285 14
147 170 69
147 172 39
147 173 12
147 176 8
147 200 28
147 230 90
147 233 24
147 236 73
147 238 60
147 249 31
148 258 34
148 272 37
148 277 69
148 285 67
148 158 71
148 165 10
148 295 23
148 194 45
148 177 27
148 203 41
148 212 23
148 220 27
148 223 19
148 227 86
148 252 57
148 255 30
149 262 73
149 267 26
149 276 3
149 279 56
149 157 32
149 159 74
149 298 40
149 181 47
149 185 6
149 187 48
149 203 60
149 223 82
149 237 45
150 288 35
150 156 75
150 174 23
150 189 82
150 196 78
150 197 4
150 201 57
150 203 65
150 205 8
150 209 9
150 211 84
150 218 73
150 219 6
150 227 4
150 244 80
150 253 98
150 254 55
151 257 59
151 259 22
151 272 30
151 155 90
151 289 13
151 283 66
151 172 99
151 270 42
151 196 52
151 204 10
151 214 93
151 215 0
151 227 100
151 230 61
151 233 41
151 239 45
151 241 39
152 277 93
152 280 51
152 156 11
152 161 45
152 295 44
152 168 43
152 284 26
152 179 50
152 185 19
152 204 43
152 210 35
152 213 92
152 226 85
152 230 65
153 261 49
153 286 22
153 169 17
153 176 43
153 178 71
153 192 25
153 201 31
153 207 57
153 214 86
153 223 25
153 231 7
153 246 39
153 250 35
153 251 1
153 255 88
154 266 27
154 271 52
154 286 1
154 287 11
154 160 28
154 167 100
154 297 88
154 298 16
154 173 60
154 183 2
154 188 18
154 215 17
154 295 38
154 236 23
154 255 9
155 258 61
155 172 93
155 178 72
155 181 50
155 224 7
155 205 80
155 206 77
155 210 80
155 215 76
155 219 96
155 225 38
155 227 12
155 247 94
155 248 83
155 253 29
156 270 34
156 259 17
156 276 33
156 278 0
156 284 48
156 261 32
156 171 39
156 214 29
156 216 48
156 224 32
156 232 79
156 246 79
156 248 8
156 249 94
157 290 15
157 282 95
157 228 16
157 297 26
157 163 78
157 278 74
157 248 38
157 218 86
157 220 49
158 264 77
158 265 54
158 268 14
158 284 0
158 288 36
158 298 97
158 175 28
158 178 94
158 186 45
158 194 91
158 230 91
158 238 11
158 276 45
159 262 81
159 294 45
159 296 70
159 172 52
159 183 80
159 189 68
159 194 13
159 195 9
159 196 60
159 200 59
159 210 26
159 225 2
159 245 56
160 162 20
160 163 39
160 294 83
160 200 45
160 220 56
160 242 64
160 240 52
160 179 21
160 181 11
160 265 70
160 196 62
160 223 76
161 240 4
161 165 27
161 264 79
161 297 75
161 235 92
161 239 65
161 243 61
161 276 29
161 250 69
161 253 5
161 190 69
161 223 51
162 199 89
162 170 85
162 211 9
162 180 51
162 214 34
162 269 23
163 274 41
163 276 100
163 298 11
163 181 55
163 186 48
163 194 4
163 200 69
163 207 38
163 211 58
163 214 62
163 241 95
163 250 56
163 251 92
163 254 40
164 224 43
164 257 6
164 165 34
164 167 35
164 275 48
164 235 99
164 239 94
164 280 39
165 262 72
165 272 79
165 280 87
165 295 50
165 169 65
165 214 29
165 224 84
165 236 28
165 242 55
165 244 52
165 255 88
166 226 68
166 251 75
166 206 25
166 269 2
166 215 34
166 284 62
166 287 64
167 258 87
167 263 51
167 292 66
167 231 89
167 194 28
167 238 52
167 253 0
167 269 93
167 181 27
167 182 64
167 248 86
167 220 63
168 271 1
168 276 69
168 283 52
168 288 84
168 292 25
168 199 1
168 200 98
168 201 55
168 202 54
168 251 24
169 259 34
169 269 65
169 299 4
169 174 71
169 211 50
169 237 0
169 243 29
170 270 21
170 298 21
170 172 15
170 177 22
170 184 7
170 191 56
170 242 3
170 275 69
170 246 8
170 250 13
170 251 18
171 259 6
171 286 100
171 289 55
171 187 23
171 190 93
171 219 61
171 227 88
172 262 54
172 274 26
172 295 5
172 189 1
172 190 88
172 206 34
172 221 58
172 230 59
172 232 68
172 242 92
173 280 59
173 281 47
173 283 13
173 290 48
173 178 41
173 188 97
173 189 26
173 199 51
173 207 79
173 208 32
173 226 54
173 251 4
173 254 36
174 271 99
174 281 99
174 291 77
174 177 90
174 186 48
174 191 5
174 193 74
174 195 45
174 242 72
174 245 90
174 248 4
174 250 3
175 269 46
175 195 83
175 283 99
175 190 98
175 201 37
175 208 19
175 234 48
175 243 10
175 249 99
176 256 3
176 296 97
176 204 38
176 210 38
176 215 92
176 223 7
176 224 87
176 226 54
176 195 70
176 232 9
176 242 45
176 250 45
177 272 71
177 273 32
177 279 57
177 299 63
177 183 80
177 196 31
177 208 30
177 219 82
177 220 87
177 242 97
177 246 39
178 260 88
178 272 46
178 278 22
178 285 39
178 179 15
178 185 80
178 188 73
178 189 33
178 205 51
178 210 13
178 216 23
178 230 62
178 235 60
178 237 63
178 241 70
178 250 74
178 251 7
178 253 84
179 273 77
179 188 19
179 199 14
179 244 61
179 251 69
180 256 62
180 281 21
180 188 49
180 192 98
180 193 28
180 201 87
180 202 8
180 290 2
180 210 65
180 213 14
180 222 25
180 234 94
180 242 92
180 244 31
180 252 90
181 257 6
181 260 32
181 269 12
181 288 45
181 187 50
181 209 81
181 291 92
181 217 56
181 224 58
181 225 73
181 237 73
181 244 68
181 246 46
181 252 91
182 256 19
182 259 3
182 272 90
182 286 8
182 293 16
182 299 3
182 204 99
182 206 92
182 209 81
182 226 21
182 233 99
182 236 37
183 295 72
183 237 51
183 240 30
183 247 53
183 255 45
184 281 73
184 284 41
184 288 90
184 293 35
184 185 80
184 186 92
184 188 66
184 219 91
184 229 96
184 246 95
184 255 98
185 275 30
185 207 10
185 226 84
185 229 75
185 233 6
185 239 84
185 190 36
185 247 82
185 248 77
185 249 79
186 256 69
186 262 18
186 274 11
186 283 61
186 285 0
186 296 43
186 297 61
186 215 7
186 226 82
186 231 92
186 238 18
186 241 58
186 247 53
187 299 49
187 261 61
187 269 20
187 281 87
187 285 24
187 293 99
187 195 36
187 206 63
187 220 70
187 221 84
187 223 99
187 242 64
187 245 87
188 260 26
188 258 1
188 279 64
188 298 92
188 191 46
188 197 12
188 204 0
188 215 17
188 233 11
188 242 34
188 250 89
189 260 43
189 288 54
189 209 79
189 216 96
189 231 0
189 238 78
189 248 36
189 251 83
190 269 26
190 298 0
190 233 96
191 265 76
191 195 76
191 200 0
191 201 74
191 216 36
191 221 43
191 229 83
191 234 7
191 255 72
192 258 3
192 271 18
192 278 64
192 285 9
192 290 26
192 297 32
192 218 94
192 230 82
192 209 16
192 241 11
192 247 78
193 264 42
193 290 85
193 293 66
193 294 91
193 194 19
193 199 19
193 215 35
193 224 15
193 240 24
193 243 84
193 250 3
194 273 5
194 289 89
194 263 1
194 198 19
194 212 56
194 214 75
194 215 90
194 226 29
195 259 84
195 269 63
195 271 74
195 294 19
195 205 81
195 218 56
195 228 54
195 234 16
195 248 14
195 251 1
196 272 2
196 276 73
196 283 32
196 201 89
196 225 91
196 245 76
196 250 92
197 257 87
197 267 99
197 238 18
197 271 89
197 275 58
197 218 76
197 219 84
197 221 85
198 260 47
198 278 40
198 293 90
198 294 82
198 297 11
198 299 86
198 201 58
198 208 33
198 216 58
198 218 29
198 224 95
198 233 55
199 257 41
199 274 62
199 279 78
199 242 40
199 204 53
199 208 82
199 209 37
199 223 92
199 227 73
199 273 41
199 243 22
199 251 20
199 253 58
200 256 34
200 266 85
200 271 0
200 286 63
200 295 75
200 201 50
200 202 87
200 209 30
200 213 64
200 217 38
200 221 59
200 222 64
200 236 87
200 251 98
200 252 99
201 225 93
201 295 9
201 284 41
201 279 97
202 273 1
202 275 13
202 283 23
202 285 31
202 294 70
202 222 31
202 232 88
202 234 90
202 245 59
202 252 64
203 256 71
203 261 41
203 263 29
203 277 36
203 280 16
203 283 27
203 294 17
203 214 36
203 231 84
203 236 71
203 237 1
203 240 6
203 255 86
204 274 0
204 284 30
204 286 31
204 293 81
204 250 58
205 274 98
205 295 36
205 210 2
205 214 77
205 216 89
205 244 21
205 249 0
205 255 46
206 261 68
206 264 50
206 258 76
206 274 18
206 285 34
206 288 81
206 297 20
206 213 59
206 225 38
206 238 18
206 239 31
206 251 40
207 284 8
207 288 84
207 289 91
207 226 75
207 228 34
207 231 63
207 244 15
207 249 77
208 226 24
208 287 36
208 278 25
208 247 98
208 223 61
209 265 17
209 286 48
209 291 53
209 211 23
210 260 23
210 262 30
210 273 14
210 271 4
210 274 33
210 284 64
210 287 12
210 215 44
210 240 14
211 260 63
211 269 95
211 270 0
211 271 60
211 216 72
211 226 100
211 238 87
212 257 28
212 275 59
212 290 20
212 214 70
212 232 43
212 244 99
213 257 35
213 231 27
213 263 92
213 269 40
213 220 81
214 260 77
214 281 8
214 285 83
214 298 88
214 279 77
214 227 25
214 237 12
215 269 7
215 276 24
215 281 17
215 282 17
215 290 13
215 291 62
215 299 38
215 216 84
215 217 31
215 222 64
215 231 68
215 233 7
215 234 27
215 242 10
215 248 32
216 270 37
216 286 17
216 293 94
216 267 6
216 219 58
216 225 86
216 234 63
217 254 81
218 259 10
218 269 83
218 288 99
218 236 55
218 245 12
218 247 80
218 251 80
218 253 82
219 299 97
219 288 86
219 228 8
219 237 95
219 252 46
220 256 100
220 259 78
220 279 23
220 227 22
220 236 64
221 263 20
221 268 77
221 261 12
221 292 81
221 222 92
221 240 46
221 241 99
222 232 22
223 266 48
223 281 52
223 293 94
223 234 86
223 245 39
223 246 78
224 260 31
224 264 42
224 272 51
224 275 58
224 285 71
224 289 99
224 271 56
224 230 4
224 240 93
224 243 20
224 254 63
225 299 69
225 226 21
225 229 8
225 237 69
225 255 38
226 295 23
226 234 17
226 247 13
227 258 74
227 263 23
227 278 100
227 228 96
227 230 59
227 232 5
227 240 1
227 252 51
228 256 41
228 259 68
228 272 94
228 273 89
228 283 98
228 286 7
228 235 25
228 239 46
228 244 3
228 246 12
229 258 58
229 259 85
229 274 87
229 278 94
229 286 42
229 294 65
229 233 48
229 237 93
229 238 59
229 239 47
229 248 41
229 250 0
230 290 71
230 297 47
230 298 1
230 243 58
230 250 95
231 270 47
231 277 92
231 285 71
232 263 31
232 267 22
232 271 11
232 280 69
232 253 66
233 260 43
233 265 43
233 282 60
233 297 69
233 239 96
233 242 2
233 255 16
234 237 78
234 239 38
235 263 37
235 278 64
235 249 90
235 254 33
236 272 13
236 281 47
236 282 78
236 286 29
236 270 86
236 239 26
236 240 99
236 242 58
236 249 26
237 259 18
237 252 7
238 258 80
238 270 81
238 272 70
238 240 3
238 242 89
238 253 85
239 256 50
239 262 66
239 276 48
239 285 71
239 294 20
239 295 57
239 247 22
239 255 76
240 264 65
240 275 62
240 277 96
240 285 82
241 257 80
241 287 7
241 294 19
241 264 32
241 247 17
241 249 48
242 271 28
242 274 70
242 281 15
242 255 7
243 258 0
243 250 94
243 251 97
244 257 59
244 264 1
244 256 17
244 289 2
244 296 27
245 247 83
245 252 34
246 273 20
246 286 86
246 293 85
246 255 75
247 274 5
247 281 68
247 285 75
247 288 80
247 251 79
248 260 76
248 262 20
248 265 98
248 268 79
248 283 29
248 292 21
248 251 61
248 252 32
248 254 44
249 266 27
249 267 36
249 292 32
249 299 46
249 270 24
250 262 16
250 264 75
250 286 69
250 298 77
251 263 40
251 285 13
251 290 38
252 258 36
252 281 20
252 282 10
252 289 11
252 295 88
253 259 47
253 268 29
253 273 82
253 274 60
254 281 29
254 284 21
254 262 41
254 255 54
255 264 3
255 277 61
255 261 98
255 274 16
256 274 33
256 279 59
256 288 97
257 280 30
257 283 32
257 297 99
258 285 51
258 293 85
259 260 35
259 271 9
259 274 76
259 278 50
259 285 92
259 287 10
260 263 92
260 275 67
260 283 65
260 286 20
260 288 47
260 292 100
261 262 60
261 281 31
261 291 15
262 270 15
262 282 54
262 289 43
262 292 42
262 299 99
262 279 18
262 277 9
263 264 90
263 265 91
263 268 49
263 280 86
263 289 72
263 299 14
263 274 91
265 275 52
265 286 100
266 291 27
266 295 99
267 274 29
267 285 32
267 269 79
267 270 36
268 285 95
268 287 97
269 280 46
269 298 67
270 271 90
270 289 84
271 279 51
271 297 38
271 298 84
272 273 8
272 275 22
272 278 6
272 279 82
272 298 41
273 289 83
273 293 63
273 294 54
273 298 82
274 277 69
274 287 32
274 292 98
274 293 89
274 295 98
274 299 19
275 277 75
275 295 35
276 284 92
276 277 71
277 278 45
277 297 62
278 288 91
278 296 18
279 282 91
279 298 77
280 282 23
280 288 29
280 293 54
281 299 16
282 297 62
284 290 25
285 286 54
285 289 52
285 290 7
285 292 92
285 296 47
286 290 68
287 288 59
287 296 23
287 297 14
288 295 65
288 298 58
289 292 1
289 294 3
292 297 34
293 294 29
294 297 45
296 298 57
297 299 98
