300 4000
0 97 30
0 98 29
0 260 80
0 244 5
0 295 63
0 170 53
0 107 7
0 44 52
0 110 2
0 207 17
0 48 54
0 180 12
0 277 14
0 119 0
0 84 44
0 186 87
0 92 5
0 218 43
0 126 0
0 255 7
1 257 57
1 8 54
1 9 71
1 143 61
1 149 68
1 283 3
1 157 42
1 289 82
1 163 43
1 166 37
1 112 15
1 42 31
1 199 11
1 177 29
1 50 5
1 64 76
1 71 99
1 201 16
1 90 20
1 224 54
1 99 86
1 110 21
1 240 11
2 3 42
2 272 98
2 148 45
2 152 83
2 156 14
2 288 65
2 290 82
2 175 80
2 176 93
2 51 65
2 62 8
2 191 47
2 193 78
2 69 80
2 208 83
2 81 41
2 84 73
2 85 95
2 217 61
2 91 83
2 229 73
2 114 34
2 246 10
2 251 24
2 254 13
3 129 80
3 259 15
3 23 34
3 286 89
3 294 11
3 40 55
3 170 6
3 171 79
3 178 33
3 158 35
3 185 4
3 66 74
3 205 74
3 207 83
3 87 87
3 228 30
3 91 89
3 226 13
3 100 38
3 231 58
3 235 69
3 118 13
3 123 31
4 266 58
4 151 93
4 140 71
4 141 31
4 142 90
4 279 7
4 25 68
4 156 13
4 165 53
4 177 31
4 10 29
4 73 31
4 202 8
4 206 94
4 89 74
4 93 77
4 103 8
4 236 93
4 240 55
4 243 46
4 247 53
4 250 99
4 125 14
5 128 8
5 224 52
5 260 98
5 166 44
5 201 58
5 202 33
5 43 28
5 109 57
5 176 1
5 50 35
5 82 40
5 151 95
5 68 36
5 91 12
5 60 7
5 221 47
5 277 51
6 256 1
6 258 48
6 270 90
6 18 15
6 147 11
6 277 22
6 152 35
6 27 42
6 31 69
6 168 53
6 298 4
6 171 39
6 47 94
6 50 41
6 184 65
6 57 45
6 61 78
6 69 40
6 206 42
6 142 1
6 87 92
6 88 93
6 108 17
6 251 84
6 127 86
7 129 67
7 130 100
7 132 84
7 9 25
7 138 74
7 258 91
7 16 40
7 146 41
7 23 13
7 153 59
7 157 43
7 165 4
7 44 97
7 61 83
7 194 23
7 198 36
7 80 61
7 217 92
7 236 77
7 112 15
7 243 65
7 122 81
8 262 37
8 16 88
8 23 76
8 154 59
8 26 47
8 160 23
8 35 20
8 168 73
8 182 85
8 187 54
8 188 16
8 191 26
8 64 77
8 67 47
8 199 75
8 74 48
8 210 71
8 215 86
8 94 83
8 226 74
8 249 14
8 123 83
8 254 46
9 271 56
9 272 89
9 146 4
9 20 97
9 23 65
9 281 51
9 154 95
9 288 78
9 33 82
9 290 77
9 39 9
9 50 18
9 58 24
9 160 71
9 198 56
9 74 0
9 76 1
9 77 16
9 78 35
9 208 95
9 209 51
9 206 84
9 221 62
9 94 30
9 95 13
9 235 68
9 115 94
9 246 80
9 249 16
9 124 31
9 213 73
10 256 93
10 138 77
10 142 32
10 273 82
10 22 38
10 281 82
10 154 65
10 155 16
10 34 12
10 166 58
10 299 13
10 48 92
10 60 30
10 74 67
10 205 14
10 209 69
10 212 50
10 95 29
10 224 9
10 228 61
10 38 97
10 251 99
10 124 82
11 96 35
11 226 34
11 131 92
11 229 25
11 103 55
11 264 12
11 268 89
11 266 53
11 139 8
11 44 35
11 162 50
11 242 96
11 147 55
11 171 66
11 23 51
11 120 19
11 57 77
11 92 10
11 245 66
12 137 14
12 269 16
12 272 24
12 150 56
12 281 59
12 26 8
12 285 46
12 30 10
12 290 53
12 41 88
12 178 2
12 186 88
12 191 1
12 200 43
12 81 39
12 218 96
12 91 83
12 94 53
12 97 81
12 99 75
12 102 60
12 233 73
12 112 76
12 169 2
12 252 47
12 255 88
13 225 35
13 107 75
13 36 7
13 39 86
13 264 53
13 235 95
13 207 4
13 275 67
13 85 42
13 150 1
13 247 43
13 57 10
13 223 79
14 129 18
14 61 25
14 197 60
14 294 48
14 71 74
14 233 60
14 170 72
14 44 12
14 77 80
14 242 19
14 189 13
14 240 65
14 114 96
14 275 48
14 20 91
14 214 20
14 244 19
14 33 5
14 125 29
14 30 7
14 166 4
15 257 93
15 271 26
15 272 16
15 146 35
15 22 64
15 23 20
15 152 40
15 284 24
15 29 63
15 292 8
15 166 15
15 44 91
15 45 51
15 50 2
15 184 97
15 62 37
15 202 90
15 78 19
15 207 53
15 80 84
15 99 12
15 221 72
15 94 4
15 144 44
15 227 11
15 228 37
15 103 99
15 274 65
15 111 96
15 211 70
15 123 43
16 132 34
16 136 95
16 146 74
16 19 10
16 196 74
16 27 6
16 295 70
16 244 5
16 58 80
16 191 88
16 68 88
16 69 61
16 199 11
16 204 79
16 77 59
16 210 31
16 98 34
16 105 12
16 106 28
16 240 86
16 116 26
16 250 66
16 63 39
16 252 60
16 125 60
16 127 15
17 224 17
17 33 14
17 213 4
17 294 59
17 241 18
17 188 88
17 193 30
17 139 53
17 242 29
17 288 98
17 49 5
17 210 3
17 212 15
17 21 41
17 87 92
17 116 98
17 143 49
17 124 11
17 286 42
17 255 91
18 260 7
18 261 2
18 135 95
18 270 21
18 274 23
18 149 63
18 29 84
18 289 17
18 163 81
18 295 68
18 297 74
18 170 96
18 190 97
18 192 3
18 65 51
18 199 9
18 200 19
18 291 16
18 212 67
18 233 8
18 238 13
18 111 54
18 245 24
18 247 100
18 249 51
18 42 47
19 130 71
19 108 44
19 272 55
19 145 38
19 149 18
19 24 2
19 284 48
19 166 44
19 297 99
19 61 99
19 65 75
19 195 68
19 203 43
19 156 87
19 211 78
19 220 5
19 233 15
19 236 99
19 253 42
19 112 32
19 245 72
19 121 84
19 250 52
19 125 44
20 261 36
20 135 86
20 136 6
20 140 50
20 270 60
20 278 68
20 24 71
20 284 15
20 287 54
20 34 76
20 165 42
20 49 89
20 168 56
20 297 17
20 45 27
20 46 70
20 48 46
20 264 43
20 57 60
20 74 26
20 206 57
20 156 95
20 211 96
20 90 71
20 94 24
20 226 45
20 102 26
20 110 22
20 113 19
20 119 54
21 288 25
21 112 87
21 226 34
21 131 18
21 244 1
21 214 12
21 39 29
21 232 35
21 42 66
21 199 16
21 172 56
21 285 27
21 208 85
21 116 67
21 150 78
21 119 83
21 153 19
21 284 88
21 189 14
22 128 61
22 130 15
22 260 32
22 152 49
22 148 70
22 279 75
22 24 55
22 26 32
22 34 53
22 296 88
22 170 97
22 43 13
22 46 91
22 176 8
22 50 43
22 183 59
22 186 25
22 191 39
22 195 50
22 211 95
22 92 55
22 221 48
22 224 34
22 232 77
22 238 5
22 116 17
22 246 69
22 121 42
22 298 45
23 130 61
23 264 45
23 142 42
23 148 3
23 150 78
23 154 36
23 33 62
23 163 56
23 165 69
23 295 14
23 174 45
23 53 37
23 183 55
23 196 74
23 77 44
23 211 51
23 223 95
23 229 43
23 102 74
23 231 42
23 247 15
23 252 56
24 259 80
24 262 40
24 136 62
24 139 87
24 268 89
24 282 94
24 155 73
24 156 13
24 293 56
24 264 34
24 178 92
24 185 98
24 186 50
24 80 52
24 213 51
24 91 25
24 244 29
24 118 27
24 248 40
24 123 85
24 126 12
25 130 24
25 267 19
25 269 74
25 270 61
25 147 25
25 281 50
25 284 32
25 32 25
25 290 37
25 37 18
25 295 67
25 51 39
25 54 90
25 188 14
25 190 60
25 64 16
25 210 2
25 83 81
25 293 62
25 227 53
25 232 78
25 167 9
25 244 8
25 246 58
25 126 83
26 262 81
26 265 22
26 143 43
26 146 29
26 155 81
26 289 44
26 162 4
26 292 72
26 165 61
26 297 32
26 176 51
26 50 73
26 54 76
26 56 87
26 223 69
26 193 17
26 69 64
26 73 1
26 290 55
26 216 4
26 36 27
26 218 21
26 271 65
26 93 68
26 95 99
26 101 74
26 104 28
26 246 8
26 120 74
26 249 17
26 127 1
27 64 31
27 80 81
27 98 33
27 155 68
27 100 69
27 70 99
27 40 29
27 202 39
27 139 22
27 256 43
27 176 42
27 120 17
27 57 2
27 123 92
27 266 88
27 94 89
27 255 21
28 101 29
28 44 55
28 106 78
28 107 64
28 268 34
28 146 86
28 207 30
28 79 75
28 48 55
28 280 0
28 210 99
28 211 49
28 148 30
28 87 23
28 202 27
28 84 100
28 154 45
28 283 84
28 42 4
29 130 19
29 134 89
29 135 72
29 141 13
29 142 22
29 272 24
29 288 94
29 112 19
29 162 86
29 296 68
29 298 40
29 172 83
29 174 84
29 180 9
29 185 70
29 186 31
29 188 49
29 62 16
29 201 82
29 202 93
29 205 4
29 213 44
29 89 35
29 220 79
29 108 21
29 237 64
29 240 46
29 119 10
29 122 80
29 255 3
30 257 88
30 130 46
30 264 14
30 137 1
30 275 5
30 284 90
30 158 48
30 162 99
30 291 72
30 165 33
30 295 40
30 42 80
30 177 26
30 68 55
30 203 87
30 212 89
30 90 75
30 104 54
30 110 63
30 254 61
31 193 60
31 291 45
31 36 58
31 178 33
31 136 59
31 169 11
31 42 15
31 139 57
31 274 7
31 46 95
31 112 65
31 273 95
31 242 42
31 211 47
31 276 19
31 202 47
31 218 81
31 216 75
31 232 82
32 134 25
32 138 60
32 139 28
32 148 26
32 279 98
32 152 1
32 291 61
32 292 90
32 293 50
32 40 34
32 171 30
32 172 25
32 46 91
32 175 5
32 181 21
32 183 12
32 57 34
32 62 18
32 66 0
32 198 50
32 201 8
32 204 4
32 77 47
32 87 60
32 95 100
32 240 87
32 115 15
32 190 38
32 248 49
32 122 76
32 123 34
33 282 10
33 269 89
33 144 98
33 149 12
33 154 88
33 285 83
33 166 38
33 167 53
33 40 63
33 298 87
33 180 70
33 57 8
33 59 83
33 67 73
33 68 97
33 198 28
33 72 82
33 202 15
33 209 74
33 210 37
33 224 100
33 225 4
33 103 78
33 104 79
33 242 26
33 244 33
33 247 69
33 248 76
34 256 59
34 129 26
34 135 18
34 273 6
34 146 96
34 147 51
34 238 31
34 283 18
34 197 95
34 164 90
34 294 25
34 299 45
34 222 53
34 54 84
34 190 41
34 69 47
34 215 24
34 94 57
34 225 84
34 98 94
34 108 12
34 110 98
34 239 48
34 244 12
34 124 61
34 127 100
35 256 75
35 269 45
35 270 33
35 274 1
35 147 59
35 276 89
35 280 51
35 157 47
35 292 57
35 37 20
35 294 64
35 41 58
35 42 65
35 172 42
35 46 96
35 49 92
35 183 99
35 65 67
35 194 57
35 198 83
35 73 88
35 204 91
35 85 14
35 214 61
35 224 70
35 233 46
35 106 68
35 235 12
35 108 16
35 237 63
35 247 97
35 255 3
36 263 78
36 266 80
36 141 19
36 279 35
36 157 99
36 168 12
36 135 63
36 173 32
36 52 57
36 183 81
36 64 43
36 80 71
36 86 38
36 88 91
36 219 70
36 231 22
36 233 68
36 107 63
36 108 63
36 242 10
36 123 98
36 125 26
37 132 5
37 270 74
37 143 46
37 272 52
37 277 61
37 160 64
37 295 26
37 169 68
37 171 64
37 175 49
37 177 57
37 184 69
37 57 77
37 189 88
37 82 52
37 219 12
37 220 17
37 253 24
37 241 79
37 116 85
37 297 65
37 248 58
37 121 12
37 251 30
37 125 94
38 131 23
38 133 18
38 264 79
38 137 7
38 195 90
38 148 59
38 279 88
38 280 30
38 156 49
38 285 12
38 292 80
38 296 10
38 45 56
38 185 51
38 186 79
38 189 73
38 75 10
38 203 32
38 205 32
38 206 85
38 80 88
38 210 86
38 224 65
38 239 3
38 116 34
38 247 22
38 120 2
38 250 17
38 251 88
39 128 45
39 135 26
39 140 33
39 148 93
39 158 3
39 287 99
39 288 2
39 292 67
39 47 49
39 179 91
39 203 100
39 78 26
39 217 66
39 103 7
39 231 67
39 236 77
39 122 89
39 125 3
39 255 94
40 135 70
40 139 8
40 152 83
40 165 40
40 295 97
40 45 97
40 46 60
40 175 93
40 50 95
40 185 44
40 64 45
40 75 46
40 76 72
40 211 26
40 212 65
40 232 50
40 112 88
40 124 1
41 260 78
41 262 24
41 153 56
41 165 12
41 169 68
41 182 56
41 58 95
41 187 89
41 60 77
41 197 41
41 72 50
41 268 21
41 206 83
41 215 61
41 227 87
41 111 21
41 114 29
41 115 83
41 297 76
41 248 30
41 254 70
41 255 55
42 145 69
42 148 88
42 278 55
42 279 12
42 281 25
42 157 35
42 289 51
42 290 72
42 165 65
42 167 56
42 170 72
42 173 95
42 177 44
42 50 83
42 190 38
42 199 11
42 91 35
42 94 44
42 223 60
42 101 2
42 115 14
42 248 100
42 124 45
43 106 15
43 128 0
43 290 100
43 260 6
43 96 42
43 170 97
43 111 97
43 243 100
43 276 9
43 62 59
43 57 50
43 185 27
43 93 96
43 222 71
43 85 68
44 226 98
44 133 92
44 231 93
44 103 92
44 266 79
44 268 14
44 47 74
44 271 64
44 212 66
44 254 76
44 119 57
44 55 1
44 155 29
44 286 70
44 52 53
45 259 58
45 141 71
45 150 36
45 291 100
45 171 89
45 173 86
45 53 38
45 185 61
45 68 27
45 197 32
45 71 50
45 72 96
45 74 6
45 208 53
45 83 4
45 212 97
45 88 21
45 220 40
45 221 62
45 94 45
45 103 18
45 211 30
45 248 77
46 139 59
46 269 68
46 271 100
46 273 58
46 69 80
46 287 86
46 164 40
46 165 57
46 298 1
46 171 50
46 172 25
46 177 12
46 180 48
46 182 47
46 52 15
46 189 53
46 62 88
46 197 82
46 200 38
46 73 48
46 206 68
46 80 39
46 83 35
46 86 25
46 215 9
46 218 33
46 143 44
46 230 7
46 103 85
46 236 39
46 245 87
46 123 65
46 127 36
47 259 85
47 264 51
47 270 28
47 144 99
47 149 71
47 156 2
47 295 59
47 164 55
47 242 84
47 175 89
47 177 49
47 181 85
47 55 35
47 61 89
47 72 72
47 205 71
47 219 85
47 225 25
47 107 33
47 240 68
47 114 14
47 125 78
48 129 4
48 258 9
48 264 11
48 272 74
48 276 98
48 294 6
48 181 3
48 54 24
48 183 56
48 57 85
48 206 33
48 82 69
48 224 77
48 97 16
48 104 85
48 234 23
48 237 81
48 239 62
48 112 41
48 113 11
49 265 76
49 271 59
49 273 82
49 274 3
49 275 92
49 151 45
49 155 16
49 294 11
49 182 74
49 194 70
49 70 23
49 202 65
49 75 19
49 291 77
49 213 46
49 88 55
49 103 21
49 107 67
49 242 60
49 253 83
50 131 54
50 132 57
50 277 55
50 283 62
50 261 3
50 162 19
50 294 75
50 296 11
50 184 21
50 185 46
50 59 53
50 188 69
50 198 0
50 76 29
50 81 14
50 92 50
50 101 34
50 106 38
50 239 4
50 113 91
50 119 92
50 166 5
50 127 19
51 129 78
51 267 47
51 152 20
51 282 47
51 157 22
51 160 95
51 163 95
51 293 50
51 166 20
51 175 6
51 176 49
51 179 51
51 183 39
51 57 38
51 58 46
51 64 45
51 71 65
51 207 5
51 83 88
51 92 49
51 101 80
51 229 27
51 110 8
51 241 19
51 118 19
51 247 45
52 132 82
52 136 76
52 137 79
52 146 67
52 148 69
52 277 82
52 153 66
52 155 35
52 290 3
52 299 66
52 177 78
52 265 52
52 58 98
52 189 96
52 192 64
52 70 84
52 201 24
52 76 71
52 77 47
52 207 92
52 91 91
52 225 43
52 240 24
52 276 61
53 131 84
53 261 5
53 262 84
53 266 34
53 139 40
53 141 100
53 274 94
53 154 83
53 283 53
53 284 100
53 282 3
53 54 74
53 59 75
53 74 41
53 213 68
53 214 87
53 88 78
53 225 82
53 230 85
53 235 9
53 247 93
53 250 63
53 127 78
54 256 6
54 257 9
54 262 56
54 268 99
54 142 30
54 274 32
54 276 96
54 151 71
54 166 61
54 168 36
54 179 21
54 186 70
54 181 47
54 197 58
54 206 22
54 215 51
54 219 10
54 228 4
54 234 26
54 239 73
54 127 43
55 131 41
55 132 51
55 151 95
55 274 58
55 259 41
55 279 49
55 152 67
55 283 2
55 286 12
55 288 74
55 165 34
55 296 44
55 298 3
55 188 18
55 197 69
55 204 16
55 213 45
55 221 50
55 94 70
55 101 100
55 146 97
55 239 0
55 123 55
56 65 52
56 162 94
56 260 92
56 70 20
56 145 73
56 232 30
56 169 44
56 171 26
56 173 44
56 270 30
56 168 81
56 210 65
56 115 11
56 244 100
56 152 58
56 100 54
56 282 69
56 72 33
57 132 59
57 261 90
57 135 91
57 143 99
57 159 80
57 291 30
57 164 36
57 167 38
57 296 8
57 169 57
57 180 87
57 288 98
57 203 88
57 71 46
57 200 91
57 201 91
57 241 11
57 204 55
57 269 89
57 96 51
57 106 93
57 76 65
57 113 58
57 117 56
58 129 30
58 179 90
58 74 32
58 159 58
58 288 20
58 291 71
58 61 55
58 192 47
58 194 59
58 67 43
58 201 82
58 202 75
58 203 44
58 79 26
58 209 73
58 211 22
58 88 41
58 100 2
58 231 20
58 238 25
58 189 41
58 121 46
58 251 44
59 259 40
59 136 70
59 140 68
59 272 51
59 158 92
59 292 39
59 168 53
59 172 29
59 173 57
59 188 58
59 181 19
59 194 96
59 70 88
59 161 54
59 74 64
59 77 18
59 206 44
59 209 9
59 211 63
59 94 5
59 225 64
59 98 48
59 228 41
59 103 89
59 232 78
59 144 94
59 236 85
59 242 22
59 124 45
59 125 47
60 97 59
60 66 84
60 259 78
60 266 97
60 81 94
60 246 91
60 279 63
60 120 9
60 137 81
60 219 61
60 265 72
60 94 37
60 159 27
61 265 87
61 142 60
61 144 31
61 274 6
61 296 0
61 189 86
61 71 2
61 75 65
61 82 40
61 84 100
61 91 11
61 221 54
61 96 37
61 113 57
61 147 96
61 244 95
61 124 99
61 127 64
62 256 29
62 137 62
62 138 75
62 141 21
62 272 3
62 146 94
62 147 70
62 148 42
62 283 29
62 163 93
62 298 26
62 178 22
62 184 7
62 185 77
62 188 5
62 66 80
62 68 11
62 71 59
62 119 26
62 84 55
62 85 16
62 214 96
62 90 36
62 220 89
62 199 78
62 97 66
62 111 14
62 113 41
62 118 36
62 247 90
62 276 6
62 255 32
62 124 92
62 254 61
62 213 47
63 289 70
63 290 58
63 164 93
63 133 79
63 130 7
63 239 91
63 201 90
63 126 93
63 236 43
63 175 68
63 271 92
63 240 26
63 146 76
63 158 65
63 246 60
63 88 87
63 213 68
63 219 21
63 253 65
63 94 89
64 128 80
64 132 84
64 134 52
64 141 10
64 144 17
64 148 62
64 155 4
64 165 8
64 295 100
64 297 56
64 172 66
64 136 28
64 178 57
64 66 42
64 195 98
64 69 100
64 194 17
64 214 31
64 217 60
64 100 30
64 101 47
64 102 82
64 235 81
64 121 46
64 126 19
65 258 13
65 133 95
65 135 53
65 271 27
65 289 84
65 172 12
65 177 17
65 179 66
65 186 96
65 71 44
65 78 85
65 86 77
65 218 26
65 143 61
65 222 95
65 223 94
65 96 10
65 97 96
65 100 6
65 107 66
65 238 56
65 254 33
66 130 4
66 260 67
66 261 55
66 134 43
66 136 64
66 139 90
66 141 62
66 147 96
66 276 71
66 149 10
66 283 8
66 157 19
66 158 85
66 171 71
66 173 17
66 189 78
66 199 3
66 258 62
66 75 64
66 205 28
66 210 70
66 91 21
66 96 64
66 100 34
66 110 100
67 258 90
67 261 92
67 265 3
67 143 97
67 163 63
67 165 78
67 295 81
67 299 98
67 177 1
67 181 14
67 196 30
67 198 57
67 201 16
67 208 6
67 99 42
67 218 64
67 95 57
67 226 25
67 227 41
67 233 19
67 108 90
67 114 68
67 117 57
67 250 8
67 253 81
68 259 14
68 133 33
68 265 69
68 270 46
68 153 63
68 162 37
68 291 59
68 292 62
68 287 30
68 197 72
68 70 45
68 73 98
68 204 75
68 205 15
68 209 93
68 212 42
68 85 82
68 86 55
68 221 82
68 103 4
68 233 35
68 236 28
68 109 23
68 245 13
68 248 14
68 124 100
68 125 82
69 133 34
69 136 96
69 138 73
69 139 93
69 141 34
69 271 24
69 278 17
69 157 39
69 164 84
69 294 54
69 173 61
69 180 65
69 181 59
69 70 87
69 200 54
69 206 14
69 84 24
69 220 63
69 95 99
69 232 92
69 106 87
69 115 0
69 120 52
69 121 78
69 124 63
70 264 28
70 295 17
70 168 34
70 179 42
70 159 100
70 196 6
70 118 71
70 77 17
70 218 50
70 92 72
70 93 20
70 96 13
70 233 63
70 109 33
70 111 88
70 242 11
70 246 91
70 120 49
70 124 58
71 259 45
71 267 97
71 157 92
71 163 2
71 293 25
71 297 95
71 299 9
71 174 11
71 181 58
71 75 86
71 79 87
71 81 64
71 220 78
71 99 5
71 234 69
71 240 87
71 113 84
72 128 62
72 245 39
72 228 53
72 293 91
72 263 3
72 202 95
72 267 80
72 177 9
72 114 88
72 117 96
72 118 60
72 154 75
72 91 80
72 124 42
72 250 45
72 149 21
73 129 92
73 194 75
73 292 29
73 134 54
73 263 37
73 295 95
73 175 91
73 177 33
73 213 10
73 219 35
73 280 85
73 251 89
73 285 93
74 269 15
74 299 61
74 174 28
74 175 96
74 179 60
74 185 41
74 188 26
74 191 40
74 204 67
74 209 15
74 211 72
74 216 37
74 218 38
74 221 68
74 95 70
74 102 57
74 239 17
74 247 86
74 276 64
74 251 22
75 265 54
75 275 86
75 149 62
75 154 86
75 156 11
75 161 36
75 162 13
75 291 55
75 170 40
75 180 96
75 182 22
75 203 72
75 204 5
75 214 3
75 220 48
75 222 6
75 104 85
75 243 42
75 250 17
76 139 40
76 141 50
76 143 83
76 273 31
76 282 5
76 286 28
76 161 88
76 291 33
76 299 64
76 174 27
76 158 62
76 191 90
76 204 32
76 81 20
76 217 5
76 223 75
76 209 5
76 296 24
76 114 72
77 132 58
77 263 64
77 264 30
77 276 99
77 277 95
77 282 61
77 155 5
77 163 12
77 164 79
77 190 63
77 201 97
77 216 8
77 217 81
77 222 79
77 226 97
77 240 67
77 114 33
77 118 37
77 126 55
78 258 32
78 131 53
78 278 6
78 271 77
78 273 4
78 150 36
78 293 64
78 171 65
78 173 86
78 176 31
78 196 13
78 201 48
78 202 77
78 81 44
78 226 28
78 99 54
78 103 9
78 167 11
78 116 16
79 130 7
79 133 99
79 266 95
79 150 89
79 160 44
79 161 20
79 178 50
79 184 39
79 117 88
79 288 58
79 195 53
79 221 68
79 105 22
79 234 8
79 235 87
79 114 21
79 116 7
79 245 4
79 124 22
79 125 96
80 129 95
80 275 68
80 149 92
80 281 71
80 282 74
80 285 39
80 288 23
80 172 80
80 246 37
80 206 29
80 207 14
80 229 29
80 240 69
80 147 32
80 118 9
80 119 39
81 136 1
81 143 22
81 144 2
81 273 11
81 277 25
81 285 92
81 171 25
81 264 83
81 193 79
81 207 68
81 219 51
81 102 17
81 104 0
81 239 8
81 240 78
81 114 77
81 124 57
82 289 6
82 131 73
82 292 12
82 87 2
82 241 6
82 178 59
82 83 68
82 116 54
82 164 75
82 247 86
82 228 56
82 299 50
82 188 88
82 158 11
82 287 74
83 258 19
83 131 52
83 261 0
83 144 58
83 274 27
83 276 9
83 152 54
83 288 88
83 290 34
83 293 46
83 166 61
83 169 14
83 176 78
83 177 92
83 196 57
83 197 32
83 200 65
83 201 66
83 247 49
83 162 11
83 87 78
83 100 34
83 103 5
83 105 66
83 111 43
83 119 52
83 124 45
83 125 72
84 133 52
84 268 96
84 273 29
84 274 66
84 278 57
84 154 59
84 285 95
84 261 42
84 176 65
84 85 28
84 91 16
84 96 21
84 239 74
84 116 69
84 250 62
84 251 89
84 124 63
84 126 29
85 262 68
85 265 96
85 266 28
85 293 28
85 296 58
85 180 86
85 187 46
85 200 37
85 258 65
85 141 72
85 86 73
85 221 10
85 222 4
85 100 9
85 235 25
85 108 40
85 112 4
85 242 39
86 131 47
86 132 20
86 134 44
86 266 18
86 269 13
86 281 5
86 165 95
86 167 91
86 182 86
86 191 18
86 197 95
86 203 79
86 141 3
86 87 74
86 164 65
86 94 75
86 228 28
86 231 39
86 113 61
86 247 82
86 122 93
87 129 50
87 262 15
87 257 90
87 137 39
87 280 53
87 283 28
87 158 62
87 101 22
87 104 77
87 105 68
87 108 57
87 109 49
87 112 23
87 245 78
87 125 66
87 126 97
88 257 1
88 130 26
88 263 89
88 268 57
88 142 68
88 271 75
88 146 98
88 282 76
88 159 9
88 166 73
88 299 64
88 172 13
88 176 48
88 182 17
88 195 74
88 215 2
88 143 23
88 94 10
88 95 96
88 120 80
88 254 7
89 129 78
89 98 36
89 131 15
89 135 27
89 298 30
89 171 75
89 141 94
89 176 15
89 106 49
89 277 67
89 118 17
89 215 81
89 184 42
89 92 91
89 247 75
90 193 38
90 130 82
90 262 18
90 209 60
90 105 24
90 140 14
90 205 12
90 206 84
90 207 83
90 272 34
90 141 41
90 269 13
90 233 4
90 154 32
90 251 42
90 285 91
90 95 47
91 141 30
91 270 85
91 274 76
91 282 15
91 295 48
91 173 34
91 177 100
91 196 98
91 200 66
91 201 74
91 95 13
91 116 100
91 118 90
91 249 2
91 122 56
91 125 90
92 259 37
92 283 88
92 162 39
92 295 58
92 170 38
92 174 47
92 175 98
92 200 86
92 208 76
92 229 18
92 104 44
92 105 89
92 108 100
92 239 24
92 240 58
92 114 15
92 127 29
93 192 40
93 226 2
93 231 3
93 296 50
93 297 18
93 170 38
93 167 80
93 268 77
93 111 3
93 145 8
93 274 68
93 99 43
93 212 82
93 151 9
93 187 33
93 222 71
94 259 13
94 267 17
94 145 66
94 155 89
94 287 57
94 291 43
94 175 46
94 181 37
94 193 76
94 194 32
94 198 63
94 213 51
94 97 98
94 241 98
94 117 37
94 120 1
94 250 96
95 261 7
95 135 79
95 270 12
95 279 27
95 154 77
95 286 88
95 191 51
95 160 21
95 194 43
95 207 71
95 211 3
95 223 69
95 235 25
95 238 10
95 116 99
95 117 29
96 135 9
96 139 38
96 270 24
96 296 49
96 172 78
96 117 89
96 197 80
96 216 26
96 224 58
96 229 18
96 107 41
96 115 73
96 245 30
96 125 23
97 256 6
97 258 89
97 259 21
97 136 56
97 269 20
97 283 43
97 285 41
97 293 45
97 169 71
97 178 16
97 186 100
97 220 18
97 221 93
97 223 72
97 100 55
97 239 52
97 243 44
97 118 0
97 249 62
97 122 57
98 129 39
98 260 4
98 128 43
98 144 49
98 273 89
98 275 15
98 151 64
98 280 24
98 283 90
98 299 2
98 182 99
98 200 34
98 204 23
98 152 14
98 272 28
98 122 56
98 125 26
98 254 33
99 135 29
99 280 38
99 282 87
99 169 92
99 174 31
99 177 81
99 202 30
99 104 84
99 112 62
99 242 79
99 243 71
99 244 98
99 246 35
99 247 45
99 248 94
99 125 23
100 137 4
100 139 81
100 269 65
100 270 63
100 159 30
100 163 95
100 169 92
100 179 18
100 184 63
100 199 74
100 219 25
100 221 15
100 103 41
100 236 4
100 112 8
100 118 54
101 131 92
101 133 86
101 138 11
101 146 3
101 275 87
101 166 64
101 181 10
101 184 58
101 199 18
101 208 31
101 221 64
101 222 17
101 232 95
101 106 1
101 274 74
101 245 70
101 119 3
101 248 38
102 256 74
102 262 42
102 138 63
102 143 37
102 146 99
102 275 49
102 149 89
102 285 53
102 289 92
102 293 38
102 294 37
102 168 91
102 204 75
102 214 85
102 223 94
102 166 85
102 232 93
102 105 20
102 234 75
102 245 7
102 253 64
103 257 13
103 263 31
103 172 75
103 269 9
103 142 12
103 272 10
103 197 30
103 198 46
103 200 13
103 215 82
103 105 69
103 107 96
103 211 29
103 127 1
104 132 15
104 269 16
104 142 79
104 165 13
104 297 67
104 179 21
104 191 17
104 193 24
104 203 21
104 199 39
104 205 75
104 208 0
104 210 27
104 216 79
104 221 20
104 105 44
104 109 90
104 111 88
104 113 98
104 242 4
104 116 41
105 107 0
105 274 95
105 275 24
105 281 6
105 284 72
105 161 55
105 290 54
105 296 20
105 172 40
105 175 66
105 184 50
105 191 20
105 201 96
105 226 5
105 235 32
105 111 48
105 240 5
105 119 63
105 252 95
105 253 90
106 171 74
106 138 89
106 145 0
106 289 71
106 162 11
106 296 91
106 156 67
106 185 17
106 193 6
106 209 76
106 222 68
106 227 3
106 241 85
106 243 49
106 116 50
106 125 45
107 290 84
107 133 78
107 225 5
107 298 50
107 275 13
107 215 70
107 120 69
107 260 47
107 154 65
107 189 86
107 286 54
108 259 65
108 262 33
108 136 40
108 270 49
108 146 99
108 287 21
108 293 60
108 176 53
108 181 82
108 159 77
108 134 24
108 197 100
108 207 16
108 110 92
108 112 27
108 117 63
108 122 26
108 124 71
109 260 83
109 135 92
109 215 74
109 274 91
109 281 14
109 287 26
109 288 53
109 176 65
109 184 72
109 205 98
109 228 80
109 229 37
109 110 40
109 239 96
109 112 84
109 120 46
109 249 91
109 122 29
110 179 53
110 256 72
110 145 2
110 149 15
110 278 79
110 151 75
110 154 9
110 155 56
110 112 0
110 164 44
110 295 84
110 175 65
110 186 80
110 161 48
110 207 38
110 216 42
110 220 99
110 223 93
110 240 22
110 242 15
110 123 18
110 252 26
111 131 22
111 261 8
111 266 81
111 139 58
111 271 66
111 272 42
111 153 15
111 286 71
111 288 47
111 165 43
111 295 49
111 298 54
111 172 32
111 178 60
111 203 27
111 205 30
111 208 43
111 220 13
111 231 59
111 234 15
111 235 83
111 238 75
111 169 44
111 250 22
111 123 34
112 256 82
112 151 35
112 175 21
112 157 97
112 291 92
112 292 70
112 167 65
112 170 35
112 263 52
112 181 12
112 185 57
112 192 42
112 199 92
112 213 64
112 216 14
112 231 82
112 244 28
112 245 7
112 127 9
113 256 15
113 289 87
113 290 100
113 262 11
113 299 8
113 172 85
113 200 20
113 275 24
113 116 48
113 158 15
113 276 9
114 263 85
114 136 16
114 144 85
114 277 10
114 152 63
114 199 24
114 172 33
114 194 96
114 202 75
114 205 97
114 223 68
114 230 28
114 236 11
114 246 70
114 120 55
114 149 98
115 258 21
115 260 25
115 269 100
115 271 19
115 146 70
115 150 34
115 159 47
115 299 31
115 183 87
115 224 26
115 209 55
115 211 43
115 213 49
115 228 47
115 233 6
115 237 27
115 243 99
115 126 80
116 133 83
116 264 77
116 140 37
116 141 27
116 149 77
116 152 34
116 281 54
116 155 38
116 158 27
116 291 22
116 296 9
116 180 38
116 182 72
116 195 59
116 213 30
116 216 66
116 224 100
116 244 26
116 248 19
116 250 8
116 127 57
117 143 55
117 150 91
117 157 79
117 170 34
117 172 74
117 175 26
117 177 32
117 185 4
117 199 16
117 204 12
117 206 83
117 232 26
117 245 63
117 249 7
118 138 20
118 267 91
118 142 79
118 284 38
118 166 21
118 167 100
118 296 13
118 297 4
118 179 31
118 182 48
118 196 81
118 222 31
118 229 35
118 231 55
119 136 98
119 138 5
119 271 56
119 272 96
119 273 99
119 279 75
119 152 65
119 164 94
119 179 30
119 181 22
119 187 59
119 233 36
119 235 90
119 241 3
119 245 18
119 246 90
120 266 19
120 268 89
120 142 23
120 271 74
120 272 59
120 273 64
120 153 40
120 288 79
120 175 25
120 196 43
120 200 4
120 211 50
120 216 97
120 231 82
120 233 47
120 247 62
120 122 45
120 125 23
121 256 18
121 226 27
121 291 44
121 292 66
121 227 38
121 263 26
121 142 49
121 280 11
121 148 24
121 183 80
121 184 36
121 241 35
121 188 10
121 221 94
121 159 54
122 131 23
122 214 13
122 140 24
122 157 59
122 168 89
122 170 5
122 182 39
122 201 68
122 228 56
122 235 69
122 243 59
122 248 74
123 139 40
123 269 81
123 280 27
123 285 89
123 158 44
123 162 20
123 136 35
123 180 59
123 193 6
123 183 92
123 212 55
123 229 13
124 262 98
124 264 80
124 272 24
124 146 94
124 154 47
124 288 86
124 175 51
124 180 57
124 186 40
124 290 95
124 218 73
124 228 24
124 229 26
124 234 75
124 237 75
124 212 26
124 298 28
124 125 13
124 126 57
124 127 28
125 129 55
125 258 68
125 261 55
125 263 74
125 265 69
125 270 2
125 271 35
125 294 61
125 299 56
125 177 63
125 137 10
125 229 9
125 237 29
125 248 87
125 254 64
126 260 25
126 136 39
126 265 44
126 268 72
126 271 48
126 145 41
126 285 51
126 296 17
126 177 53
126 243 43
126 249 44
126 189 27
126 194 21
126 195 66
126 197 78
126 198 14
126 210 41
126 212 88
126 218 33
126 232 72
127 132 100
127 263 50
127 137 52
127 280 46
127 154 4
127 287 14
127 174 91
127 175 4
127 189 66
127 186 30
127 195 28
127 200 38
127 227 46
127 252 73
127 239 16
127 245 57
127 247 27
128 161 65
128 162 10
128 291 18
128 166 69
128 258 54
128 142 89
128 240 93
128 179 48
128 212 56
128 270 75
128 216 38
128 220 91
128 157 86
129 134 97
129 155 55
129 166 80
129 168 71
129 297 27
129 171 93
129 179 48
129 194 14
129 197 66
129 217 20
129 220 48
129 236 54
129 247 12
130 131 19
130 278 70
130 262 35
130 141 55
130 145 42
130 269 34
130 293 18
130 171 23
130 183 57
130 185 37
130 134 46
130 197 84
130 208 100
130 209 86
130 218 28
130 239 7
130 276 23
131 135 69
131 140 20
131 272 62
131 146 13
131 151 74
131 152 63
131 281 45
131 282 76
131 158 46
131 159 16
131 163 8
131 293 69
131 294 64
131 263 13
131 176 85
131 190 63
131 202 39
131 208 37
131 286 95
131 231 63
131 238 14
131 241 77
132 267 32
132 275 56
132 277 17
132 280 40
132 284 24
132 157 26
132 158 50
132 162 6
132 292 6
132 168 71
132 215 39
132 219 92
132 223 3
132 144 61
132 233 94
132 235 100
132 236 97
132 239 39
133 134 48
133 135 68
133 280 93
133 155 99
133 157 53
133 174 46
133 192 80
133 199 69
133 222 99
133 226 52
133 238 22
133 241 55
133 245 65
133 251 54
134 135 39
134 138 21
134 269 51
134 154 55
134 282 19
134 164 90
134 167 26
134 174 39
134 180 0
134 181 14
134 200 91
134 217 9
134 225 30
134 227 32
134 229 46
134 230 28
134 295 59
134 244 35
134 253 44
134 255 19
135 275 71
135 153 71
135 156 9
135 289 89
135 167 59
135 171 100
135 173 98
135 188 39
135 189 62
135 196 46
135 202 6
135 205 37
136 279 24
136 155 88
136 293 43
136 184 30
136 194 11
136 195 14
136 196 12
136 201 58
136 218 36
136 225 57
136 233 67
136 241 67
137 258 20
137 278 23
137 279 69
137 280 69
137 287 62
137 290 37
137 291 18
137 165 46
137 166 99
137 295 27
137 191 63
137 201 26
137 211 69
137 212 72
137 268 29
138 256 63
138 141 60
138 152 69
138 283 80
138 166 8
138 175 94
138 191 51
138 201 29
138 207 24
138 226 47
138 232 42
138 190 40
139 262 21
139 270 68
139 146 25
139 174 8
139 285 28
139 161 0
139 184 18
139 189 74
139 191 61
139 201 79
139 214 44
139 220 4
139 222 31
139 223 11
139 233 6
139 237 59
139 241 24
139 250 61
140 258 33
140 263 61
140 272 65
140 276 89
140 280 51
140 159 16
140 294 72
140 295 37
140 299 58
140 177 6
140 195 56
140 205 80
140 166 80
140 245 60
141 258 6
141 261 50
141 266 44
141 271 23
141 272 17
141 218 13
141 163 0
141 299 11
141 179 47
141 182 21
141 185 26
141 186 78
141 188 26
141 198 93
141 200 56
141 204 44
141 202 64
141 216 19
141 236 9
141 251 20
142 193 54
142 205 27
142 208 2
142 219 99
142 156 47
142 229 31
143 277 45
143 286 77
143 159 88
143 288 49
143 299 28
143 184 9
143 189 49
143 192 9
143 198 72
143 201 5
143 219 49
143 221 16
143 209 55
143 243 1
144 258 31
144 267 72
144 150 38
144 156 35
144 158 5
144 288 57
144 162 71
144 164 96
144 168 60
144 169 11
144 170 96
144 183 30
144 194 10
144 196 95
144 230 93
144 237 90
145 176 64
145 257 72
145 232 35
145 203 41
145 238 59
145 222 49
145 209 28
145 152 93
145 202 6
145 187 56
145 188 20
146 264 29
146 148 31
146 151 58
146 281 90
146 157 8
146 286 15
146 288 75
146 169 86
146 172 51
146 173 78
146 187 40
146 195 50
146 198 24
146 203 95
146 204 65
146 218 74
146 227 61
146 228 7
146 241 72
146 190 61
147 160 84
147 230 58
147 261 72
147 298 24
147 235 63
147 172 76
147 288 51
147 275 61
147 217 22
147 240 99
147 252 44
147 191 35
148 268 72
148 269 53
148 282 41
148 163 66
148 167 16
148 173 77
148 175 71
148 176 9
148 182 80
148 196 2
148 209 1
148 222 80
148 234 66
148 251 88
149 288 78
149 267 96
149 263 73
149 172 58
149 274 18
149 217 91
149 189 70
150 193 1
150 245 98
150 294 51
150 262 62
150 225 49
150 236 18
150 273 84
150 268 51
150 223 15
150 191 60
151 157 40
151 287 74
151 161 61
151 291 11
151 292 22
151 173 31
151 177 8
151 186 46
151 196 14
151 202 18
151 230 34
151 239 72
152 263 3
152 268 99
152 158 34
152 281 27
152 286 91
152 161 9
152 290 29
152 181 76
152 182 19
152 183 94
152 192 69
152 194 34
152 199 78
152 213 31
152 229 38
152 273 27
152 237 45
152 253 65
153 193 76
153 290 67
153 260 14
153 266 80
153 268 72
153 237 4
153 196 9
153 182 25
153 265 34
153 155 44
154 260 40
154 157 24
154 159 6
154 291 46
154 164 88
154 169 23
154 211 54
154 232 94
154 234 32
154 241 1
154 247 84
154 250 88
155 266 30
155 276 66
155 277 63
155 280 62
155 194 20
155 195 92
155 207 55
155 226 38
155 229 97
155 247 0
155 253 72
156 263 99
156 266 17
156 161 87
156 293 68
156 167 58
156 296 44
156 171 59
156 186 76
156 194 6
156 197 9
156 199 40
156 208 12
156 272 28
156 228 55
156 230 75
156 243 58
156 245 78
156 250 69
157 272 17
157 159 62
157 292 36
157 174 36
157 208 82
157 212 92
157 250 96
157 226 4
157 234 5
158 269 74
158 273 97
158 288 53
158 290 77
158 163 84
158 168 39
158 191 71
158 181 29
158 183 47
158 207 95
158 209 37
158 232 97
158 210 77
159 270 76
159 273 99
159 163 54
159 294 53
159 196 64
159 218 68
159 221 52
159 166 81
159 245 46
159 253 2
159 255 73
160 281 59
160 289 58
160 164 56
160 173 10
160 177 84
160 182 50
160 265 38
160 186 9
160 188 98
160 196 93
160 203 40
160 214 44
160 220 15
160 228 88
160 238 26
160 252 9
160 254 36
161 260 46
161 261 17
161 272 64
161 273 85
161 286 2
161 164 33
161 167 80
161 191 14
161 195 6
161 200 97
161 204 69
161 202 84
161 217 30
161 223 35
161 187 72
161 229 13
161 232 42
162 282 7
162 292 14
162 296 72
162 183 22
162 186 63
162 194 40
162 226 52
162 241 11
163 179 0
163 263 58
163 270 61
163 278 92
163 279 50
163 287 1
163 290 99
163 166 41
163 298 16
163 171 74
163 174 3
163 184 41
163 192 55
163 195 73
163 206 20
163 217 7
163 199 90
163 231 71
163 239 29
163 190 90
163 251 48
163 252 41
164 275 13
164 277 14
164 293 44
164 192 92
164 262 54
164 247 12
164 205 15
164 208 7
164 185 77
164 227 42
164 233 86
164 234 15
164 250 56
165 258 83
165 263 13
165 279 66
165 286 70
165 171 99
165 186 3
165 189 59
165 190 90
165 212 77
165 215 73
165 223 75
165 237 80
165 232 70
166 258 68
166 285 14
166 287 21
166 293 73
166 214 61
166 233 32
166 235 95
167 281 82
167 282 51
167 288 74
167 294 95
167 172 24
167 174 78
167 179 55
167 189 98
167 190 85
167 196 63
167 197 2
167 204 36
167 185 64
167 222 21
167 226 57
167 235 88
167 241 28
168 179 94
168 201 6
168 175 72
168 178 6
168 243 52
168 215 66
168 287 17
169 258 98
169 270 36
169 274 92
169 282 77
169 295 40
169 179 70
169 182 80
169 196 91
169 204 48
169 210 99
169 212 41
169 218 73
169 235 81
169 241 91
170 258 73
170 263 100
170 269 89
170 275 78
170 299 73
170 182 42
170 189 25
170 213 16
170 250 97
170 233 5
170 236 49
170 237 9
170 246 79
171 265 4
171 270 79
171 277 25
171 182 90
171 201 20
171 215 29
171 235 61
171 236 56
171 242 73
172 216 21
172 239 2
172 289 70
172 285 24
172 184 56
172 191 96
172 209 44
172 212 6
172 222 52
172 229 42
172 237 55
173 258 51
173 274 65
173 276 33
173 293 65
173 295 57
173 175 67
173 193 55
173 203 46
173 184 3
173 229 13
174 260 96
174 262 31
174 280 10
174 298 30
174 184 91
174 205 51
174 210 47
174 217 70
174 228 89
175 263 3
175 280 28
175 297 13
175 298 81
175 178 98
175 185 27
175 193 99
175 211 13
175 276 91
175 231 5
175 239 47
175 249 73
175 251 78
176 285 58
176 261 23
176 291 63
176 292 63
176 294 33
176 186 31
176 188 83
176 203 57
176 241 23
176 246 51
176 249 80
176 255 54
177 263 74
177 285 15
177 245 55
177 206 25
177 234 99
177 235 42
177 252 69
178 267 44
178 268 16
178 272 22
178 275 54
178 294 2
178 188 50
178 193 18
178 200 65
178 212 46
178 215 64
178 222 20
178 236 41
178 253 29
179 278 78
179 279 28
179 197 77
179 185 50
179 192 33
179 196 19
179 199 34
179 213 21
179 217 62
179 237 96
179 246 62
179 250 9
180 256 49
180 266 97
180 269 11
180 294 91
180 297 22
180 185 85
180 191 52
180 192 79
180 195 12
180 201 78
180 212 28
180 217 83
180 236 55
181 259 86
181 266 13
181 274 35
181 284 35
181 291 71
181 299 90
181 189 7
181 247 14
181 214 82
181 221 100
181 225 52
181 187 34
181 243 47
181 254 47
182 257 27
182 262 12
182 187 85
182 201 75
182 202 44
182 203 5
182 207 60
182 250 84
182 225 30
183 289 99
183 299 35
183 184 96
183 205 36
183 208 61
183 211 4
183 228 41
183 245 25
183 250 18
184 269 30
184 284 78
184 286 68
184 185 29
184 215 3
184 222 1
184 234 79
184 238 55
184 250 64
184 251 12
185 280 9
185 275 56
185 296 77
185 199 52
185 207 79
185 210 3
185 211 28
185 225 83
185 254 91
185 255 6
186 258 25
186 299 42
186 261 1
186 271 44
186 278 16
186 194 65
186 199 23
186 206 21
186 218 5
186 222 5
186 230 46
186 237 61
186 255 41
187 290 13
187 227 95
187 295 57
187 269 41
187 286 77
187 212 25
187 281 24
187 218 96
187 219 47
187 264 21
187 287 27
188 263 89
188 289 14
188 290 21
188 222 36
188 245 96
188 248 58
189 260 91
189 282 18
189 291 6
189 299 89
189 201 34
189 208 77
189 209 7
189 222 4
189 241 55
189 249 77
189 253 81
190 260 30
190 262 55
190 264 79
190 265 12
190 277 38
190 286 86
190 290 62
190 197 10
190 202 44
190 217 8
190 238 88
191 257 82
191 263 33
191 258 59
191 279 97
191 283 87
191 292 98
191 199 13
191 205 20
191 209 27
191 238 76
191 245 19
191 246 83
191 249 48
191 251 35
191 255 77
192 196 6
192 231 39
192 202 35
192 242 48
192 209 72
192 278 95
192 279 13
192 234 58
193 259 61
193 272 54
193 274 5
193 286 8
193 288 59
193 199 14
193 206 92
193 210 88
193 211 3
193 221 49
193 226 24
193 227 72
193 251 41
193 252 65
194 268 59
194 274 99
194 281 82
194 283 37
194 289 72
194 209 34
195 257 2
195 261 74
195 262 0
195 265 94
195 288 0
195 199 34
195 202 16
195 206 69
195 214 53
195 225 31
195 234 88
196 275 80
196 281 11
196 295 100
196 297 18
196 213 73
196 220 34
196 237 83
196 241 15
197 260 57
197 261 0
197 266 83
197 278 91
197 296 55
197 198 14
197 215 67
197 244 93
197 246 50
198 257 11
198 258 44
198 259 99
198 267 70
198 254 12
198 205 55
198 208 46
198 209 6
198 229 39
198 239 90
198 245 23
198 250 65
199 268 62
199 269 36
199 275 74
199 282 74
199 288 100
199 203 4
199 214 74
199 218 74
199 221 86
199 224 35
199 227 97
200 261 56
200 275 22
200 277 38
200 281 86
200 285 20
200 286 69
200 288 23
200 290 94
200 299 25
200 215 25
200 222 87
200 229 74
200 242 63
201 263 42
201 279 17
201 284 72
201 286 72
201 290 5
201 219 51
201 295 69
201 298 2
201 210 68
201 218 57
201 211 3
201 253 15
201 255 84
202 272 44
202 275 20
202 217 70
202 271 58
202 220 67
202 224 66
202 273 35
202 240 62
202 246 18
203 258 2
203 278 40
203 215 98
203 223 54
203 226 60
203 250 78
203 253 30
203 254 42
204 259 88
204 278 51
204 282 90
204 294 50
204 215 87
204 216 58
204 218 100
204 219 80
204 225 10
204 250 77
205 260 19
205 275 100
205 279 26
205 295 11
205 206 100
205 233 0
205 241 78
205 253 73
206 260 46
206 282 55
206 284 60
206 214 3
206 216 48
206 228 52
206 234 53
207 257 21
207 277 52
207 281 81
207 229 97
207 249 13
208 266 33
208 281 71
208 291 67
208 292 68
208 294 22
208 215 68
208 224 72
208 232 91
208 233 12
208 234 100
208 238 26
208 240 55
208 242 33
208 253 59
209 263 45
209 291 56
209 293 42
209 265 45
209 225 79
209 245 100
210 267 76
210 271 38
210 274 11
210 226 8
210 228 65
210 246 70
210 253 56
211 258 25
211 278 43
211 270 96
211 213 96
211 221 10
211 241 96
211 247 78
211 249 97
212 256 13
212 271 98
212 288 0
212 226 4
212 232 85
213 258 83
213 264 48
213 236 31
213 246 62
213 247 20
214 277 86
214 284 23
214 289 26
214 293 16
214 216 17
214 224 22
214 229 58
214 244 81
215 273 67
215 260 95
215 216 3
215 229 77
215 248 62
215 251 90
216 238 94
216 287 5
216 295 52
216 296 3
216 220 26
216 241 80
216 242 68
216 247 7
216 248 93
216 251 78
216 252 43
217 260 44
217 263 98
217 264 31
217 286 24
217 294 9
217 225 60
217 230 56
217 233 51
217 249 37
217 250 97
217 252 16
217 253 94
217 255 51
218 256 46
218 263 59
218 275 3
218 288 98
218 289 77
218 291 69
218 220 17
218 221 46
218 226 26
218 235 51
219 257 92
219 285 8
219 296 78
219 299 63
219 271 8
219 242 11
219 243 86
220 263 97
220 268 57
220 291 72
220 228 94
220 232 10
220 243 59
220 252 70
221 269 80
221 284 51
221 238 98
221 244 36
222 259 53
222 264 73
222 286 33
222 292 82
222 229 67
222 247 100
223 278 32
223 289 75
223 227 97
223 230 87
223 225 1
223 242 2
223 246 13
223 251 78
224 241 88
224 243 11
224 277 53
224 284 53
225 235 96
225 292 57
225 293 84
225 296 52
225 299 95
226 280 65
226 246 23
226 247 89
226 249 50
227 229 6
227 257 38
227 271 95
227 276 16
227 246 12
227 250 72
227 233 39
228 260 12
228 286 56
228 287 45
228 236 13
228 251 31
229 263 81
229 293 71
229 297 5
229 270 10
229 235 45
229 244 18
229 245 100
229 253 2
230 262 59
230 233 91
230 299 28
230 236 6
230 244 87
230 281 8
231 278 76
231 291 24
231 244 35
231 282 77
231 254 75
232 260 67
232 262 78
232 269 37
232 280 36
232 284 96
232 288 76
232 241 1
232 244 24
233 257 94
233 261 62
233 273 51
233 247 99
233 241 18
233 244 65
233 251 33
234 272 14
234 298 67
234 248 9
235 282 92
235 237 10
235 242 62
235 247 23
235 248 16
236 254 35
237 279 37
237 284 15
237 287 85
237 290 8
237 238 85
237 247 74
238 265 72
238 271 50
238 273 30
238 280 30
238 285 1
238 286 53
238 246 86
239 267 21
239 288 11
239 299 13
239 244 60
240 259 49
240 291 7
240 298 74
241 256 12
241 279 62
241 283 100
241 294 26
242 265 61
242 266 53
242 277 6
242 278 30
242 286 12
242 287 52
242 251 40
243 274 98
243 246 61
243 264 36
243 296 20
244 260 34
244 271 99
244 274 88
244 294 23
244 298 55
244 250 11
244 255 32
245 292 55
245 252 23
246 268 2
246 274 34
247 267 18
247 285 100
247 283 71
247 297 17
247 292 67
248 256 95
248 263 10
248 272 96
248 275 81
248 279 82
248 290 5
248 255 47
249 265 50
249 278 38
249 284 67
249 285 12
249 296 86
250 256 60
250 259 79
250 254 20
251 264 65
251 274 33
251 290 28
252 256 18
252 261 99
252 264 16
252 266 51
252 270 92
252 280 89
252 287 47
252 290 48
252 292 90
252 293 13
253 263 56
253 272 94
253 274 48
253 276 26
253 280 50
253 290 62
253 292 86
253 298 47
253 287 44
254 293 84
254 270 93
255 267 94
255 277 53
255 278 32
255 279 42
255 286 84
255 292 59
255 293 75
255 298 4
256 260 50
256 261 59
256 266 73
257 273 12
257 266 0
257 268 20
257 274 81
257 281 92
258 276 30
258 288 33
259 265 68
259 266 8
259 269 20
259 280 72
260 278 51
260 293 29
261 267 28
261 274 46
261 280 16
261 295 17
261 297 7
261 289 98
262 266 3
262 276 79
263 264 0
263 273 15
263 275 12
263 281 89
263 282 73
263 293 22
263 298 85
264 270 20
264 280 39
264 274 34
264 282 87
264 283 39
265 269 13
265 279 22
265 286 48
265 288 95
265 290 44
265 294 94
266 268 5
266 286 70
266 287 47
267 273 11
267 276 39
268 278 1
268 288 97
269 277 2
269 286 2
270 287 24
271 278 15
271 285 78
272 279 35
272 283 66
272 295 76
273 277 95
273 285 53
273 289 86
275 299 51
276 277 98
276 281 71
276 296 6
276 287 10
277 280 90
277 295 26
278 293 29
279 296 73
279 291 87
280 283 29
280 288 48
280 290 42
280 292 28
281 288 64
283 284 10
283 288 37
283 294 52
283 295 81
284 290 68
285 292 29
286 294 36
286 296 92
288 298 63
289 295 32
290 299 4
291 292 80
292 293 2
292 294 71
296 299 22
