300 4000
0 1 31
0 179 14
0 6 79
0 136 88
0 266 75
0 146 26
0 24 30
0 288 93
0 37 80
0 295 23
0 297 81
0 172 38
0 173 79
0 176 10
0 51 63
0 181 13
0 54 33
0 184 78
0 190 81
0 192 71
0 196 69
0 71 17
0 72 90
0 82 58
0 86 48
0 216 55
0 89 74
0 99 49
0 167 100
0 113 22
0 118 88
0 125 93
1 131 23
1 134 53
1 267 12
1 146 8
1 279 52
1 280 73
1 281 13
1 159 62
1 46 53
1 179 5
1 187 12
1 62 12
1 71 14
1 72 61
1 201 14
1 94 72
1 95 48
1 226 12
1 99 12
1 230 84
1 241 91
1 244 100
1 249 21
1 251 40
1 125 48
1 126 21
2 299 60
2 265 74
2 147 42
2 278 7
2 33 91
2 37 32
2 38 25
2 171 35
2 50 69
2 137 37
2 60 21
2 61 57
2 63 19
2 193 1
2 194 31
2 200 81
2 80 95
2 233 66
2 92 33
2 293 36
2 228 90
2 102 95
2 252 1
2 241 17
2 247 68
2 249 4
2 124 90
2 253 80
3 256 19
3 290 55
3 100 50
3 103 71
3 264 34
3 196 22
3 76 55
3 13 53
3 14 38
3 15 20
3 176 72
3 209 10
3 19 99
3 116 73
3 110 79
3 217 52
3 26 76
3 283 43
3 93 77
3 159 0
4 258 49
4 7 9
4 11 5
4 15 51
4 16 98
4 273 84
4 155 65
4 287 53
4 36 94
4 180 26
4 181 85
4 55 76
4 193 38
4 195 40
4 196 37
4 78 79
4 214 43
4 220 27
4 233 64
4 234 9
4 107 88
4 237 90
4 111 72
4 244 83
5 129 2
5 278 55
5 13 74
5 16 39
5 18 40
5 22 89
5 161 86
5 290 93
5 168 82
5 298 78
5 61 35
5 191 91
5 195 45
5 200 85
5 73 25
5 215 16
5 217 21
5 220 63
5 222 70
5 96 58
5 98 67
5 100 42
5 229 12
5 232 29
5 244 22
5 245 54
6 132 81
6 17 64
6 276 100
6 21 67
6 154 54
6 30 33
6 287 61
6 164 37
6 39 62
6 299 6
6 66 28
6 196 2
6 77 37
6 78 52
6 79 93
6 84 72
6 86 37
6 219 84
6 93 26
6 96 74
6 110 19
6 246 80
6 212 35
6 122 95
6 125 13
7 149 0
7 129 76
7 226 23
7 267 49
7 81 99
7 139 94
7 18 90
7 17 34
7 82 76
7 131 85
7 180 5
7 113 20
7 89 22
7 289 95
7 292 74
7 122 59
7 155 26
7 36 98
7 94 19
7 191 34
8 258 39
8 9 100
8 269 61
8 14 95
8 15 69
8 88 51
8 18 24
8 276 46
8 24 74
8 25 90
8 26 13
8 29 49
8 164 95
8 173 22
8 157 58
8 55 24
8 61 39
8 203 79
8 205 50
8 141 44
8 81 84
8 211 8
8 216 60
8 89 42
8 219 18
8 97 85
8 98 7
8 228 76
8 229 50
8 230 30
8 110 48
8 115 93
8 245 23
8 247 97
8 248 54
8 255 32
9 130 9
9 269 1
9 16 14
9 145 28
9 274 29
9 275 49
9 153 43
9 285 2
9 288 85
9 297 98
9 45 52
9 47 83
9 182 24
9 186 72
9 60 66
9 65 89
9 66 64
9 54 20
9 204 30
9 216 87
9 217 55
9 90 90
9 29 14
9 223 80
9 108 25
10 272 38
10 162 23
10 66 10
10 169 28
10 279 24
10 78 36
10 151 48
10 142 26
10 47 86
10 92 21
10 145 42
10 274 77
10 276 16
10 85 43
10 183 61
10 56 32
10 57 29
10 44 46
10 156 12
10 248 64
10 63 27
11 256 21
11 130 48
11 266 10
11 267 56
11 12 50
11 148 93
11 23 14
11 287 61
11 160 58
11 290 83
11 167 9
11 40 10
11 58 35
11 151 19
11 191 77
11 77 71
11 207 59
11 91 0
11 186 4
11 105 75
11 235 40
11 111 6
11 245 53
11 118 30
11 233 36
11 125 51
11 126 30
12 137 10
12 149 35
12 156 69
12 285 50
12 30 68
12 31 17
12 34 69
12 163 95
12 293 75
12 166 74
12 41 75
12 189 20
12 203 22
12 78 30
12 208 38
12 210 10
12 84 49
12 88 30
12 92 55
12 229 3
12 243 67
12 121 22
12 277 40
13 32 79
13 97 56
13 98 49
13 15 63
13 204 8
13 76 61
13 109 71
13 175 47
13 112 59
13 56 43
13 163 48
13 20 59
13 268 57
13 233 58
13 24 91
13 207 99
13 221 54
13 62 75
13 197 83
14 261 36
14 263 20
14 23 38
14 151 14
14 154 42
14 28 39
14 158 72
14 36 29
14 37 61
14 166 26
14 40 79
14 184 45
14 63 37
14 76 62
14 79 63
14 86 56
14 215 11
14 219 13
14 97 49
14 121 31
14 251 27
14 255 46
15 257 53
15 142 100
15 273 37
15 20 53
15 157 99
15 159 88
15 160 6
15 50 27
15 51 53
15 287 25
15 62 85
15 246 54
15 199 31
15 200 46
15 78 46
15 215 71
15 228 33
15 230 42
15 105 19
15 113 57
15 244 83
15 118 8
15 254 42
15 255 90
16 263 24
16 266 17
16 17 21
16 19 44
16 150 72
16 279 84
16 25 35
16 288 50
16 161 11
16 162 17
16 296 25
16 224 17
16 203 98
16 75 76
16 81 41
16 83 0
16 214 24
16 87 21
16 92 87
16 96 47
16 228 60
16 111 75
16 113 55
16 242 40
16 246 45
16 120 87
16 253 68
17 265 50
17 139 26
17 143 37
17 18 45
17 19 67
17 23 19
17 283 84
17 290 88
17 274 7
17 224 48
17 197 95
17 95 5
17 96 22
17 272 94
17 99 26
17 100 48
17 237 24
17 112 70
17 241 65
17 247 69
17 248 37
18 257 46
18 266 55
18 269 74
18 277 36
18 286 0
18 168 100
18 42 36
18 48 29
18 264 68
18 51 72
18 56 7
18 58 66
18 204 94
18 216 13
18 90 54
18 186 1
18 223 30
18 229 25
18 234 13
18 112 17
18 115 99
18 245 3
19 138 68
19 139 30
19 276 1
19 238 5
19 284 52
19 285 49
19 287 92
19 163 81
19 292 100
19 39 60
19 169 29
19 299 97
19 180 59
19 54 5
19 159 5
19 188 7
19 203 54
19 205 88
19 79 52
19 89 19
19 223 44
19 224 37
19 97 82
19 99 72
19 145 92
19 272 76
19 112 32
19 243 66
19 255 22
20 142 50
20 274 4
20 280 52
20 283 33
20 156 81
20 287 69
20 288 95
20 164 5
20 168 74
20 176 65
20 49 8
20 50 74
20 57 2
20 65 81
20 195 67
20 246 50
20 199 0
20 205 65
20 206 99
20 89 87
20 221 92
20 109 89
20 244 22
20 118 54
20 124 18
20 253 96
20 254 39
21 128 99
21 259 76
21 150 43
21 272 68
21 275 97
21 22 86
21 56 16
21 27 74
21 30 80
21 283 68
21 165 4
21 38 21
21 298 89
21 43 3
21 50 49
21 53 51
21 183 66
21 184 87
21 189 64
21 192 54
21 196 100
21 70 48
21 199 92
21 78 84
21 81 73
21 84 75
21 87 8
21 216 60
21 90 60
21 219 63
21 236 11
21 110 64
21 113 5
21 120 83
21 249 30
22 131 74
22 136 89
22 271 1
22 274 49
22 30 94
22 159 17
22 41 10
22 171 78
22 174 92
22 49 98
22 115 27
22 72 22
22 205 47
22 78 90
22 207 21
22 208 83
22 86 89
22 92 35
22 223 36
22 105 56
22 243 41
22 244 32
22 121 54
23 256 64
23 129 3
23 131 80
23 133 39
23 136 98
23 148 23
23 278 96
23 294 85
23 50 84
23 46 51
23 178 31
23 181 32
23 62 86
23 198 42
23 77 45
23 215 86
23 88 49
23 93 53
23 223 57
23 97 47
23 106 30
23 119 11
23 121 60
23 253 28
24 256 5
24 258 17
24 107 24
24 100 66
24 135 100
24 171 79
24 268 51
24 46 65
24 120 32
24 82 48
24 276 9
24 54 7
24 88 98
24 164 85
24 255 81
25 132 39
25 278 8
25 286 70
25 298 35
25 173 67
25 174 65
25 264 3
25 178 41
25 55 85
25 66 25
25 70 82
25 202 71
25 79 45
25 82 19
25 213 80
25 86 11
25 218 39
25 229 99
25 250 57
25 123 4
25 252 20
26 160 36
26 162 12
26 69 52
26 236 21
26 106 52
26 299 99
26 108 6
26 142 7
26 80 28
26 177 60
26 275 5
26 149 8
26 219 62
26 41 29
26 89 20
26 27 80
26 252 26
27 261 77
27 263 41
27 137 51
27 145 58
27 147 20
27 278 19
27 29 82
27 293 71
27 166 91
27 297 31
27 175 0
27 72 87
27 73 35
27 209 30
27 88 100
27 217 25
27 218 8
27 165 87
27 228 98
27 229 20
27 116 4
27 254 91
27 119 43
27 120 100
27 251 90
27 126 65
28 258 93
28 278 53
28 284 78
28 39 35
28 171 53
28 173 95
28 175 64
28 184 54
28 57 90
28 193 84
28 71 71
28 205 37
28 206 77
28 207 80
28 212 37
28 86 3
28 220 94
28 99 23
28 229 28
28 112 12
28 125 89
29 130 53
29 141 75
29 275 1
29 148 56
29 156 49
29 286 61
29 34 90
29 40 52
29 169 76
29 46 88
29 47 95
29 189 36
29 72 79
29 76 2
29 98 3
29 208 35
29 86 81
29 220 1
29 229 6
29 226 67
29 101 11
29 105 71
29 111 28
29 114 7
30 264 26
30 272 51
30 162 49
30 39 93
30 299 15
30 176 77
30 54 54
30 55 50
30 192 10
30 75 0
30 80 8
30 81 4
30 212 5
30 213 98
30 91 60
30 97 26
30 104 72
30 208 3
30 240 2
30 123 68
30 126 70
30 127 66
31 195 9
31 278 17
31 294 88
31 135 45
31 60 48
31 295 25
31 43 73
31 240 7
31 88 40
31 163 71
31 158 5
31 73 21
31 119 8
31 120 41
31 201 74
31 155 14
31 252 27
31 62 45
32 194 33
32 203 51
32 292 100
32 197 80
32 38 46
32 39 73
32 200 96
32 137 25
32 139 90
32 236 1
32 270 35
32 176 17
32 49 79
32 146 54
32 294 57
32 36 43
32 90 93
32 159 48
32 284 52
32 127 51
33 132 75
33 133 38
33 135 94
33 282 8
33 161 73
33 298 23
33 299 79
33 176 99
33 50 11
33 181 74
33 55 20
33 58 90
33 187 63
33 190 73
33 67 69
33 197 33
33 84 6
33 93 48
33 94 32
33 246 14
33 123 1
33 232 98
33 114 54
33 118 92
33 251 100
34 287 57
34 167 12
34 173 51
34 47 2
34 177 63
34 202 25
34 74 25
34 76 35
34 208 9
34 211 31
34 216 100
34 90 35
34 97 60
34 227 85
34 102 58
34 103 35
34 106 37
34 295 44
34 110 26
34 121 61
35 261 54
35 134 28
35 266 91
35 271 90
35 272 59
35 151 88
35 161 60
35 294 69
35 40 96
35 42 34
35 179 23
35 190 78
35 70 74
35 202 74
35 207 61
35 208 31
35 84 33
35 223 29
35 96 77
35 230 56
35 103 20
35 233 63
35 239 7
35 112 15
36 257 25
36 265 83
36 141 18
36 279 36
36 155 75
36 158 97
36 240 15
36 37 90
36 39 52
36 170 54
36 176 97
36 48 5
36 115 82
36 62 79
36 160 38
36 71 93
36 81 31
36 211 52
36 98 69
36 100 39
36 103 53
36 112 37
36 243 41
36 251 43
36 253 98
37 229 39
37 230 15
37 279 56
37 204 23
37 109 6
37 143 85
37 222 3
37 238 37
37 174 91
37 213 37
37 54 79
37 151 1
37 92 12
37 61 77
37 286 20
37 130 98
38 129 25
38 139 17
38 284 20
38 158 68
38 288 37
38 294 52
38 42 53
38 71 13
38 57 36
38 188 61
38 189 78
38 65 18
38 205 65
38 79 21
38 90 34
38 221 78
38 95 10
38 99 25
38 228 84
38 236 31
38 111 98
38 244 24
39 258 40
39 262 61
39 135 52
39 138 48
39 279 29
39 143 95
39 276 84
39 217 1
39 159 12
39 163 3
39 171 2
39 172 62
39 57 33
39 64 86
39 67 56
39 196 75
39 197 17
39 73 47
39 207 26
39 80 80
39 248 45
39 214 97
39 89 87
39 263 63
39 103 95
39 111 67
39 116 12
39 120 15
39 126 92
40 281 46
40 282 21
40 158 33
40 288 42
40 292 45
40 167 93
40 42 78
40 178 72
40 185 70
40 186 100
40 61 59
40 197 54
40 198 22
40 199 68
40 78 1
40 212 43
40 90 81
40 98 62
40 227 33
40 231 20
40 232 68
40 111 53
40 116 70
40 252 34
41 266 13
41 269 76
41 270 33
41 272 30
41 275 97
41 154 80
41 159 53
41 295 94
41 169 0
41 51 72
41 54 60
41 57 2
41 58 1
41 61 23
41 73 4
41 205 24
41 89 11
41 90 51
41 102 35
41 244 96
41 249 92
41 251 39
41 125 30
41 255 57
42 138 74
42 144 48
42 151 3
42 154 2
42 218 83
42 162 97
42 93 63
42 54 39
42 195 83
42 201 47
42 209 22
42 217 89
42 90 16
42 221 72
42 272 6
42 103 73
42 236 64
42 114 24
42 244 6
42 126 74
43 256 29
43 299 79
43 65 34
43 140 22
43 143 65
43 275 3
43 279 21
43 280 44
43 285 68
43 289 75
43 291 23
43 170 70
43 171 82
43 46 24
43 176 21
43 183 79
43 60 75
43 193 93
43 67 100
43 69 81
43 207 25
43 208 36
43 209 35
43 99 27
43 101 9
43 110 27
43 245 18
43 123 65
44 262 40
44 141 33
44 271 46
44 146 23
44 275 62
44 149 12
44 158 71
44 294 41
44 295 39
44 94 80
44 56 24
44 186 36
44 59 22
44 201 30
44 78 3
44 207 48
44 80 45
44 184 91
44 87 85
44 220 32
44 221 54
44 222 75
44 95 16
44 96 13
44 225 38
44 102 94
44 107 64
44 116 49
44 246 27
44 247 15
44 121 78
44 255 29
45 129 56
45 259 26
45 134 48
45 264 83
45 266 68
45 143 86
45 277 28
45 153 11
45 285 55
45 165 81
45 169 19
45 299 87
45 48 44
45 183 3
45 65 14
45 69 57
45 90 50
45 271 69
45 94 11
45 223 27
45 227 54
45 297 62
45 249 29
46 130 42
46 131 4
46 263 64
46 264 78
46 271 4
46 144 79
46 145 44
46 275 54
46 283 58
46 290 96
46 296 34
46 297 80
46 54 0
46 184 46
46 195 12
46 71 35
46 202 56
46 208 98
46 210 67
46 213 12
46 224 41
46 229 83
46 102 39
46 104 39
46 105 7
46 247 42
46 122 69
47 131 96
47 217 89
47 287 85
47 164 98
47 166 70
47 167 4
47 197 98
47 53 23
47 54 20
47 137 97
47 57 46
47 60 42
47 64 2
47 69 37
47 71 93
47 204 77
47 205 28
47 79 35
47 83 98
47 216 69
47 89 16
47 220 63
47 233 84
47 249 58
47 123 77
47 124 12
48 160 59
48 213 44
48 235 74
48 70 48
48 198 52
48 273 64
48 299 62
48 174 53
48 272 96
48 81 61
48 242 42
48 211 82
48 276 69
48 53 46
48 55 88
48 280 18
48 284 4
48 95 19
49 260 65
49 137 90
49 148 88
49 277 58
49 153 57
49 289 45
49 166 31
49 295 71
49 182 43
49 183 32
49 56 47
49 58 58
49 60 55
49 65 20
49 197 23
49 74 14
49 77 4
49 89 5
49 90 55
49 93 3
49 102 73
49 167 55
49 243 84
49 118 80
50 263 17
50 272 7
50 156 71
50 284 38
50 161 8
50 92 13
50 171 92
50 184 92
50 69 82
50 201 27
50 80 84
50 82 45
50 135 44
50 229 96
50 234 25
50 235 51
50 244 41
50 245 14
50 121 56
51 224 77
51 290 94
51 82 62
51 235 98
51 258 21
51 256 79
51 274 6
51 53 22
51 150 99
51 215 63
51 160 72
51 282 41
51 79 22
51 60 98
51 126 5
51 117 53
52 256 48
52 133 71
52 267 68
52 271 35
52 277 45
52 280 37
52 159 10
52 163 10
52 175 9
52 176 44
52 179 13
52 56 47
52 61 31
52 67 82
52 200 79
52 201 89
52 74 89
52 77 57
52 184 73
52 211 46
52 217 12
52 220 90
52 235 40
52 189 23
52 122 98
52 255 81
53 261 14
53 137 32
53 139 67
53 270 69
53 146 37
53 148 40
53 154 10
53 159 90
53 168 75
53 174 79
53 185 83
53 189 53
53 199 62
53 75 9
53 208 65
53 87 81
53 221 31
53 106 89
53 111 87
53 241 27
53 245 12
53 120 69
54 152 58
54 151 42
54 160 43
54 289 28
54 297 15
54 182 66
54 56 95
54 195 81
54 79 39
54 88 72
54 89 22
54 219 15
54 92 89
54 224 67
54 99 81
54 104 9
54 237 71
54 238 95
54 113 16
54 115 18
54 245 89
54 170 24
55 257 20
55 134 27
55 138 77
55 271 28
55 272 30
55 149 11
55 158 96
55 197 69
55 177 56
55 136 15
55 58 21
55 189 44
55 64 87
55 67 92
55 69 4
55 207 37
55 186 31
55 232 56
55 239 42
55 251 62
55 254 2
56 142 73
56 279 80
56 182 78
56 57 100
56 60 74
56 192 9
56 195 32
56 196 68
56 81 95
56 85 47
56 221 66
56 223 39
56 96 87
56 225 95
56 106 65
56 238 49
56 112 52
56 249 71
56 127 91
57 135 85
57 265 94
57 146 90
57 276 5
57 277 37
57 150 74
57 153 100
57 282 5
57 159 55
57 164 25
57 299 29
57 94 1
57 137 80
57 186 58
57 266 85
57 198 81
57 204 95
57 207 89
57 217 91
57 222 30
57 226 21
57 235 98
57 114 39
57 254 80
58 259 98
58 132 13
58 133 54
58 262 57
58 264 3
58 144 86
58 279 67
58 298 52
58 174 73
58 182 27
58 190 22
58 87 21
58 89 22
58 218 54
58 92 89
58 222 3
58 224 44
58 234 34
58 108 18
58 237 44
58 110 70
58 240 22
58 242 80
59 290 4
59 260 79
59 69 11
59 75 2
59 66 84
59 175 57
59 272 43
59 276 3
59 86 88
59 151 85
59 84 85
59 122 40
59 207 72
59 156 2
59 223 70
60 262 98
60 264 97
60 274 39
60 275 23
60 156 22
60 293 59
60 166 12
60 174 21
60 180 33
60 182 99
60 69 45
60 74 77
60 216 78
60 103 73
60 234 21
60 244 33
60 123 80
61 133 47
61 140 91
61 150 61
61 280 91
61 167 68
61 177 1
61 178 9
61 180 99
61 190 45
61 198 50
61 201 76
61 220 49
61 100 24
61 295 93
61 169 38
61 124 16
61 264 77
62 138 100
62 269 64
62 142 17
62 154 49
62 283 33
62 288 7
62 295 2
62 175 16
62 187 92
62 68 37
62 71 31
62 141 72
62 208 80
62 89 43
62 91 29
62 92 82
62 104 68
62 243 8
62 118 17
62 251 87
62 124 40
63 133 4
63 145 16
63 281 86
63 153 11
63 154 21
63 287 90
63 288 25
63 162 11
63 292 23
63 166 28
63 167 32
63 74 77
63 191 29
63 69 60
63 202 86
63 76 46
63 77 25
63 78 59
63 215 14
63 218 50
63 106 44
63 236 43
63 249 5
63 124 59
64 260 15
64 261 55
64 88 43
64 152 32
64 156 34
64 291 74
64 164 53
64 293 34
64 297 79
64 299 47
64 177 16
64 184 22
64 186 65
64 189 36
64 68 64
64 81 43
64 211 4
64 216 46
64 89 66
64 97 20
64 209 54
64 105 46
64 112 52
64 246 75
64 119 77
64 125 11
64 255 3
65 133 76
65 266 16
65 216 38
65 147 93
65 155 31
65 158 97
65 174 96
65 175 25
65 180 7
65 199 3
65 72 90
65 87 86
65 88 88
65 90 36
65 227 20
65 294 15
65 234 87
65 238 16
65 240 9
65 116 0
65 117 65
65 276 3
65 250 86
65 252 90
65 126 52
65 166 20
66 134 47
66 144 18
66 149 64
66 278 5
66 163 42
66 184 49
66 190 78
66 196 33
66 198 94
66 77 58
66 206 8
66 79 6
66 211 95
66 216 16
66 217 14
66 92 29
66 231 61
66 123 20
66 255 18
67 275 5
67 227 62
67 68 18
67 230 57
67 200 18
67 76 81
67 106 31
67 140 91
67 110 71
67 272 90
67 242 29
67 99 5
67 245 52
67 154 83
67 156 80
67 93 42
68 132 65
68 138 76
68 144 43
68 145 50
68 154 100
68 158 29
68 296 35
68 170 59
68 173 90
68 184 52
68 197 85
68 204 57
68 83 53
68 88 30
68 94 24
68 97 36
68 102 91
68 273 18
68 233 79
68 110 27
68 250 29
69 130 78
69 268 15
69 143 53
69 144 7
69 276 47
69 282 66
69 284 30
69 159 87
69 288 23
69 290 28
69 171 8
69 180 99
69 225 44
69 73 58
69 74 91
69 204 92
69 208 32
69 97 82
69 240 32
69 244 23
69 122 53
69 191 25
70 135 77
70 145 39
70 154 82
70 284 41
70 297 35
70 183 89
70 186 87
70 190 80
70 210 53
70 87 35
70 92 88
70 222 25
70 97 12
70 100 77
70 231 9
70 107 84
70 245 10
70 251 9
70 125 82
70 127 43
71 260 90
71 264 37
71 138 19
71 140 25
71 256 99
71 277 76
71 155 92
71 293 79
71 167 22
71 156 77
71 179 92
71 84 63
71 225 16
71 230 76
71 234 53
71 235 1
71 116 53
71 245 21
71 169 21
71 120 28
71 252 90
71 255 15
72 256 73
72 260 65
72 276 32
72 157 61
72 290 51
72 166 11
72 242 57
72 184 3
72 200 51
72 76 8
72 78 2
72 208 38
72 84 6
72 88 90
72 92 59
72 223 73
72 98 65
72 241 70
72 114 12
72 126 89
72 124 70
72 254 46
73 256 20
73 258 27
73 265 77
73 138 19
73 276 1
73 151 48
73 157 5
73 283 52
73 293 95
73 175 46
73 184 31
73 96 6
73 207 45
73 80 82
73 212 82
73 90 96
73 224 24
73 225 70
73 231 19
73 232 50
73 105 37
73 112 13
73 114 87
73 246 46
73 251 16
74 262 74
74 268 85
74 275 8
74 279 39
74 156 3
74 197 77
74 134 100
74 174 79
74 185 52
74 76 10
74 77 44
74 209 68
74 83 40
74 213 64
74 87 18
74 237 32
74 112 17
74 126 42
75 130 98
75 260 55
75 138 49
75 267 17
75 141 68
75 148 8
75 159 91
75 168 86
75 180 13
75 246 46
75 202 43
75 78 78
75 82 51
75 213 66
75 225 77
75 109 93
75 112 33
75 241 41
75 118 8
75 122 60
75 251 86
75 125 89
75 127 4
76 256 52
76 214 31
76 134 28
76 265 67
76 138 10
76 141 94
76 271 96
76 151 93
76 283 52
76 159 1
76 289 36
76 165 59
76 295 19
76 193 68
76 78 78
76 210 15
76 270 87
76 86 14
76 215 19
76 220 10
76 225 24
76 229 71
76 109 1
76 112 91
76 241 80
76 117 63
76 124 34
77 263 95
77 138 98
77 279 39
77 154 38
77 159 95
77 162 33
77 177 88
77 193 21
77 195 81
77 85 60
77 221 5
77 103 97
77 110 69
77 240 42
77 245 94
77 249 78
78 128 47
78 261 69
78 137 58
78 139 2
78 269 14
78 283 27
78 157 27
78 286 9
78 169 44
78 158 5
78 266 58
78 203 2
78 205 40
78 86 85
78 219 85
78 97 94
78 244 99
78 117 80
78 120 88
78 122 66
79 133 8
79 267 99
79 269 87
79 276 28
79 155 5
79 289 62
79 168 15
79 176 95
79 192 43
79 212 79
79 232 14
79 111 69
79 241 79
79 245 6
79 120 76
79 249 58
80 130 77
80 261 82
80 267 83
80 271 39
80 272 76
80 276 17
80 282 100
80 297 97
80 173 13
80 286 60
80 213 44
80 216 74
80 227 59
80 101 90
80 238 15
80 240 20
80 118 50
80 251 27
80 127 36
81 259 88
81 260 67
81 132 71
81 282 5
81 286 95
81 163 47
81 180 27
81 158 45
81 196 20
81 246 73
81 201 28
81 203 84
81 213 56
81 88 39
81 225 37
81 228 93
81 102 41
81 233 7
81 109 3
81 118 62
81 124 30
82 258 82
82 265 78
82 267 31
82 272 53
82 274 65
82 147 5
82 293 30
82 299 64
82 177 40
82 182 75
82 183 55
82 212 89
82 86 45
82 218 98
82 94 12
82 243 55
82 118 6
82 254 29
83 289 61
83 194 72
83 230 68
83 294 26
83 162 76
83 130 59
83 141 8
83 188 41
83 245 88
83 89 69
83 218 85
83 219 77
83 92 84
83 126 60
84 128 94
84 129 44
84 259 64
84 260 82
84 265 37
84 145 80
84 274 42
84 282 7
84 262 17
84 171 17
84 137 43
84 186 25
84 192 52
84 89 61
84 218 3
84 225 91
84 228 7
84 229 16
84 102 47
84 120 48
84 122 18
84 255 16
85 195 100
85 164 93
85 197 49
85 241 97
85 145 56
85 299 98
85 140 100
85 205 49
85 113 68
85 211 53
85 277 98
85 150 40
85 119 26
85 100 47
85 90 100
85 123 28
85 122 56
85 126 68
86 278 88
86 138 26
86 140 96
86 269 57
86 272 17
86 145 66
86 288 81
86 165 65
86 177 22
86 201 48
86 209 36
86 214 85
86 216 71
86 90 87
86 293 87
86 231 91
86 239 60
86 243 95
86 121 58
86 122 28
87 263 54
87 140 81
87 145 95
87 274 97
87 285 100
87 291 22
87 172 12
87 183 63
87 194 77
87 205 0
87 210 27
87 146 52
87 114 31
87 243 33
87 125 16
88 193 56
88 144 62
88 148 61
88 149 16
88 284 31
88 157 71
88 288 75
88 296 24
88 172 92
88 173 0
88 285 56
88 176 81
88 177 25
88 220 20
88 224 54
88 272 46
88 100 4
88 106 88
88 276 20
88 250 76
88 277 6
89 130 1
89 261 44
89 137 65
89 142 93
89 278 22
89 287 84
89 168 25
89 179 85
89 196 15
89 202 30
89 206 90
89 94 68
89 225 83
89 233 72
89 241 87
89 242 80
89 117 20
89 246 1
89 119 25
90 268 73
90 283 38
90 289 37
90 175 27
90 183 97
90 189 82
90 190 87
90 194 48
90 205 51
90 206 71
90 208 67
90 219 87
90 96 80
90 99 26
90 100 89
90 117 40
90 247 32
90 248 85
90 127 75
91 192 1
91 208 51
91 195 21
91 132 79
91 101 22
91 134 98
91 292 38
91 106 23
91 238 69
91 99 47
91 164 95
91 242 52
91 153 55
91 251 27
91 126 88
92 262 54
92 130 68
92 237 92
92 157 69
92 289 63
92 291 65
92 296 32
92 197 69
92 199 12
92 201 79
92 227 19
92 230 68
92 109 10
92 110 97
92 239 17
92 117 7
92 254 22
93 264 2
93 138 68
93 141 19
93 271 18
93 146 46
93 195 20
93 157 24
93 288 68
93 161 72
93 171 54
93 179 64
93 183 96
93 187 64
93 160 79
93 200 24
93 224 69
93 98 24
93 230 69
93 109 63
93 114 3
93 170 68
94 259 64
94 267 52
94 142 19
94 273 12
94 285 96
94 158 89
94 288 100
94 162 45
94 165 80
94 172 18
94 173 8
94 180 81
94 191 73
94 195 70
94 197 22
94 161 28
94 208 19
94 100 70
94 230 59
94 231 62
94 234 96
94 243 31
94 126 46
95 138 23
95 276 86
95 288 74
95 291 37
95 164 72
95 298 21
95 174 53
95 192 13
95 160 77
95 215 33
95 218 59
95 222 80
95 99 54
95 231 66
95 241 22
95 118 81
95 124 10
96 162 97
96 137 12
96 114 56
96 210 79
96 276 81
96 247 26
96 248 98
96 122 38
96 156 2
96 254 2
96 255 92
97 134 35
97 268 7
97 271 96
97 276 76
97 150 83
97 282 64
97 154 38
97 172 90
97 173 67
97 176 78
97 178 89
97 179 60
97 190 39
97 141 49
97 217 51
97 224 13
97 275 32
97 252 20
98 260 21
98 133 27
98 267 59
98 273 53
98 279 49
98 154 59
98 288 75
98 295 69
98 168 92
98 171 32
98 287 12
98 202 56
98 141 47
98 212 7
98 227 90
98 102 47
98 105 78
98 234 39
98 238 52
98 240 48
98 241 27
98 243 55
98 118 93
98 233 57
98 248 43
98 125 66
99 129 27
99 132 34
99 135 76
99 138 85
99 267 78
99 268 53
99 151 70
99 290 55
99 164 100
99 297 41
99 298 64
99 257 41
99 175 89
99 191 41
99 197 20
99 140 56
99 202 23
99 273 29
99 113 38
99 114 73
99 116 74
99 251 34
100 271 26
100 276 52
100 287 33
100 160 20
100 161 64
100 290 33
100 173 48
100 180 56
100 201 29
100 221 72
100 236 11
100 110 93
100 122 11
100 125 65
101 258 44
101 132 53
101 263 73
101 268 81
101 151 29
101 156 7
101 285 1
101 160 86
101 169 76
101 172 90
101 175 65
101 176 55
101 187 46
101 208 60
101 226 69
101 104 56
101 236 79
101 297 82
101 120 64
102 192 73
102 116 70
102 296 65
102 236 62
102 208 11
102 178 27
102 246 2
102 249 33
102 251 3
103 256 32
103 133 96
103 134 23
103 137 11
103 138 38
103 269 12
103 145 67
103 152 59
103 156 80
103 290 37
103 294 74
103 175 76
103 183 40
103 188 59
103 201 32
103 141 49
103 216 7
103 220 79
103 221 54
103 104 100
103 113 66
103 244 25
103 127 99
104 129 47
104 133 33
104 257 48
104 273 6
104 150 6
104 152 41
104 288 37
104 292 52
104 170 41
104 135 19
104 181 82
104 116 30
104 197 44
104 201 17
104 211 63
104 212 26
104 231 91
104 236 9
104 244 68
104 249 99
104 250 1
105 133 51
105 136 54
105 137 46
105 266 97
105 269 68
105 146 24
105 282 0
105 158 3
105 292 79
105 165 94
105 168 52
105 175 43
105 186 32
105 210 54
105 218 50
105 225 38
105 106 100
105 274 69
105 241 21
105 127 70
106 256 47
106 260 36
106 262 66
106 136 81
106 270 15
106 293 84
106 171 55
106 172 95
106 177 36
106 184 93
106 193 31
106 199 4
106 212 33
106 235 11
106 238 54
106 111 68
107 258 32
107 133 64
107 136 85
107 269 71
107 144 86
107 282 56
107 158 59
107 166 56
107 299 97
107 173 32
107 178 94
107 183 50
107 184 59
107 189 86
107 226 85
107 109 55
107 240 14
107 115 52
107 117 8
107 118 58
107 119 90
107 250 59
107 253 24
107 126 76
108 266 96
108 267 46
108 140 42
108 271 56
108 145 88
108 277 90
108 278 20
108 158 51
108 163 51
108 294 69
108 169 61
108 192 85
108 196 25
108 197 17
108 207 99
108 215 79
108 218 92
108 231 41
108 235 53
108 239 71
108 116 29
108 246 9
109 160 59
109 165 45
109 136 43
109 143 31
109 214 3
109 264 25
109 217 14
109 168 87
109 158 20
109 133 2
110 135 86
110 264 51
110 138 70
110 148 15
110 282 59
110 284 64
110 262 81
110 295 67
110 220 56
110 189 19
110 192 79
110 214 57
110 235 63
110 126 91
110 246 10
110 251 40
110 254 8
111 135 72
111 136 100
111 278 87
111 152 65
111 281 2
111 282 9
111 161 70
111 181 88
111 190 41
111 191 81
111 209 26
111 144 37
111 228 36
111 122 75
112 262 3
112 272 33
112 289 29
112 162 57
112 163 25
112 293 67
112 175 26
112 176 46
112 224 42
113 129 17
113 265 45
113 140 10
113 151 86
113 159 10
113 177 52
113 119 8
113 216 93
113 272 72
113 115 64
113 244 78
113 118 86
113 247 99
113 121 80
113 127 2
114 135 23
114 268 51
114 142 87
114 273 82
114 151 18
114 158 12
114 288 16
114 290 71
114 174 55
114 179 91
114 286 45
114 196 37
114 161 61
114 225 59
114 234 28
114 237 92
114 125 52
115 263 22
115 136 45
115 278 30
115 279 20
115 167 76
115 183 11
115 193 82
115 202 12
115 206 79
115 207 77
115 208 64
115 209 54
115 228 55
115 122 85
115 124 82
115 255 57
116 260 91
116 134 68
116 236 66
116 140 48
116 269 49
116 271 77
116 273 98
116 282 23
116 164 35
116 295 47
116 297 31
116 299 66
116 188 96
116 191 4
116 204 79
116 218 34
116 143 56
116 222 95
116 226 67
116 227 91
116 246 8
116 121 84
117 128 49
117 149 28
117 282 81
117 293 100
117 294 25
117 181 60
117 189 79
117 198 34
117 200 28
117 204 73
117 208 14
117 214 51
117 229 98
117 251 65
118 263 17
118 137 19
118 272 92
118 280 50
118 161 70
118 292 95
118 172 91
118 189 70
118 194 21
118 217 86
118 250 58
118 122 60
118 252 99
119 192 90
119 291 42
119 197 42
119 136 88
119 168 35
119 138 18
119 256 45
119 241 61
119 275 63
119 277 10
119 182 29
119 152 4
120 258 48
120 135 82
120 140 50
120 288 97
120 178 23
120 180 33
120 186 30
120 190 69
120 195 59
120 235 62
120 212 52
121 257 66
121 258 14
121 132 47
121 263 7
121 264 75
121 267 75
121 272 52
121 147 28
121 149 56
121 159 92
121 164 65
121 241 25
121 297 33
121 202 1
121 221 52
121 233 92
121 234 20
121 236 100
121 245 29
121 122 10
121 251 30
121 125 88
122 259 18
122 135 27
122 139 45
122 141 11
122 272 4
122 273 40
122 284 94
122 178 4
122 188 56
122 191 39
122 193 35
122 196 55
122 213 47
122 242 9
122 243 94
123 129 76
123 299 57
123 260 75
123 139 1
123 272 56
123 273 65
123 280 18
123 155 97
123 156 43
123 164 12
123 173 82
123 180 48
123 286 81
123 191 62
123 195 21
123 199 68
123 205 63
123 210 82
123 213 41
123 292 87
123 240 11
123 126 18
124 260 4
124 262 67
124 267 48
124 132 11
124 166 58
124 169 29
124 198 100
124 209 36
124 221 19
124 227 95
124 229 57
124 231 99
124 235 9
124 241 39
124 127 88
125 133 31
125 141 55
125 276 69
125 155 19
125 293 87
125 295 85
125 168 70
125 284 19
125 186 60
125 201 8
125 269 34
125 211 69
125 217 50
125 218 51
125 297 93
125 247 14
126 267 78
126 275 31
126 276 58
126 149 86
126 289 13
126 175 35
126 180 44
126 181 38
126 189 2
126 216 36
126 229 17
126 233 88
126 237 37
126 246 77
127 132 64
127 133 11
127 266 77
127 279 61
127 268 40
127 273 3
127 151 28
127 260 50
127 297 46
127 175 59
127 181 35
127 197 4
127 201 54
127 153 33
128 256 5
128 197 74
128 199 51
128 275 46
128 266 94
128 299 81
128 173 28
128 207 51
128 270 45
128 243 43
128 150 36
128 253 1
128 286 30
128 287 80
129 262 36
129 276 16
129 279 12
129 155 31
129 167 50
129 171 18
129 189 41
129 192 58
129 222 65
129 224 5
129 233 32
129 237 26
129 239 80
129 245 81
129 249 85
129 250 83
129 252 43
130 132 25
130 133 61
130 262 68
130 136 68
130 270 81
130 273 96
130 274 13
130 275 30
130 279 85
130 155 77
130 160 84
130 162 15
130 199 71
130 208 21
130 212 21
130 221 46
131 256 92
131 257 77
131 294 92
131 198 97
131 169 74
131 193 65
131 141 75
131 241 38
131 242 94
131 285 77
131 247 68
131 207 49
131 157 76
131 222 98
131 287 83
132 259 45
132 261 25
132 136 66
132 158 91
132 179 11
132 208 11
132 216 100
132 223 69
132 245 10
133 259 83
133 135 20
133 146 91
133 150 44
133 284 67
133 285 54
133 291 42
133 292 85
133 177 100
133 181 98
133 206 64
133 209 69
133 216 24
133 225 16
133 229 71
133 233 12
133 252 27
134 264 44
134 152 73
134 153 74
134 294 57
134 184 71
134 185 91
134 194 26
134 205 90
134 269 86
134 218 39
134 224 76
134 246 3
134 247 25
135 141 1
135 151 38
135 152 27
135 155 4
135 157 11
135 286 34
135 291 87
135 166 2
135 167 69
135 178 35
135 192 12
135 197 52
135 204 47
135 218 2
135 225 52
135 231 62
135 239 95
136 264 12
136 265 2
136 138 59
136 258 96
136 145 77
136 153 74
136 183 64
136 190 16
136 195 90
136 200 100
136 204 27
136 222 45
136 224 96
136 234 21
136 236 16
136 242 90
136 251 80
137 265 31
137 146 16
137 164 72
137 299 25
137 179 52
137 189 79
137 195 58
137 209 20
137 222 49
138 265 68
138 274 80
138 147 41
138 148 30
138 154 70
138 155 9
138 293 20
138 294 42
138 180 15
138 196 51
138 208 64
138 215 98
138 254 25
139 278 13
139 283 86
139 284 97
139 289 18
139 155 1
139 174 64
139 183 84
139 190 31
139 193 76
139 194 22
139 208 44
139 233 75
139 234 97
139 244 3
139 246 85
139 252 3
140 299 23
140 261 25
140 151 63
140 268 44
140 270 7
140 279 3
140 155 32
140 159 2
140 295 77
140 170 72
140 172 75
140 173 72
140 175 34
140 178 34
140 180 29
140 197 73
140 201 11
140 230 12
141 256 98
141 259 28
141 277 51
141 159 37
141 288 22
141 289 22
141 166 88
141 297 53
141 200 17
141 209 11
141 210 97
141 217 99
141 245 12
142 275 94
142 285 87
142 287 13
142 288 71
142 171 28
142 183 72
142 160 92
142 194 42
142 201 34
142 202 43
142 143 93
142 218 100
142 271 47
142 221 7
142 230 81
142 245 54
142 248 1
142 252 42
143 144 81
143 277 76
143 154 93
143 158 63
143 294 43
143 168 18
143 298 9
143 189 9
143 215 52
143 220 75
143 223 3
143 165 71
143 231 41
143 232 40
143 245 72
143 254 71
144 259 54
144 267 4
144 216 5
144 235 77
144 280 32
144 153 97
144 158 55
144 293 5
144 295 28
144 172 25
144 221 42
144 186 81
144 199 31
144 210 60
144 230 34
144 254 20
145 263 33
145 273 24
145 284 32
145 162 4
145 293 20
145 201 64
145 210 40
145 212 47
145 252 49
145 254 93
146 267 32
146 270 22
146 148 47
146 149 19
146 280 61
146 153 93
146 283 31
146 286 42
146 290 83
146 166 96
146 191 80
146 288 85
146 198 14
146 199 5
146 200 41
146 205 67
146 207 77
146 211 13
146 214 26
146 238 33
146 239 80
146 245 39
146 233 4
146 249 25
146 251 54
147 251 32
147 242 37
147 243 69
147 151 88
147 221 51
147 254 15
148 261 68
148 263 22
148 153 76
148 292 58
148 293 64
148 295 33
148 188 42
148 220 6
148 222 5
148 235 93
148 242 58
148 250 69
149 260 70
149 270 85
149 280 28
149 157 39
149 286 79
149 159 55
149 288 72
149 191 22
149 183 78
149 209 79
149 217 23
149 220 55
149 232 74
149 246 63
149 248 44
149 252 51
150 232 62
150 233 80
150 267 60
150 256 67
150 275 26
150 185 99
150 283 90
151 274 53
151 279 28
151 154 60
151 157 42
151 286 89
151 178 0
151 183 7
151 193 5
151 194 85
151 214 58
151 233 50
152 257 79
152 259 68
152 273 45
152 154 87
152 282 92
152 286 14
152 163 48
152 295 9
152 177 1
152 180 92
152 188 13
152 218 2
152 219 1
152 249 39
153 269 22
153 173 77
153 278 18
153 287 55
153 297 28
153 190 64
153 200 4
153 205 38
153 215 38
153 233 2
153 236 1
153 244 17
154 260 73
154 263 50
154 163 30
154 295 33
154 168 3
154 299 26
154 175 34
154 180 5
154 196 28
154 226 85
154 228 33
154 240 69
154 242 34
154 281 72
154 254 98
155 159 4
155 289 31
155 198 95
155 206 37
155 236 79
155 242 39
155 247 29
156 275 7
156 281 63
156 283 32
156 285 18
156 289 84
156 293 40
156 176 43
156 177 64
156 181 3
156 205 72
156 219 96
156 230 12
156 248 33
156 252 11
157 260 87
157 160 30
157 289 98
157 291 12
157 164 17
157 294 17
157 173 67
157 181 85
157 190 7
157 209 3
157 211 59
157 219 67
157 225 71
157 229 91
157 238 83
157 242 93
157 245 41
157 246 60
157 255 55
158 281 18
158 159 30
158 165 77
158 186 97
158 189 49
158 190 55
158 194 72
158 205 53
158 210 100
158 211 44
158 216 93
158 272 54
158 233 52
158 239 7
158 248 82
159 278 32
159 282 11
159 286 68
159 168 55
159 169 21
159 180 51
159 185 91
159 209 52
159 219 1
159 297 49
159 231 74
159 255 90
160 256 77
160 263 22
160 272 7
160 274 81
160 275 72
160 286 38
160 288 71
160 162 38
160 293 39
160 294 77
160 221 19
160 186 69
160 200 93
160 217 78
160 234 77
160 248 7
161 194 28
161 182 99
161 275 25
161 202 15
161 272 67
161 209 99
161 253 29
161 216 45
161 252 98
161 255 9
162 258 56
162 264 24
162 285 91
162 292 87
162 201 66
162 217 94
162 219 56
162 227 8
162 243 19
162 248 90
163 256 32
163 283 61
163 290 84
163 164 46
163 170 92
163 184 29
163 189 37
163 192 15
163 205 100
163 209 41
163 214 33
163 217 77
163 225 61
163 240 12
163 245 87
163 247 67
164 269 87
164 270 93
164 185 83
164 292 32
164 232 80
164 244 49
165 227 6
165 196 86
165 263 27
165 236 57
165 177 55
165 222 48
165 284 95
165 216 90
165 218 79
165 188 52
165 287 92
166 267 92
166 282 15
166 291 58
166 169 53
166 180 30
166 196 44
166 217 73
166 255 15
167 261 77
167 276 26
167 280 39
167 291 0
167 295 1
167 181 57
167 188 73
167 290 26
167 222 47
167 250 48
167 253 0
167 254 76
168 276 38
168 290 27
168 185 52
168 188 14
168 189 26
168 196 13
168 197 62
168 212 11
168 219 83
168 226 16
168 238 34
168 241 53
168 249 69
169 256 2
169 286 60
169 183 84
169 184 30
169 213 37
169 217 70
169 218 33
169 239 6
170 291 61
170 198 32
170 199 42
170 212 19
170 248 40
170 249 63
170 282 8
170 285 57
170 255 18
171 271 26
171 288 74
171 292 55
171 179 41
171 183 56
171 190 87
171 194 33
171 209 40
171 212 68
171 225 81
171 232 96
171 246 70
171 250 45
171 252 95
172 257 15
172 200 2
172 298 10
172 235 2
172 176 69
172 214 94
172 216 6
172 249 75
173 262 50
173 284 62
173 186 25
173 199 16
173 214 57
173 216 63
173 230 25
173 237 97
173 239 37
173 243 74
174 291 62
174 277 21
174 246 30
174 264 72
174 178 84
174 272 23
174 240 7
174 276 20
174 245 25
175 262 39
175 271 33
175 218 70
175 289 38
175 192 65
175 194 47
175 201 29
175 215 24
175 222 9
175 240 44
175 254 50
175 252 13
176 264 39
176 266 17
176 280 28
176 288 88
176 290 37
176 297 60
176 298 26
176 299 30
176 180 92
176 190 75
176 195 67
176 198 39
176 214 14
176 220 84
176 231 94
176 235 35
176 238 97
176 249 40
176 250 14
176 251 5
177 266 6
177 287 37
177 284 39
177 298 66
177 198 43
177 224 70
177 189 28
177 243 61
177 245 29
177 247 90
178 271 70
178 180 100
178 181 86
178 185 25
178 190 52
178 205 11
178 208 4
178 216 55
178 232 7
178 236 28
178 247 44
178 253 70
179 299 61
179 266 58
179 269 28
179 293 18
179 298 14
179 198 60
179 213 60
179 226 53
179 239 78
179 246 69
179 252 53
180 259 87
180 278 24
180 293 47
180 296 71
180 185 49
180 186 15
180 189 32
180 202 15
180 213 83
180 235 52
180 254 82
181 213 17
181 264 55
181 220 88
181 287 43
182 226 20
182 227 49
182 246 75
182 264 62
182 242 14
182 239 34
182 245 35
182 250 47
182 286 27
182 213 10
183 235 54
183 267 56
183 268 88
183 269 71
183 288 53
183 296 90
183 186 76
183 191 69
183 208 45
183 209 14
183 225 75
183 227 67
183 246 52
183 253 20
184 260 45
184 267 32
184 269 40
184 273 44
184 283 77
184 285 7
184 287 32
184 293 76
184 294 71
184 185 92
184 188 26
184 189 12
184 212 1
184 218 96
184 224 27
184 239 49
184 244 81
184 245 7
184 248 28
185 263 98
185 266 73
185 267 1
185 269 12
185 272 73
185 189 8
185 206 69
185 215 90
185 227 9
185 228 45
185 239 20
185 241 74
185 248 54
186 256 100
186 284 39
186 289 100
186 202 26
186 207 74
186 233 16
186 253 41
187 260 0
187 295 91
187 264 66
187 235 67
187 269 56
187 238 11
187 239 37
187 272 55
187 273 86
187 254 70
187 246 3
187 249 1
187 220 17
187 287 69
188 198 56
188 193 64
188 258 7
188 276 34
188 236 92
188 239 10
188 241 63
189 258 31
189 290 18
189 299 20
189 194 95
189 204 66
189 211 83
189 225 34
189 250 32
190 277 41
190 279 55
190 288 31
190 198 87
190 202 39
190 230 97
190 239 27
190 247 91
191 272 83
191 288 49
191 206 7
191 227 0
191 215 12
191 221 71
191 223 30
191 229 30
191 252 70
192 278 11
192 280 46
192 297 47
192 299 49
192 197 34
192 198 93
192 201 73
192 214 36
192 224 28
192 228 63
193 269 100
193 273 33
193 289 98
193 267 30
193 195 50
193 200 62
193 204 18
193 218 82
193 250 85
193 238 84
194 215 1
194 274 68
194 212 61
194 216 12
194 240 65
194 241 76
194 245 80
195 258 14
195 262 45
195 275 6
195 286 61
195 289 50
195 196 38
195 213 55
195 240 2
195 246 80
195 253 41
196 262 33
196 203 38
196 206 12
196 209 29
196 210 99
196 231 37
196 239 90
196 240 71
197 258 85
197 262 50
197 275 66
197 277 77
197 199 19
197 215 79
197 217 75
197 273 10
197 244 28
197 248 80
197 254 82
197 213 55
198 258 64
198 268 40
198 299 41
198 211 21
198 223 75
198 226 0
199 256 84
199 258 87
199 261 75
199 272 29
199 209 78
199 210 21
199 219 84
199 237 70
199 296 67
199 248 1
199 250 37
199 251 65
200 256 30
200 266 26
200 269 37
200 281 56
200 297 26
200 299 74
200 202 79
200 288 31
200 223 25
200 224 23
200 237 39
200 250 24
201 258 77
201 263 13
201 269 11
201 280 96
201 282 11
201 205 61
201 218 35
201 229 0
201 233 26
201 253 72
201 249 84
202 264 15
202 278 87
202 299 18
202 203 75
202 204 21
202 270 17
202 225 75
202 229 15
202 245 61
203 243 83
203 235 50
203 237 48
203 242 33
203 260 75
203 250 7
203 298 54
203 286 51
204 275 59
204 281 63
204 290 38
204 299 94
204 219 47
204 225 77
204 230 39
204 236 87
204 274 59
204 247 68
205 260 27
205 278 94
205 286 25
205 292 40
205 284 81
205 298 2
205 291 78
205 238 70
205 241 63
205 297 4
205 250 69
205 251 80
205 252 9
205 255 4
206 256 88
206 291 66
206 268 92
206 218 98
206 220 65
206 250 90
207 259 80
207 261 100
207 272 1
207 276 99
207 298 79
207 216 94
207 225 80
207 242 22
207 247 91
208 257 27
208 268 40
208 281 5
208 285 92
208 289 32
208 295 33
208 215 2
208 221 3
208 230 99
209 275 70
209 276 64
209 283 22
209 295 39
209 243 1
209 219 84
209 221 42
209 241 24
209 254 11
210 275 71
210 288 69
210 296 18
210 286 54
210 223 26
210 224 20
210 225 6
210 240 22
210 242 37
210 254 71
211 256 19
211 267 9
211 278 60
211 279 32
211 281 81
211 293 21
211 299 92
211 214 69
211 223 70
211 237 61
211 245 22
211 246 88
211 247 11
212 265 27
212 279 31
212 284 9
212 215 56
212 220 12
212 222 41
212 224 81
212 251 96
212 253 94
212 255 52
213 256 14
213 259 93
213 265 18
213 283 89
213 293 86
213 297 26
213 215 37
213 216 22
213 234 53
213 244 87
214 269 85
214 289 78
214 293 79
214 296 42
214 215 42
214 217 85
214 221 66
214 228 82
214 253 25
215 217 77
215 222 35
215 225 52
215 226 51
215 237 79
215 238 27
215 239 62
215 245 91
216 257 14
216 270 1
216 283 0
216 290 77
216 243 24
217 271 33
217 286 40
217 219 31
217 235 13
217 238 62
217 239 7
218 270 21
218 271 28
218 275 33
218 286 22
218 291 86
218 263 95
218 234 38
218 253 10
218 244 50
218 246 49
218 233 22
219 264 22
219 265 66
219 276 56
219 287 54
219 220 46
219 227 5
219 235 66
219 237 67
219 244 44
219 253 36
219 255 95
220 256 48
220 259 14
220 264 12
220 291 95
220 244 41
220 249 61
221 262 10
221 264 75
221 265 11
221 273 84
221 277 60
221 289 5
221 296 61
221 269 87
221 235 29
221 253 85
222 256 72
222 269 29
222 261 92
222 292 34
222 232 100
223 235 57
223 245 21
223 282 61
224 275 22
224 284 5
224 294 2
224 235 65
224 246 35
224 251 72
224 252 13
225 259 53
225 261 28
225 269 61
225 277 71
225 292 28
225 252 99
226 262 38
226 299 73
226 264 82
226 243 33
226 278 1
226 250 9
227 294 17
227 278 22
228 229 73
228 234 12
228 281 71
228 297 14
229 272 50
229 273 32
229 280 11
229 286 62
229 297 8
229 239 13
229 244 98
229 245 100
229 253 72
230 279 83
230 280 5
230 287 0
230 270 96
230 235 44
230 237 92
231 259 58
231 263 28
231 268 58
231 270 51
231 272 0
231 280 57
231 289 77
231 235 43
231 241 51
232 299 13
232 233 77
232 287 28
232 244 15
232 286 76
232 260 76
232 284 52
233 262 34
233 270 49
233 275 68
233 282 10
233 235 15
233 244 78
234 262 52
234 286 17
234 295 93
234 296 96
234 249 22
234 248 55
235 269 69
235 270 79
235 284 76
235 297 0
235 239 55
235 240 99
236 284 0
236 283 71
236 255 31
237 285 36
237 243 54
237 245 54
237 247 13
237 250 38
238 257 14
238 268 75
238 247 11
238 248 5
239 267 21
239 271 19
239 291 80
239 251 28
240 265 12
240 268 94
240 280 6
240 288 16
240 289 75
240 299 95
240 242 87
240 245 12
241 267 71
241 270 36
241 252 58
241 282 79
241 285 83
241 286 99
241 291 6
241 249 2
241 253 43
241 255 59
242 260 47
242 268 14
242 278 21
242 284 50
242 285 50
242 283 4
242 293 11
242 255 13
243 264 87
243 280 35
243 285 79
243 251 91
244 284 43
244 293 67
244 246 14
245 256 27
245 261 0
245 269 41
245 250 37
245 251 50
246 264 48
246 282 100
246 283 84
246 292 58
246 296 22
246 254 23
246 255 70
247 257 71
247 269 80
247 279 15
247 281 2
247 291 63
248 291 8
248 297 70
248 299 3
248 250 42
249 262 80
249 284 60
249 293 5
249 254 99
250 279 35
250 288 77
250 292 72
250 294 59
250 255 70
251 277 51
251 284 32
251 287 4
251 291 61
252 268 89
252 273 92
252 276 98
252 280 28
252 253 52
253 270 26
253 272 92
253 276 91
253 286 42
253 298 93
254 265 71
254 288 62
255 265 84
255 275 100
255 299 64
256 258 53
256 285 44
256 294 64
257 292 33
257 291 74
257 281 5
258 260 50
258 262 85
258 296 30
258 297 5
259 262 42
259 269 12
259 282 76
259 299 7
259 272 65
260 261 46
260 268 80
260 284 14
260 285 68
261 296 64
261 298 72
262 275 81
262 289 80
262 291 54
263 279 16
263 286 33
263 298 9
264 269 69
265 277 48
265 285 55
265 287 96
266 276 85
266 282 3
266 287 63
266 267 50
267 285 21
268 294 14
269 271 85
269 278 8
269 282 84
269 293 56
270 273 3
270 278 60
270 280 39
270 284 79
270 298 47
270 274 46
271 286 47
271 298 46
272 277 94
272 289 57
273 277 37
273 299 89
275 280 52
275 282 98
275 297 19
276 289 89
276 292 75
276 298 92
277 280 61
277 295 70
278 285 2
279 294 37
279 297 76
279 298 77
279 299 32
280 290 26
281 293 37
282 296 77
283 299 74
284 286 83
284 295 64
284 298 87
285 293 87
285 296 82
286 294 56
286 295 10
286 299 74
286 293 51
287 297 34
287 299 24
293 295 1
293 296 91
295 299 63
297 298 50
297 299 90
