300 4000
0 128 32
0 258 100
0 260 63
0 263 20
0 272 9
0 275 18
0 276 58
0 278 22
0 132 50
0 160 99
0 289 57
0 36 94
0 166 44
0 176 24
0 54 92
0 60 63
0 61 75
0 197 0
0 72 97
0 207 2
0 80 96
0 86 91
0 215 83
0 16 42
0 228 56
0 231 29
0 105 85
0 103 58
0 110 56
0 241 60
0 244 76
0 123 24
1 129 77
1 130 29
1 264 53
1 265 42
1 17 96
1 18 54
1 147 1
1 22 88
1 31 65
1 33 95
1 293 0
1 171 86
1 47 94
1 180 36
1 57 36
1 188 54
1 67 44
1 69 69
1 70 50
1 209 3
1 85 87
1 215 13
1 219 81
1 223 18
1 98 58
1 113 80
1 243 72
1 116 66
1 126 33
1 251 92
1 254 75
2 133 19
2 6 95
2 263 61
2 272 27
2 145 9
2 275 68
2 26 22
2 284 44
2 154 2
2 287 48
2 161 60
2 164 53
2 165 83
2 294 92
2 41 98
2 42 27
2 28 78
2 188 53
2 190 22
2 70 73
2 202 30
2 204 38
2 206 15
2 207 9
2 93 41
2 222 73
2 99 52
2 106 76
2 237 0
2 240 5
2 248 31
3 32 53
3 161 100
3 66 31
3 166 75
3 135 92
3 263 54
3 205 0
3 238 38
3 239 48
3 80 89
3 19 77
3 84 1
3 54 17
3 184 72
3 281 9
3 154 0
3 27 85
3 93 95
3 31 35
4 259 44
4 6 73
4 267 70
4 272 61
4 273 19
4 283 33
4 290 61
4 262 16
4 39 93
4 297 67
4 174 30
4 56 48
4 57 89
4 195 24
4 71 57
4 212 50
4 121 92
4 220 55
4 96 25
4 242 66
4 249 57
4 124 17
4 127 97
5 289 93
5 99 9
5 265 31
5 74 69
5 107 41
5 110 92
5 79 18
5 16 50
5 252 52
5 55 82
5 46 33
5 183 41
5 202 51
5 89 71
5 218 95
5 127 24
5 188 18
5 106 89
5 190 50
5 21 18
6 19 96
6 33 71
6 155 98
6 38 93
6 243 11
6 200 36
6 31 32
6 258 70
6 130 62
6 83 81
6 23 84
6 121 45
6 186 77
6 219 41
6 157 37
6 158 2
6 127 30
7 192 66
7 160 80
7 251 79
7 68 40
7 244 0
7 166 82
7 289 82
7 264 53
7 265 13
7 141 80
7 245 10
7 180 6
7 117 46
7 22 85
7 23 13
7 152 15
7 25 34
7 91 11
7 284 71
7 137 14
7 149 29
8 132 29
8 269 8
8 270 42
8 271 99
8 272 28
8 277 68
8 156 53
8 33 27
8 292 5
8 293 87
8 41 97
8 44 81
8 49 34
8 51 47
8 184 12
8 58 0
8 192 83
8 193 8
8 66 11
8 198 71
8 203 22
8 85 3
8 217 49
8 218 2
8 91 90
8 220 97
8 225 43
8 99 39
8 100 9
8 230 44
8 242 17
8 252 50
9 128 90
9 271 68
9 16 32
9 146 38
9 278 64
9 23 82
9 284 45
9 29 24
9 160 62
9 293 57
9 294 82
9 299 54
9 174 81
9 63 75
9 195 83
9 68 14
9 69 6
9 201 83
9 78 63
9 79 58
9 212 16
9 206 69
9 222 86
9 99 13
9 114 40
9 244 65
9 121 51
9 251 39
10 23 88
10 152 23
10 281 48
10 155 30
10 28 38
10 291 2
10 293 78
10 295 12
10 298 81
10 47 91
10 59 34
10 190 43
10 67 54
10 204 18
10 212 29
10 90 63
10 219 90
10 92 2
10 94 54
10 165 79
10 101 43
10 104 1
10 106 44
10 116 74
10 117 54
10 246 32
10 120 96
10 249 32
11 258 84
11 265 48
11 269 5
11 143 27
11 145 9
11 275 19
11 21 27
11 152 7
11 281 53
11 29 15
11 41 56
11 42 68
11 183 62
11 186 90
11 66 85
11 197 20
11 198 94
11 201 86
11 76 41
11 79 32
11 80 2
11 213 27
11 86 42
11 217 29
11 91 49
11 92 13
11 221 95
11 96 66
11 228 2
11 236 56
11 127 74
12 128 79
12 129 89
12 143 32
12 152 11
12 28 62
12 160 0
12 36 60
12 168 12
12 47 22
12 51 95
12 181 53
12 54 21
12 188 18
12 191 64
12 68 96
12 71 27
12 204 54
12 78 77
12 87 22
12 216 7
12 228 27
12 246 73
12 119 39
12 250 26
12 127 13
13 132 36
13 15 24
13 274 54
13 21 11
13 279 91
13 29 12
13 33 81
13 292 75
13 165 79
13 39 47
13 43 77
13 175 18
13 183 12
13 187 85
13 199 8
13 200 95
13 78 13
13 207 21
13 210 22
13 164 60
13 91 2
13 96 28
13 167 84
13 217 6
13 125 46
14 132 84
14 143 51
14 277 86
14 22 19
14 26 9
14 29 72
14 288 2
14 49 83
14 183 88
14 184 99
14 57 5
14 62 15
14 194 11
14 200 19
14 86 7
14 89 59
14 222 21
14 101 19
14 109 70
14 113 67
14 117 25
14 72 57
14 255 66
14 253 20
14 254 89
14 127 65
15 257 57
15 260 66
15 261 13
15 271 34
15 144 52
15 273 72
15 276 73
15 277 57
15 152 61
15 26 85
15 27 79
15 156 17
15 157 31
15 287 2
15 297 36
15 45 76
15 47 87
15 48 82
15 54 8
15 55 57
15 58 67
15 201 13
15 203 90
15 269 100
15 211 16
15 85 80
15 87 6
15 220 91
15 227 71
15 100 32
15 103 94
15 104 4
15 234 9
15 117 25
15 248 11
16 149 10
16 257 73
16 134 22
16 141 85
16 146 91
16 277 44
16 278 88
16 152 97
16 261 4
16 160 87
16 293 35
16 45 9
16 137 42
16 184 97
16 159 7
16 188 38
16 197 31
16 198 10
16 202 69
16 79 4
16 209 22
16 216 98
16 89 76
16 229 98
16 231 5
16 232 13
16 105 15
16 106 75
16 243 17
16 116 65
16 120 24
16 249 2
16 255 10
17 288 47
17 228 77
17 150 61
17 236 86
17 140 90
17 173 84
17 238 48
17 141 24
17 210 86
17 188 38
17 276 94
17 277 90
17 54 0
17 215 47
17 280 60
17 282 69
17 251 52
17 92 69
17 253 44
17 62 28
18 259 55
18 260 71
18 264 49
18 157 52
18 161 35
18 294 82
18 175 36
18 180 45
18 187 43
18 63 93
18 96 84
18 195 67
18 69 55
18 83 76
18 213 64
18 88 53
18 218 83
18 224 31
18 97 94
18 119 14
18 252 4
19 257 46
19 141 25
19 144 78
19 259 27
19 155 68
19 30 35
19 262 18
19 296 40
19 42 43
19 175 38
19 176 59
19 178 8
19 62 3
19 191 44
19 66 18
19 68 29
19 202 30
19 79 0
19 211 42
19 89 35
19 91 66
19 94 50
19 228 94
19 40 0
19 249 57
19 255 5
20 259 99
20 267 93
20 269 4
20 285 45
20 287 59
20 288 20
20 291 43
20 37 73
20 67 31
20 70 89
20 76 57
20 206 26
20 207 17
20 208 29
20 215 61
20 89 63
20 92 24
20 222 39
20 223 69
20 227 15
20 100 62
20 109 30
20 112 15
20 114 87
20 246 15
21 138 68
21 267 8
21 145 100
21 146 11
21 195 36
21 149 59
21 150 4
21 282 61
21 160 19
21 38 61
21 296 87
21 297 19
21 170 33
21 45 83
21 46 32
21 50 30
21 54 60
21 55 10
21 188 1
21 189 6
21 197 95
21 204 57
21 207 76
21 209 5
21 86 42
21 227 19
21 228 3
21 101 51
21 234 44
21 112 66
21 253 85
21 255 44
22 256 28
22 261 88
22 139 41
22 140 17
22 280 47
22 24 23
22 287 40
22 34 27
22 219 79
22 129 64
22 65 54
22 68 77
22 73 80
22 91 48
22 221 90
22 94 47
22 101 65
22 106 93
22 108 14
22 113 66
22 118 58
22 251 8
22 253 82
23 128 24
23 258 46
23 259 77
23 136 63
23 137 42
23 140 55
23 25 95
23 28 8
23 291 59
23 294 95
23 41 60
23 51 22
23 182 3
23 201 50
23 205 93
23 211 42
23 100 38
23 118 15
23 119 77
23 249 58
24 128 97
24 263 8
24 268 56
24 269 48
24 144 46
24 151 99
24 25 86
24 26 15
24 285 64
24 159 23
24 288 53
24 164 100
24 293 90
24 44 76
24 58 75
24 64 80
24 69 43
24 71 16
24 72 63
24 203 62
24 209 18
24 219 29
24 92 28
24 121 32
24 122 22
25 256 69
25 128 44
25 269 78
25 147 71
25 277 20
25 150 15
25 151 95
25 282 92
25 31 76
25 36 29
25 37 6
25 263 73
25 180 64
25 185 43
25 58 83
25 60 93
25 189 82
25 62 34
25 67 48
25 77 76
25 78 64
25 141 23
25 209 15
25 93 28
25 224 66
25 97 55
25 242 99
25 243 56
25 123 100
26 260 65
26 268 39
26 146 16
26 279 24
26 158 1
26 33 19
26 290 60
26 37 84
26 167 17
26 176 4
26 286 68
26 187 34
26 75 74
26 77 78
26 214 15
26 97 86
26 103 2
26 234 45
26 241 60
26 117 67
26 253 6
27 128 19
27 270 59
27 271 35
27 146 10
27 278 12
27 279 49
27 153 26
27 283 75
27 29 6
27 158 59
27 160 52
27 36 54
27 42 30
27 174 22
27 50 94
27 55 53
27 59 63
27 62 50
27 69 65
27 73 38
27 74 47
27 88 3
27 292 41
27 224 70
27 227 0
27 101 53
27 124 44
27 234 27
27 108 4
27 237 53
27 245 97
27 252 91
28 133 18
28 130 20
28 273 65
28 146 34
28 276 17
28 152 56
28 163 97
28 294 61
28 40 25
28 297 25
28 299 30
28 175 61
28 51 72
28 55 16
28 190 19
28 140 4
28 205 98
28 81 87
28 214 95
28 88 70
28 96 46
28 110 75
28 111 74
28 247 15
28 249 22
28 124 0
29 129 63
29 130 14
29 143 49
29 33 38
29 162 7
29 165 52
29 53 1
29 87 35
29 62 38
29 191 45
29 203 59
29 215 60
29 226 62
29 229 5
29 233 63
29 108 75
29 121 40
29 122 66
29 252 98
30 279 27
30 283 18
30 161 10
30 164 51
30 293 4
30 38 54
30 296 9
30 41 1
30 45 87
30 180 91
30 186 55
30 61 4
30 190 5
30 64 57
30 194 31
30 195 71
30 196 31
30 93 4
30 166 19
30 106 96
30 110 30
30 239 71
30 242 38
30 244 91
30 245 87
30 120 45
30 251 39
31 139 7
31 147 18
31 176 24
31 262 53
31 297 64
31 48 61
31 51 24
31 60 87
31 75 55
31 79 7
31 208 99
31 212 97
31 87 21
31 91 83
31 223 56
31 96 67
31 98 35
31 227 86
31 236 98
31 109 45
31 242 79
31 254 60
32 128 18
32 129 31
32 35 85
32 214 37
32 199 50
32 232 45
32 269 49
32 270 28
32 144 39
32 136 18
32 178 23
32 147 89
32 254 82
32 182 42
32 153 90
32 218 89
32 219 83
32 118 9
32 62 87
32 95 8
33 263 27
33 273 52
33 274 65
33 161 99
33 168 40
33 41 85
33 44 8
33 173 0
33 193 70
33 68 19
33 203 38
33 79 28
33 208 46
33 223 16
33 101 7
33 231 75
33 245 19
33 254 68
34 260 7
34 150 0
34 141 74
34 154 18
34 160 96
34 161 97
34 167 72
34 40 42
34 46 5
34 49 82
34 178 7
34 188 52
34 192 80
34 67 86
34 197 38
34 208 31
34 83 92
34 221 86
34 225 29
34 100 10
34 103 39
34 232 75
34 238 25
34 239 67
34 112 19
34 242 85
34 252 37
35 256 83
35 261 29
35 271 0
35 148 77
35 153 39
35 154 89
35 155 61
35 287 3
35 161 27
35 283 33
35 166 21
35 113 51
35 297 21
35 170 62
35 47 69
35 52 95
35 56 71
35 191 25
35 74 21
35 78 72
35 89 26
35 103 57
35 241 79
35 169 28
35 249 55
35 122 11
35 126 39
36 262 75
36 281 80
36 162 59
36 292 72
36 293 46
36 38 36
36 296 70
36 171 98
36 176 19
36 186 44
36 198 8
36 71 100
36 268 34
36 204 19
36 77 99
36 86 40
36 88 41
36 228 54
36 237 90
36 238 52
37 263 75
37 136 57
37 137 15
37 267 77
37 268 0
37 280 73
37 146 62
37 152 59
37 286 93
37 288 76
37 291 61
37 41 36
37 48 78
37 187 37
37 63 92
37 193 5
37 195 42
37 68 65
37 197 47
37 201 99
37 227 95
37 233 2
37 114 84
37 122 10
37 251 83
37 253 75
38 264 44
38 108 15
38 268 27
38 145 28
38 150 78
38 281 77
38 285 100
38 163 79
38 166 60
38 40 84
38 178 42
38 51 87
38 180 51
38 191 8
38 196 54
38 197 9
38 202 16
38 76 35
38 206 40
38 212 16
38 94 91
38 230 78
38 103 22
38 236 97
38 114 41
38 246 58
39 256 14
39 257 80
39 259 45
39 263 72
39 274 37
39 290 20
39 291 57
39 293 100
39 169 13
39 174 66
39 185 75
39 60 22
39 192 93
39 67 70
39 196 76
39 205 40
39 86 42
39 222 10
39 103 36
39 105 81
39 108 82
39 239 98
39 247 58
40 137 7
40 139 65
40 156 52
40 157 36
40 158 100
40 164 95
40 166 56
40 168 83
40 44 51
40 51 21
40 67 82
40 73 30
40 206 94
40 89 72
40 250 38
40 95 47
40 99 78
40 102 54
40 231 38
40 103 43
40 109 87
40 114 19
40 122 100
40 254 71
41 132 94
41 134 16
41 266 51
41 140 48
41 196 11
41 166 87
41 167 3
41 168 6
41 177 80
41 50 57
41 181 90
41 182 74
41 65 41
41 68 53
41 69 92
41 119 45
41 208 38
41 84 44
41 85 86
41 214 98
41 249 48
41 217 61
41 95 78
41 231 82
41 243 62
41 247 35
41 212 14
42 129 16
42 260 60
42 262 10
42 135 69
42 136 1
42 279 22
42 149 20
42 151 11
42 280 11
42 161 79
42 163 18
42 293 11
42 170 4
42 49 97
42 178 29
42 188 93
42 202 95
42 220 72
42 99 80
42 230 77
42 232 94
42 114 73
42 251 53
43 257 65
43 130 86
43 129 18
43 275 74
43 278 52
43 279 6
43 154 7
43 286 79
43 297 45
43 45 15
43 53 95
43 58 99
43 63 98
43 64 8
43 67 24
43 69 15
43 269 25
43 214 54
43 90 46
43 221 83
43 96 80
43 230 48
43 115 13
44 259 69
44 260 77
44 145 89
44 150 58
44 288 90
44 291 51
44 294 59
44 171 2
44 173 4
44 60 88
44 189 49
44 68 54
44 73 79
44 119 43
44 211 53
44 213 58
44 214 85
44 218 1
44 220 39
44 221 22
44 234 57
44 107 87
44 109 43
44 110 57
44 242 97
44 247 39
44 253 27
45 171 49
45 262 78
45 266 45
45 144 86
45 145 95
45 152 95
45 281 44
45 284 70
45 288 87
45 169 86
45 177 12
45 181 45
45 192 90
45 71 56
45 75 98
45 82 69
45 106 46
45 112 77
45 243 31
45 297 59
45 234 53
45 255 62
46 171 80
46 272 90
46 147 96
46 148 30
46 278 39
46 297 3
46 298 5
46 299 25
46 180 59
46 55 20
46 59 45
46 60 1
46 62 57
46 67 92
46 201 90
46 75 27
46 78 5
46 87 48
46 95 30
46 228 81
46 236 15
46 239 11
46 251 52
46 149 28
47 128 44
47 257 35
47 136 70
47 139 21
47 274 64
47 164 38
47 49 65
47 177 41
47 185 86
47 60 98
47 204 71
47 206 80
47 86 4
47 92 40
47 95 73
47 96 89
47 238 32
47 242 34
47 116 45
47 125 99
48 128 22
48 160 35
48 219 5
48 292 4
48 167 81
48 108 77
48 268 85
48 174 21
48 168 93
48 67 33
48 137 72
48 63 93
48 284 51
48 157 65
48 69 93
48 287 66
49 257 62
49 259 10
49 132 56
49 262 13
49 147 9
49 279 65
49 154 6
49 155 99
49 285 31
49 289 24
49 295 30
49 178 21
49 183 20
49 186 54
49 187 87
49 195 78
49 198 1
49 73 72
49 203 61
49 205 86
49 104 12
49 238 79
49 111 7
49 113 70
49 250 70
49 125 72
50 260 42
50 141 36
50 148 4
50 150 76
50 280 68
50 289 15
50 290 68
50 293 18
50 299 4
50 175 2
50 176 92
50 187 93
50 194 71
50 67 100
50 198 89
50 200 47
50 210 23
50 216 23
50 94 9
50 95 95
51 286 43
51 292 82
51 169 53
51 170 63
51 171 14
51 172 31
51 53 6
51 55 93
51 186 57
51 187 3
51 189 16
51 191 41
51 68 91
51 73 17
51 204 95
51 77 52
51 85 25
51 89 48
51 76 23
51 113 63
51 242 96
51 245 0
51 123 13
52 262 61
52 264 40
52 266 29
52 156 22
52 285 24
52 160 18
52 289 69
52 165 67
52 295 63
52 169 58
52 178 57
52 181 62
52 186 12
52 188 58
52 193 88
52 202 100
52 75 63
52 78 8
52 207 55
52 212 36
52 217 28
52 224 9
52 98 70
52 241 86
52 118 22
52 249 13
52 127 51
53 262 76
53 136 61
53 275 43
53 150 65
53 282 85
53 290 6
53 56 45
53 59 14
53 194 78
53 217 32
53 92 56
53 97 36
53 103 56
53 106 22
53 235 11
53 114 83
53 120 59
53 249 90
53 123 68
53 124 40
54 130 29
54 262 32
54 148 84
54 280 6
54 157 84
54 161 96
54 163 83
54 179 59
54 58 57
54 201 95
54 203 96
54 77 27
54 207 18
54 228 29
54 238 73
54 121 38
54 125 75
54 254 9
54 255 24
55 129 47
55 133 3
55 262 60
55 135 72
55 264 5
55 138 82
55 271 21
55 151 33
55 153 56
55 159 11
55 91 32
55 164 43
55 297 19
55 188 34
55 61 12
55 62 19
55 225 64
55 202 85
55 141 92
55 284 50
55 218 68
55 220 13
55 97 14
55 100 75
55 105 99
55 108 71
55 240 35
56 130 70
56 132 53
56 133 24
56 268 82
56 276 98
56 155 49
56 284 85
56 285 80
56 289 62
56 167 2
56 57 90
56 187 90
56 191 39
56 195 36
56 72 25
56 74 24
56 75 79
56 222 8
56 238 56
56 246 24
56 123 10
56 253 27
56 254 55
57 164 41
57 261 55
57 199 28
57 296 50
57 169 45
57 298 92
57 135 91
57 236 33
57 207 69
57 113 76
57 179 45
57 212 88
57 116 75
57 218 89
57 255 83
57 101 39
58 132 65
58 135 27
58 131 23
58 276 68
58 279 14
58 281 72
58 284 3
58 299 3
58 176 1
58 178 84
58 188 55
58 62 49
58 81 60
58 92 44
58 222 57
58 263 28
58 101 83
58 236 57
58 110 25
58 241 95
58 122 42
58 125 54
58 126 75
59 128 10
59 264 46
59 268 99
59 141 23
59 276 84
59 165 12
59 177 63
59 195 88
59 196 46
59 199 74
59 200 68
59 81 2
59 210 35
59 83 93
59 85 43
59 218 13
59 91 47
59 222 62
59 293 2
59 226 25
59 99 23
59 113 49
59 245 88
59 246 71
59 247 48
60 267 29
60 142 21
60 271 95
60 273 25
60 280 35
60 175 99
60 292 22
60 188 16
60 63 67
60 65 38
60 152 45
60 220 13
60 94 57
60 228 94
60 120 53
60 191 68
61 260 60
61 265 97
61 266 47
61 277 40
61 163 70
61 293 7
61 175 86
61 184 98
61 190 16
61 66 80
61 70 43
61 73 82
61 202 75
61 206 32
61 216 9
61 218 27
61 221 99
61 165 25
61 224 31
61 97 23
61 106 11
61 237 61
61 115 31
61 116 69
61 119 3
61 123 87
62 151 32
62 153 92
62 240 67
62 292 0
62 63 37
62 198 1
62 74 73
62 76 44
62 209 39
62 213 37
62 220 49
62 222 54
62 226 75
62 99 11
62 145 12
62 104 38
62 105 61
62 231 52
62 112 27
62 117 97
62 118 18
62 191 15
62 252 56
63 256 4
63 129 75
63 132 59
63 138 10
63 140 7
63 145 16
63 152 78
63 153 39
63 157 42
63 299 7
63 174 40
63 184 27
63 202 42
63 205 73
63 207 24
63 208 21
63 84 35
63 92 53
63 223 5
63 226 28
63 234 2
63 146 94
63 122 44
63 123 67
64 171 36
64 260 80
64 133 29
64 267 27
64 238 90
64 150 54
64 132 61
64 285 96
64 160 68
64 162 46
64 179 72
64 180 64
64 290 25
64 65 48
64 195 75
64 196 51
64 71 10
64 204 90
64 77 42
64 278 15
64 93 79
64 97 59
64 103 59
64 234 67
64 235 16
64 110 49
64 115 29
64 117 88
65 131 55
65 140 6
65 146 32
65 280 95
65 160 41
65 293 82
65 169 28
65 172 36
65 175 12
65 185 8
65 66 18
65 198 85
65 203 56
65 204 63
65 210 91
65 101 31
65 225 71
65 229 8
65 106 14
65 241 96
66 161 39
66 227 80
66 199 100
66 200 56
66 137 51
66 171 0
66 204 48
66 175 20
66 298 88
66 221 22
66 181 72
66 234 82
66 91 67
66 191 29
67 130 73
67 132 82
67 135 88
67 144 86
67 150 47
67 155 99
67 218 43
67 292 29
67 293 78
67 299 4
67 199 91
67 206 58
67 213 25
67 88 3
67 90 0
67 223 93
67 227 37
67 104 42
67 109 100
67 111 71
67 120 69
67 122 24
67 123 16
68 216 99
68 151 88
68 286 91
68 192 85
68 195 82
68 211 2
68 84 5
68 214 48
68 88 83
68 218 82
68 91 69
68 223 96
68 232 9
68 105 56
68 234 61
68 108 48
68 112 40
68 119 85
68 124 78
69 171 42
69 261 7
69 263 46
69 264 95
69 139 56
69 143 19
69 275 78
69 288 48
69 167 65
69 170 93
69 137 62
69 197 48
69 77 45
69 206 64
69 274 79
69 85 88
69 90 76
69 100 55
69 108 68
69 109 23
69 240 10
69 252 71
69 253 70
70 196 69
70 167 91
70 296 36
70 210 97
70 295 96
70 140 87
70 205 39
70 175 3
70 232 74
70 146 63
70 245 24
70 297 11
70 281 62
71 131 41
71 136 78
71 274 5
71 277 41
71 278 50
71 279 40
71 157 37
71 286 48
71 288 59
71 163 21
71 299 40
71 187 3
71 192 55
71 74 2
71 89 96
71 97 30
71 107 42
71 243 69
71 124 34
72 135 14
72 142 29
72 273 99
72 274 32
72 157 6
72 290 54
72 219 6
72 177 46
72 178 58
72 193 43
72 215 18
72 88 87
72 218 76
72 91 63
72 229 36
72 108 90
72 243 44
72 123 11
72 252 70
72 125 83
73 130 56
73 196 99
73 214 68
73 135 25
73 169 92
73 74 64
73 249 88
73 178 9
73 180 32
73 170 21
73 104 66
73 155 33
73 284 17
74 268 39
74 269 82
74 276 61
74 279 97
74 153 98
74 160 0
74 164 34
74 168 41
74 170 82
74 175 37
74 180 35
74 191 18
74 78 83
74 163 87
74 90 88
74 100 19
74 101 33
74 211 96
74 117 71
75 258 39
75 137 12
75 142 48
75 143 17
75 144 26
75 276 82
75 277 25
75 278 11
75 165 35
75 175 57
75 176 65
75 177 26
75 181 30
75 182 25
75 213 14
75 111 95
75 247 97
75 251 24
76 128 57
76 290 34
76 259 45
76 102 33
76 231 0
76 232 36
76 145 78
76 206 9
76 174 25
76 81 22
76 213 23
76 118 17
76 216 62
76 276 52
76 282 43
76 283 45
77 261 14
77 134 58
77 137 56
77 142 23
77 143 5
77 278 8
77 289 98
77 162 42
77 189 80
77 208 2
77 222 17
77 100 76
77 230 93
77 104 77
77 235 26
77 240 41
77 118 17
78 134 86
78 267 48
78 144 20
78 275 97
78 161 30
78 176 63
78 177 24
78 200 16
78 201 18
78 213 26
78 218 61
78 100 75
78 231 63
78 235 15
78 244 50
78 119 83
78 127 60
79 160 56
79 227 24
79 147 70
79 133 35
79 198 70
79 129 33
79 112 40
79 114 51
79 117 88
79 119 9
79 185 63
79 220 84
80 289 80
80 164 33
80 293 85
80 262 95
80 136 34
80 220 54
80 140 39
80 205 76
80 269 66
80 217 19
80 243 24
80 247 81
80 184 22
80 249 24
80 201 86
80 91 97
80 188 19
81 263 26
81 138 42
81 139 74
81 288 95
81 294 27
81 167 77
81 296 4
81 221 40
81 179 83
81 181 76
81 202 97
81 206 99
81 186 5
81 93 59
81 98 32
81 104 93
81 111 37
81 120 16
82 132 43
82 278 8
82 135 65
82 272 99
82 147 14
82 149 61
82 150 10
82 282 84
82 283 100
82 154 7
82 160 1
82 163 21
82 293 0
82 193 65
82 196 68
82 200 71
82 83 13
82 219 8
82 92 50
82 222 61
82 165 23
82 227 52
82 228 40
82 232 6
82 109 27
82 244 4
82 253 43
82 255 56
83 128 29
83 256 67
83 263 83
83 265 99
83 267 10
83 143 2
83 276 45
83 157 94
83 158 56
83 293 96
83 167 90
83 170 65
83 171 30
83 198 39
83 201 2
83 205 50
83 216 67
83 98 83
83 231 17
83 111 42
83 241 46
83 248 33
83 125 85
84 226 12
84 164 49
84 98 59
84 140 34
84 141 70
84 207 48
84 208 49
84 241 61
84 274 39
84 236 53
84 169 88
84 152 90
84 283 16
84 156 13
84 255 54
85 128 8
85 262 48
85 149 4
85 281 44
85 283 39
85 284 44
85 160 61
85 134 74
85 172 31
85 185 95
85 209 86
85 216 47
85 100 39
85 229 85
85 230 24
85 231 0
85 233 69
85 122 9
85 251 73
85 255 100
86 258 54
86 134 68
86 148 66
86 154 36
86 285 54
86 168 78
86 173 20
86 187 31
86 197 94
86 199 20
86 209 57
86 218 68
86 94 10
86 95 76
86 236 48
86 120 88
86 249 47
86 124 63
86 149 27
87 132 5
87 264 38
87 269 22
87 274 76
87 167 26
87 176 67
87 178 79
87 185 64
87 196 23
87 203 17
87 204 61
87 141 63
87 212 88
87 89 16
87 218 72
87 228 88
87 105 64
87 234 100
87 236 33
87 111 78
87 240 30
87 125 39
88 131 26
88 140 47
88 149 84
88 280 42
88 172 98
88 173 57
88 180 84
88 194 47
88 214 20
88 220 43
88 224 89
88 103 12
88 111 28
88 251 100
88 255 95
89 128 75
89 260 40
89 265 41
89 143 28
89 274 43
89 283 78
89 285 49
89 158 46
89 295 62
89 299 32
89 185 17
89 194 41
89 217 81
89 90 43
89 229 59
89 241 16
89 248 44
89 122 44
90 260 28
90 146 25
90 195 2
90 284 92
90 157 35
90 287 18
90 291 98
90 293 76
90 189 51
90 190 66
90 208 66
90 216 27
90 103 18
90 234 96
90 107 31
90 112 23
90 117 13
91 137 15
91 138 49
91 142 52
91 144 82
91 124 43
91 151 28
91 288 88
91 291 55
91 294 62
91 167 13
91 172 10
91 181 20
91 266 61
91 204 37
91 206 13
91 211 57
91 220 7
91 97 16
91 232 61
91 105 43
91 275 40
91 252 48
91 126 40
92 129 100
92 262 38
92 138 59
92 274 91
92 148 10
92 150 68
92 161 1
92 163 53
92 293 89
92 298 89
92 180 4
92 192 46
92 289 75
92 200 1
92 203 2
92 291 96
92 214 92
92 220 85
92 229 14
92 234 83
92 123 90
93 96 63
93 231 35
93 136 85
93 233 86
93 167 23
93 288 3
93 142 82
93 111 10
93 240 70
93 275 83
93 154 83
93 223 72
93 188 47
93 94 27
93 95 87
94 289 28
94 229 70
94 232 4
94 220 21
94 140 5
94 142 82
94 176 89
94 241 26
94 276 92
94 277 94
94 287 14
95 262 5
95 103 85
95 234 13
95 171 36
95 236 72
95 272 13
95 117 97
95 278 32
95 279 87
95 219 42
95 156 50
96 256 14
96 257 74
96 258 28
96 266 26
96 154 100
96 158 70
96 295 31
96 296 31
96 169 82
96 178 74
96 195 23
96 202 18
96 223 100
96 225 92
96 98 0
96 116 67
96 118 76
97 259 83
97 261 80
97 137 28
97 266 27
97 267 31
97 151 20
97 299 91
97 173 79
97 198 86
97 205 38
97 206 38
97 210 88
97 215 20
97 107 13
97 110 98
97 121 10
97 124 43
98 256 65
98 133 91
98 262 7
98 263 68
98 271 31
98 277 99
98 151 15
98 282 85
98 156 0
98 159 77
98 291 43
98 169 40
98 191 66
98 196 49
98 198 10
98 213 61
98 215 75
98 216 79
98 236 23
98 125 62
98 126 41
99 131 19
99 153 1
99 156 54
99 160 23
99 168 18
99 297 54
99 175 36
99 265 42
99 232 25
99 110 82
99 113 99
99 115 53
99 247 47
99 120 19
99 254 15
99 127 57
100 260 39
100 135 42
100 139 1
100 268 6
100 146 29
100 147 30
100 153 30
100 159 13
100 162 64
100 181 76
100 190 74
100 203 52
100 102 53
100 103 94
100 235 70
100 114 27
100 118 45
100 120 4
101 257 46
101 131 33
101 133 30
101 136 49
101 143 14
101 144 47
101 280 9
101 159 48
101 163 76
101 176 52
101 183 75
101 202 9
101 195 25
101 228 61
101 108 66
101 127 80
101 255 25
102 130 8
102 264 5
102 143 25
102 274 3
102 149 88
102 157 50
102 287 70
102 290 43
102 163 80
102 298 91
102 175 36
102 185 92
102 193 42
102 199 72
102 216 16
102 225 90
102 231 72
102 106 93
102 235 87
102 285 61
102 117 97
102 254 80
103 272 55
103 273 32
103 277 18
103 150 97
103 157 82
103 288 45
103 163 27
103 292 53
103 170 75
103 171 34
103 173 8
103 185 72
103 208 22
103 210 47
103 230 42
103 233 57
103 241 35
103 115 36
103 244 78
104 269 89
104 150 98
104 281 72
104 161 33
104 166 100
104 170 95
104 186 36
104 188 33
104 200 2
104 202 25
104 215 96
104 226 51
104 233 83
104 234 25
104 118 37
104 123 1
105 258 41
105 299 40
105 143 44
105 175 70
105 113 38
105 178 2
105 163 74
105 227 16
105 188 0
106 263 29
106 265 88
106 145 62
106 147 19
106 155 89
106 283 91
106 294 75
106 197 37
106 200 12
106 217 10
106 272 6
106 107 1
106 115 3
106 119 20
107 149 60
107 161 41
107 132 38
107 204 33
107 298 25
107 247 72
107 269 16
107 207 77
107 209 72
107 213 66
107 297 5
107 153 68
107 196 74
107 120 94
107 223 43
108 138 15
108 139 66
108 270 42
108 167 0
108 153 10
108 286 91
108 287 10
108 289 47
108 164 2
108 190 80
108 295 20
108 234 76
108 235 59
108 115 66
108 119 45
109 135 45
109 136 39
109 139 85
109 284 10
109 157 58
109 297 63
109 170 37
109 179 62
109 180 30
109 186 52
109 232 7
109 239 46
109 241 37
109 116 15
109 250 18
110 288 58
110 162 89
110 243 74
110 252 92
110 194 90
110 147 82
110 214 2
110 280 61
110 122 19
110 219 70
110 197 62
111 256 23
111 134 73
111 277 41
111 152 37
111 154 58
111 291 86
111 165 92
111 173 50
111 194 100
111 199 87
111 207 17
111 225 60
111 242 31
111 122 22
111 254 6
112 128 64
112 134 59
112 263 49
112 266 100
112 284 34
112 298 51
112 201 65
112 204 85
112 210 45
112 212 70
112 237 84
112 239 1
112 240 26
112 148 59
113 129 20
113 132 51
113 278 26
113 153 54
113 283 98
113 284 81
113 164 50
113 171 86
113 173 95
113 176 83
113 180 56
113 189 13
113 215 25
113 220 73
113 222 12
113 225 39
113 232 58
113 119 34
114 262 4
114 136 57
114 140 59
114 145 21
114 277 55
114 281 62
114 280 66
114 153 58
114 282 87
114 156 88
114 158 23
114 165 29
114 181 74
114 214 77
114 242 9
114 123 50
115 135 80
115 265 82
115 141 64
115 270 98
115 153 78
115 159 45
115 290 36
115 292 38
115 165 78
115 296 30
115 177 83
115 184 20
115 188 39
115 227 54
115 242 59
115 123 18
115 116 72
115 254 44
115 248 27
115 251 36
115 126 39
116 258 22
116 227 93
116 295 62
116 136 45
116 156 71
116 153 11
116 249 70
116 284 96
116 254 35
116 255 67
117 264 96
117 265 17
117 269 32
117 271 72
117 273 54
117 275 57
117 159 2
117 165 96
117 203 50
117 141 54
117 212 4
117 216 90
117 228 86
117 231 55
117 240 3
118 131 79
118 134 94
118 273 26
118 148 74
118 160 35
118 289 22
118 262 68
118 174 62
118 188 79
118 211 49
118 237 28
118 239 8
118 245 63
118 249 22
118 254 21
119 130 44
119 265 30
119 268 30
119 278 85
119 155 77
119 289 13
119 290 57
119 166 66
119 182 19
119 185 24
119 198 85
119 231 81
119 250 74
119 124 85
120 270 22
120 144 79
120 152 15
120 161 12
120 293 85
120 180 27
120 190 87
120 195 1
120 227 88
120 214 86
120 218 68
120 165 49
120 228 26
120 241 8
120 243 59
121 290 79
121 261 3
121 263 82
121 267 39
121 236 37
121 240 72
121 176 33
121 177 60
121 213 1
121 248 59
121 228 20
121 152 92
121 222 77
122 256 18
122 135 67
122 264 95
122 138 39
122 273 67
122 275 6
122 238 76
122 154 25
122 167 33
122 176 58
122 200 38
122 206 1
122 226 1
122 242 53
122 147 97
123 259 17
123 260 21
123 267 55
123 140 40
123 141 42
123 271 74
123 144 48
123 273 63
123 279 56
123 162 4
123 174 54
123 175 3
123 200 39
123 201 62
123 210 48
123 213 77
123 221 31
123 224 30
123 236 19
123 246 82
123 249 25
123 255 73
124 226 12
124 294 20
124 264 60
124 233 84
124 204 13
124 290 6
124 146 87
124 163 0
124 219 55
124 260 97
125 257 5
125 130 31
125 132 58
125 267 21
125 274 61
125 148 92
125 278 23
125 279 75
125 281 31
125 156 95
125 286 14
125 163 66
125 292 33
125 174 0
125 185 11
125 187 69
125 190 70
125 197 60
125 199 11
125 213 14
125 216 5
125 221 20
125 223 59
125 237 5
126 259 76
126 261 50
126 257 48
126 200 22
126 137 43
126 171 77
126 236 47
126 291 59
126 239 65
126 216 56
126 274 55
126 183 73
126 225 17
126 217 20
126 199 50
127 257 16
127 258 9
127 262 30
127 267 41
127 273 80
127 148 51
127 152 81
127 284 11
127 134 52
127 175 14
127 177 9
127 182 26
127 185 80
127 196 89
127 204 82
127 210 38
127 211 76
127 212 68
127 218 56
127 229 63
127 236 78
127 240 15
128 262 48
128 263 37
128 273 19
128 274 63
128 147 25
128 154 62
128 282 51
128 285 54
128 294 87
128 160 94
128 204 10
128 212 20
128 221 100
128 223 37
128 225 77
128 229 63
128 230 2
128 233 32
128 281 80
129 141 90
129 272 74
129 159 90
129 161 82
129 291 55
129 294 17
129 157 18
129 192 9
129 204 95
129 221 39
129 236 5
130 259 81
130 264 37
130 140 44
130 274 12
130 279 48
130 280 0
130 284 58
130 169 39
130 170 67
130 189 95
130 194 33
130 195 93
130 206 49
130 234 25
130 235 73
131 257 90
131 227 67
131 294 49
131 200 94
131 242 70
131 275 68
131 251 66
131 186 27
131 287 44
132 266 75
132 139 99
132 145 5
132 156 44
132 160 19
132 264 32
132 186 0
132 206 18
132 220 14
132 230 49
132 233 48
133 260 23
133 270 77
133 280 28
133 158 63
133 287 91
133 288 28
133 292 52
133 297 96
133 298 28
133 178 85
133 200 92
133 201 50
133 231 33
133 232 67
133 251 77
133 252 54
134 270 87
134 273 28
134 277 91
134 152 79
134 290 94
134 163 2
134 293 14
134 174 98
134 184 28
134 196 53
134 199 24
134 201 52
134 242 54
134 251 27
135 141 87
135 145 2
135 148 87
135 156 40
135 289 43
135 164 39
135 293 76
135 166 77
135 284 31
135 184 6
135 191 59
135 195 70
135 203 6
135 205 30
135 224 39
135 294 82
135 237 48
136 256 29
136 263 3
136 237 72
136 149 76
136 280 94
136 153 23
136 285 82
136 299 74
136 181 40
136 204 2
136 235 6
136 238 42
137 274 12
137 161 84
137 219 99
137 295 25
137 177 77
137 182 12
137 183 60
137 196 10
137 218 70
137 224 75
137 229 68
137 235 48
137 248 29
137 250 41
137 252 56
137 254 81
138 141 19
138 144 92
138 275 87
138 286 78
138 295 18
138 183 34
138 190 39
138 210 81
138 214 0
138 250 100
138 223 66
138 232 13
138 237 16
138 238 36
138 254 16
139 268 98
139 143 68
139 272 72
139 146 68
139 156 1
139 157 51
139 289 93
139 295 95
139 168 90
139 227 59
139 240 74
139 247 65
139 250 62
139 254 65
140 260 10
140 156 37
140 285 58
140 160 53
140 296 70
140 298 73
140 184 91
140 191 70
140 288 25
140 204 34
140 213 87
140 223 24
140 248 41
141 259 27
141 260 3
141 265 48
141 267 27
141 146 76
141 278 77
141 160 43
141 173 38
141 185 82
141 187 9
141 266 75
141 194 71
141 246 62
141 247 27
141 249 20
142 256 22
142 257 36
142 278 91
142 154 26
142 155 22
142 291 50
142 168 91
142 182 27
142 191 37
142 195 88
142 206 11
142 230 30
142 244 65
142 249 27
142 250 74
143 257 44
143 259 13
143 270 37
143 282 42
143 175 53
143 285 15
143 295 66
143 267 47
143 268 25
143 205 29
143 207 56
143 212 47
143 237 98
143 244 54
143 252 76
143 255 76
144 263 90
144 276 96
144 151 95
144 154 55
144 285 2
144 298 87
144 186 18
144 188 43
144 207 58
144 208 65
144 212 29
144 214 8
144 255 36
145 265 55
145 269 87
145 150 39
145 290 17
145 169 80
145 173 86
145 188 72
145 217 90
145 228 69
145 242 65
145 247 12
145 149 7
146 261 11
146 267 51
146 274 51
146 284 72
146 158 26
146 159 68
146 288 69
146 186 54
146 187 31
146 192 15
146 195 40
146 200 90
146 238 68
146 248 85
147 258 46
147 264 6
147 152 51
147 167 87
147 176 97
147 196 14
147 201 19
147 218 13
147 219 35
147 223 15
147 224 74
147 225 39
147 210 18
147 242 67
147 252 83
147 253 51
148 258 17
148 262 13
148 267 22
148 268 49
148 149 4
148 153 91
148 286 57
148 220 42
148 170 64
148 263 42
148 177 60
148 181 12
148 191 8
148 210 80
148 228 50
148 230 71
148 242 51
148 248 93
149 283 58
149 289 91
149 164 14
149 293 4
149 297 19
149 176 80
149 177 67
149 183 10
149 192 49
149 195 6
149 242 18
149 245 73
150 256 51
150 275 41
150 280 62
150 159 11
150 171 19
150 172 91
150 174 96
150 209 30
150 252 83
151 257 48
151 171 72
151 272 17
151 288 34
151 299 25
151 180 72
151 181 95
151 184 11
151 191 76
151 199 79
151 201 63
151 218 4
151 222 28
151 253 52
152 258 74
152 161 20
152 295 71
152 298 11
152 179 36
152 218 52
152 228 100
152 231 77
152 188 77
152 237 67
152 238 94
153 256 49
153 235 63
153 277 59
153 278 53
153 286 3
153 287 65
153 293 71
153 294 23
153 170 40
153 183 34
153 188 22
153 196 3
153 198 99
153 291 89
153 243 46
153 251 71
154 284 23
154 286 47
154 296 50
154 175 79
154 179 33
154 183 15
154 192 71
154 214 36
154 220 46
154 221 65
154 226 6
154 237 95
154 248 12
154 254 66
154 255 59
155 261 73
155 156 33
155 289 15
155 168 5
155 299 89
155 179 57
155 197 22
155 201 31
155 247 69
155 218 21
155 222 75
155 240 17
155 245 44
155 253 27
156 256 53
156 258 61
156 259 56
156 278 29
156 283 55
156 157 97
156 288 71
156 289 8
156 263 76
156 174 77
156 175 62
156 182 83
156 191 12
156 196 94
156 202 98
156 207 57
156 210 17
156 228 82
156 229 3
156 233 69
156 235 46
156 249 41
157 274 89
157 280 41
157 159 55
157 291 96
157 293 98
157 187 29
157 204 98
157 163 47
157 207 53
157 239 66
158 256 64
158 257 89
158 271 19
158 272 27
158 276 52
158 279 22
158 291 35
158 242 66
158 175 86
158 182 65
158 214 7
158 216 48
158 220 46
158 236 71
159 270 50
159 276 22
159 287 32
159 289 93
159 181 83
159 203 51
159 207 76
159 208 34
159 212 25
159 219 82
159 245 40
159 247 86
160 267 58
160 274 16
160 280 10
160 288 81
160 296 58
160 246 6
160 217 9
160 225 38
160 226 87
160 228 54
160 234 82
160 236 79
160 249 95
161 260 93
161 272 79
161 276 50
161 169 53
161 186 41
161 188 44
161 195 54
161 219 100
161 224 63
161 236 30
161 247 51
162 192 100
162 260 33
162 264 44
162 270 80
162 275 7
162 287 46
162 163 98
162 169 22
162 171 93
162 191 56
162 204 18
162 227 35
162 230 40
162 234 47
162 241 98
163 257 96
163 265 25
163 280 58
163 282 1
163 288 12
163 294 38
163 171 66
163 173 81
163 180 27
163 186 47
163 192 22
163 193 58
163 208 17
163 211 62
163 222 67
163 226 80
163 239 78
163 241 23
164 272 74
164 295 10
164 171 27
164 175 60
164 190 27
164 232 41
164 233 73
164 249 42
165 279 81
165 290 74
165 297 27
165 178 46
165 203 46
165 205 91
165 209 81
165 211 19
165 210 77
165 245 76
166 260 33
166 264 57
166 284 9
166 170 47
166 299 77
166 178 94
166 183 55
166 185 13
166 193 29
166 212 58
166 243 69
166 250 8
167 265 55
167 268 73
167 270 48
167 274 69
167 279 97
167 184 76
167 286 61
167 168 30
167 174 98
167 192 15
167 193 19
167 197 11
167 204 50
167 207 43
167 209 11
167 210 87
167 219 11
167 224 96
167 228 60
167 229 67
167 240 85
167 241 3
167 211 9
168 275 86
168 276 94
168 279 0
168 172 86
168 177 96
168 188 75
168 198 62
168 213 58
168 222 12
168 229 53
169 281 41
169 282 27
169 283 81
169 289 28
169 294 80
169 199 50
169 237 31
169 239 78
170 268 23
170 281 16
170 288 19
170 294 64
170 173 99
170 209 51
170 211 55
170 213 82
170 237 74
170 242 51
170 246 56
171 256 34
171 263 48
171 277 85
171 288 48
171 289 47
171 190 53
171 194 1
171 239 84
171 242 11
171 243 83
171 251 89
171 255 56
172 288 23
172 219 79
172 228 45
172 262 43
172 294 3
172 259 6
172 266 49
172 192 19
172 173 10
172 272 3
172 223 77
173 258 19
173 264 6
173 278 49
173 284 60
173 182 45
173 185 24
173 198 90
173 209 53
173 214 84
173 222 31
173 227 9
173 235 51
173 236 49
173 247 23
173 298 11
174 266 94
174 294 29
174 297 81
174 177 34
174 178 46
174 181 21
174 219 51
174 251 68
175 264 84
175 278 65
175 280 47
175 179 43
175 180 73
175 202 53
175 204 37
175 212 36
175 214 61
175 237 24
175 248 55
175 252 25
175 253 49
176 293 42
176 186 47
176 197 80
176 213 100
176 223 93
176 230 44
176 231 49
176 241 61
176 255 19
177 259 66
177 277 58
177 286 80
177 178 77
177 243 95
177 188 47
177 191 4
177 203 97
177 199 85
177 210 42
177 223 24
177 226 1
178 268 40
178 289 91
178 292 31
178 182 51
178 183 50
178 200 54
178 219 77
178 231 92
178 236 54
178 247 43
179 259 0
179 229 28
179 267 14
179 269 84
179 271 61
179 276 3
180 264 29
180 268 45
180 274 95
180 185 66
180 193 29
180 195 24
180 197 30
180 212 15
180 225 38
180 228 71
180 233 16
180 252 95
181 258 59
181 273 91
181 289 71
181 296 61
181 182 24
181 187 56
181 188 48
181 201 16
182 258 48
182 264 10
182 266 54
182 269 43
182 275 21
182 294 3
182 184 62
182 204 69
182 218 20
182 230 1
182 249 7
183 193 68
183 292 81
183 211 5
183 285 14
183 293 55
184 258 100
184 267 87
184 273 77
184 259 87
184 282 52
184 284 94
184 288 31
184 290 51
184 263 59
184 214 55
184 217 1
184 220 90
185 260 4
185 270 76
185 296 41
185 191 12
185 211 8
185 207 17
186 262 86
186 277 99
186 282 60
186 288 3
186 295 5
186 193 51
186 194 15
186 197 26
186 289 21
186 217 32
186 219 79
186 233 74
186 234 6
186 242 80
186 251 9
187 272 61
187 287 16
187 294 88
187 299 40
187 193 17
187 197 20
187 217 17
187 207 32
187 225 5
187 240 28
187 249 77
188 264 13
188 269 21
188 270 76
188 280 39
188 272 66
188 296 53
188 200 91
188 203 8
188 234 74
188 236 31
188 238 7
188 298 90
189 192 28
189 225 11
189 277 36
189 263 80
189 201 32
189 213 73
189 269 83
189 204 23
189 279 78
189 281 15
189 222 71
189 255 33
190 259 4
190 268 48
190 279 99
190 281 84
190 295 99
190 202 94
190 229 90
190 232 75
190 238 91
190 249 85
190 255 30
191 257 51
191 194 56
191 274 22
191 296 100
191 297 21
191 204 65
191 226 25
191 247 56
191 276 90
191 253 44
192 236 23
192 246 70
192 247 16
192 254 19
193 256 81
193 258 2
193 262 98
193 266 8
193 275 2
193 277 15
193 291 48
193 292 33
193 201 38
193 216 54
193 233 19
193 234 99
193 295 15
194 263 83
194 264 44
194 269 81
194 274 10
194 280 83
194 285 67
194 297 27
194 225 39
194 248 17
195 257 28
195 285 25
195 286 92
195 218 86
195 219 99
195 240 80
195 245 1
196 264 91
196 271 6
196 273 90
196 276 46
196 198 61
196 299 68
196 207 37
196 209 10
196 223 78
196 240 9
196 248 61
196 252 48
196 255 43
197 259 48
197 277 63
197 290 44
197 210 72
197 293 98
197 231 22
197 243 74
197 244 56
197 249 82
198 258 18
198 259 36
198 286 68
198 211 43
198 212 2
198 231 36
198 241 50
198 249 59
198 253 81
199 261 15
199 239 57
199 292 28
199 297 4
199 208 8
199 215 5
199 227 49
199 230 96
199 243 70
199 254 63
200 275 30
200 269 63
200 281 78
200 286 100
200 205 42
200 207 84
200 225 30
200 244 51
200 250 91
201 259 34
201 273 63
201 280 86
201 285 58
201 230 12
202 259 37
202 274 40
202 287 40
202 288 19
202 296 76
202 216 78
202 222 77
202 224 25
202 225 52
202 229 74
202 233 40
202 253 100
203 256 58
203 265 41
203 267 32
203 268 28
203 280 34
203 278 0
203 230 28
203 237 20
204 259 67
204 260 92
204 272 15
204 274 22
204 277 25
204 292 33
204 224 81
204 242 97
204 246 16
205 259 49
205 264 25
205 265 83
205 269 36
205 299 100
205 207 25
205 210 52
205 237 8
205 239 22
205 255 75
206 273 32
206 274 27
206 277 88
206 288 9
206 289 84
206 296 7
206 225 25
206 294 27
206 231 28
206 245 21
206 251 4
206 252 67
207 257 46
207 259 99
207 261 33
207 269 31
207 236 14
207 244 31
207 253 64
207 254 13
208 260 35
208 230 45
208 237 89
208 276 36
208 252 70
208 253 49
209 267 24
209 273 59
209 295 25
209 211 19
209 293 22
209 272 96
209 228 43
209 233 92
209 234 14
209 244 9
209 248 68
210 256 13
210 264 97
210 277 9
210 220 6
210 233 0
210 236 85
210 239 81
211 262 38
211 274 93
211 282 13
211 219 54
211 255 13
211 252 6
211 253 10
212 271 26
212 272 85
212 288 13
212 299 80
212 284 73
212 229 18
212 235 56
212 244 21
212 247 37
212 252 43
213 257 49
213 262 80
213 265 73
213 276 23
213 283 3
213 242 5
213 252 15
213 254 56
214 270 49
214 272 89
214 277 21
214 280 23
214 290 94
214 288 87
215 266 7
215 295 20
215 244 98
215 278 11
215 231 24
216 258 39
216 262 47
216 299 26
216 217 73
216 219 94
216 251 35
217 290 83
217 292 98
217 254 0
217 218 57
217 222 89
218 281 23
218 294 43
218 224 43
218 237 11
218 238 11
218 249 10
218 253 35
219 260 16
219 269 58
219 298 68
219 287 28
219 251 68
220 291 14
220 296 97
220 231 76
221 263 76
221 266 70
221 270 58
221 274 21
221 280 84
221 236 10
221 242 81
221 247 65
221 253 56
222 257 45
222 267 71
222 272 82
222 274 97
222 246 86
222 254 58
223 256 1
223 263 67
223 267 34
223 277 12
223 234 65
223 236 4
224 258 19
224 265 33
224 272 77
224 273 74
224 277 23
224 295 79
224 239 20
224 275 54
225 256 83
225 267 6
225 286 70
225 289 74
225 294 76
225 237 57
225 239 50
225 244 83
225 250 89
225 253 11
226 244 90
226 267 73
226 268 58
226 243 74
226 264 89
226 250 68
227 257 97
227 259 0
227 277 32
227 282 94
227 248 72
227 267 29
227 243 68
228 262 96
228 298 55
228 249 12
228 252 44
229 260 90
229 261 14
229 264 20
229 274 24
229 286 2
229 288 83
229 232 70
229 235 39
229 243 24
229 251 78
230 258 93
230 299 63
230 266 5
230 276 84
230 279 41
230 288 14
230 233 90
230 235 39
230 244 48
231 256 23
231 272 31
231 275 59
231 234 14
231 241 64
231 246 93
232 262 83
232 270 19
232 277 33
232 288 64
232 246 86
233 267 19
233 273 25
233 274 8
233 281 25
233 282 32
233 295 69
233 239 53
233 240 70
234 263 3
234 272 58
234 291 69
234 296 15
235 268 12
235 288 16
235 295 78
235 241 86
235 242 99
235 246 94
236 259 63
236 264 66
236 284 14
236 293 53
236 295 90
236 297 88
236 298 31
236 286 15
236 242 31
237 268 62
237 296 59
237 255 37
238 259 46
238 262 87
238 265 100
238 298 36
238 292 55
238 242 68
238 246 89
239 282 97
239 291 79
239 251 49
239 254 60
240 265 95
240 243 88
240 249 16
241 259 77
241 265 56
241 270 84
241 271 19
241 274 71
241 289 71
241 287 18
241 252 99
242 282 19
242 284 30
242 285 33
242 273 23
243 274 17
243 276 46
243 255 35
244 281 57
244 293 73
245 264 30
245 269 85
245 270 48
245 274 51
245 276 29
245 247 33
245 254 70
246 266 63
246 271 25
246 280 88
246 285 35
246 295 63
246 251 35
246 253 11
247 264 66
247 266 39
247 270 70
247 250 68
248 261 40
248 294 46
248 267 10
249 258 29
249 285 4
249 288 60
250 258 77
250 267 10
250 269 88
250 275 30
250 281 25
250 253 14
250 286 78
251 271 79
251 259 97
251 279 100
251 290 19
251 295 83
252 266 37
252 295 47
253 265 55
253 268 10
253 270 29
253 277 57
253 283 16
253 284 66
253 254 71
254 262 9
254 271 91
254 255 99
255 262 85
255 265 12
255 269 90
255 284 37
255 294 17
256 283 59
256 299 81
257 258 83
257 277 4
258 260 77
258 278 10
258 267 54
259 260 56
259 267 11
259 271 72
259 272 84
259 286 59
260 261 52
260 267 36
260 294 22
260 273 72
260 282 86
260 288 5
260 268 68
261 264 94
261 277 33
261 278 66
262 280 86
262 294 79
262 297 97
263 266 68
263 267 24
263 271 98
263 282 34
263 290 45
263 296 54
264 282 14
264 295 19
265 283 8
265 291 45
265 294 12
266 271 90
266 280 50
266 289 70
266 296 10
267 282 36
267 286 96
267 288 59
267 274 66
268 285 15
268 289 46
268 297 43
269 281 71
269 288 20
270 291 77
270 294 57
271 276 99
271 278 37
271 281 35
271 294 42
271 296 46
272 285 57
272 287 60
272 290 84
272 294 15
272 286 58
273 282 43
273 287 82
273 295 99
273 296 39
274 276 27
275 289 63
275 294 38
275 290 13
276 280 62
276 290 20
276 295 98
277 287 48
277 289 2
277 293 11
278 282 23
278 286 21
278 287 24
279 281 37
279 287 20
279 291 52
279 292 95
280 286 91
281 283 20
281 285 7
281 286 82
285 287 24
286 288 58
286 295 55
286 297 31
286 293 22
287 289 5
287 298 42
288 293 7
289 290 82
290 294 70
290 295 96
290 297 40
291 298 98
294 295 10
294 296 44
