300 4000
0 150 94
0 135 32
0 278 90
0 279 14
0 32 58
0 113 90
0 41 47
0 174 24
0 180 45
0 182 79
0 58 71
0 188 63
0 189 11
0 63 51
0 194 91
0 195 9
0 210 79
0 99 30
0 241 18
0 115 56
0 191 39
0 127 24
1 160 55
1 163 74
1 69 21
1 198 42
1 263 43
1 92 39
1 295 48
1 270 43
1 24 50
1 145 85
1 50 78
1 211 81
1 56 44
1 277 21
1 43 12
1 215 12
1 120 57
1 283 38
1 186 87
1 123 50
1 28 89
2 64 43
2 161 98
2 197 84
2 67 81
2 166 100
2 65 22
2 193 31
2 265 89
2 209 70
2 39 1
2 140 7
2 173 29
2 175 64
2 16 55
2 145 73
2 18 18
2 237 82
2 181 99
2 56 72
2 186 67
2 127 53
3 33 55
3 98 36
3 260 30
3 69 80
3 116 0
3 73 68
3 234 35
3 83 65
3 130 99
3 239 76
3 16 72
3 50 66
3 243 35
3 20 3
3 41 62
3 88 72
3 217 43
3 218 56
3 253 87
4 8 12
4 9 41
4 21 71
4 22 42
4 279 77
4 24 46
4 284 98
4 290 52
4 163 23
4 298 75
4 180 21
4 56 63
4 191 68
4 66 71
4 202 94
4 203 90
4 76 56
4 78 11
4 207 82
4 208 59
4 85 19
4 214 85
4 215 6
4 216 75
4 226 95
4 228 79
4 230 47
4 236 70
4 248 26
4 251 66
4 126 80
5 6 43
5 138 60
5 17 65
5 275 90
5 148 55
5 152 98
5 282 14
5 283 53
5 284 14
5 288 95
5 37 95
5 295 92
5 49 77
5 62 39
5 213 88
5 217 14
5 91 77
5 222 16
5 229 7
5 233 22
5 242 74
5 115 73
5 251 68
6 131 52
6 261 73
6 136 98
6 267 34
6 12 13
6 141 21
6 149 14
6 279 61
6 29 72
6 240 58
6 285 52
6 55 78
6 202 84
6 191 31
6 199 64
6 74 99
6 225 5
6 235 23
6 237 13
6 112 98
6 244 43
6 126 21
6 127 74
7 257 26
7 131 98
7 13 43
7 142 69
7 150 38
7 286 69
7 49 54
7 52 56
7 53 25
7 56 21
7 187 49
7 188 69
7 67 84
7 71 96
7 200 47
7 74 46
7 75 84
7 76 56
7 80 26
7 85 44
7 88 28
7 93 92
7 97 6
7 102 95
7 231 91
7 235 68
8 256 30
8 299 8
8 261 45
8 263 73
8 264 89
8 12 84
8 269 68
8 142 14
8 15 62
8 273 98
8 174 16
8 152 9
8 133 70
8 41 61
8 298 67
8 43 90
8 46 26
8 175 47
8 136 55
8 186 27
8 187 29
8 191 51
8 196 58
8 198 87
8 86 38
8 224 88
8 227 47
8 101 76
8 106 25
8 237 74
8 114 32
8 126 6
9 258 99
9 265 6
9 138 97
9 143 42
9 282 0
9 155 71
9 26 39
9 161 93
9 27 84
9 39 95
9 181 10
9 56 79
9 60 12
9 62 44
9 67 14
9 202 28
9 205 45
9 211 42
9 84 91
9 221 48
9 239 99
9 240 47
9 243 8
9 119 23
9 249 34
9 251 45
10 258 68
10 197 62
10 163 62
10 17 32
10 229 31
10 209 60
10 266 2
10 231 94
10 78 29
10 130 53
10 206 21
10 49 59
10 274 38
10 195 2
10 149 90
10 214 50
10 185 28
10 190 46
10 245 8
11 130 5
11 264 92
11 12 39
11 277 39
11 23 49
11 280 94
11 184 20
11 28 46
11 286 22
11 287 89
11 36 32
11 38 72
11 167 91
11 40 71
11 41 82
11 178 89
11 56 30
11 187 90
11 60 19
11 245 98
11 64 91
11 199 2
11 200 4
11 79 13
11 81 59
11 164 30
11 95 13
11 102 47
11 107 5
11 237 87
11 114 10
11 117 68
11 191 23
12 294 18
12 262 23
12 135 63
12 137 54
12 140 7
12 13 84
12 146 96
12 23 12
12 25 82
12 282 88
12 29 23
12 35 27
12 166 85
12 295 70
12 50 7
12 181 74
12 190 44
12 53 25
12 267 64
12 71 71
12 200 99
12 165 75
12 38 3
12 106 55
12 249 25
12 122 81
12 125 64
12 126 41
13 132 10
13 265 26
13 18 88
13 152 23
13 29 56
13 69 14
13 159 90
13 160 48
13 291 6
13 165 47
13 166 76
13 50 61
13 67 48
13 196 13
13 197 16
13 75 93
13 213 56
13 95 73
13 251 39
13 110 48
13 239 46
13 112 79
13 243 46
13 245 54
13 123 64
13 252 84
13 125 75
13 127 19
14 129 42
14 264 24
14 267 23
14 283 71
14 159 64
14 33 57
14 37 58
14 295 0
14 64 64
14 195 9
14 70 57
14 202 7
14 76 78
14 84 84
14 87 87
14 93 80
14 225 15
14 228 77
14 234 62
14 108 3
14 118 10
14 122 32
14 124 20
14 125 35
14 127 30
15 235 84
15 139 12
15 270 26
15 277 81
15 155 20
15 163 1
15 295 77
15 42 68
15 45 81
15 175 69
15 184 83
15 57 0
15 67 90
15 71 51
15 72 41
15 78 42
15 207 98
15 225 83
15 102 72
15 232 87
15 39 100
15 109 49
15 117 76
15 122 85
15 253 33
16 261 99
16 142 35
16 272 37
16 259 1
16 279 4
16 153 94
16 157 17
16 159 89
16 34 31
16 167 94
16 40 23
16 169 52
16 46 69
16 178 29
16 183 26
16 31 4
16 60 41
16 79 44
16 80 14
16 211 45
16 214 43
16 217 47
16 233 11
16 239 84
16 25 0
16 117 90
17 257 57
17 130 39
17 134 78
17 129 33
17 141 76
17 272 49
17 36 68
17 165 21
17 40 87
17 169 89
17 170 12
17 175 10
17 183 83
17 57 71
17 192 23
17 70 69
17 72 11
17 74 55
17 55 12
17 80 64
17 81 31
17 82 84
17 211 81
17 86 21
17 90 86
17 221 83
17 94 77
17 229 53
17 231 84
17 119 26
17 250 87
17 254 82
18 130 94
18 139 37
18 272 63
18 145 35
18 146 80
18 152 32
18 25 28
18 296 33
18 46 75
18 182 27
18 184 92
18 57 24
18 59 20
18 76 86
18 208 47
18 210 65
18 89 55
18 90 97
18 221 54
18 94 100
18 101 92
18 105 35
18 245 8
19 129 75
19 259 19
19 263 18
19 136 1
19 265 81
19 269 6
19 143 3
19 274 29
19 278 26
19 153 59
19 157 28
19 30 44
19 161 12
19 294 31
19 296 69
19 52 55
19 187 79
19 194 66
19 196 95
19 81 34
19 216 73
19 95 37
19 98 62
19 242 11
19 115 94
19 123 60
20 192 78
20 258 12
20 139 43
20 269 94
20 270 19
20 280 55
20 25 97
20 29 71
20 158 20
20 48 32
20 162 61
20 291 34
20 37 74
20 42 83
20 171 76
20 46 76
20 176 66
20 180 84
20 181 68
20 186 81
20 64 17
20 194 15
20 68 90
20 208 10
20 215 77
20 216 21
20 217 73
20 98 99
20 123 28
20 235 30
20 236 1
20 244 45
20 251 87
20 125 86
20 127 55
21 257 67
21 34 93
21 195 49
21 49 13
21 81 6
21 73 83
21 106 8
21 66 64
21 111 86
21 240 66
21 209 67
21 147 70
21 269 28
21 277 13
21 118 94
21 88 24
21 89 24
21 218 41
21 251 86
21 286 4
22 256 100
22 132 41
22 266 5
22 267 54
22 142 19
22 205 26
22 277 98
22 25 86
22 280 85
22 162 22
22 166 88
22 175 68
22 60 100
22 63 50
22 70 40
22 71 25
22 201 53
22 74 37
22 77 4
22 79 48
22 80 74
22 87 35
22 217 85
22 220 68
22 93 3
22 96 100
22 99 33
22 105 27
22 247 4
22 120 39
22 254 82
23 256 8
23 257 26
23 260 69
23 139 64
23 269 58
23 270 8
23 195 1
23 278 42
23 279 40
23 25 3
23 290 33
23 40 25
23 297 99
23 299 67
23 183 39
23 60 87
23 153 68
23 73 57
23 78 15
23 100 97
23 227 22
23 228 73
23 230 13
23 231 8
23 234 18
23 244 49
23 248 94
23 123 8
23 254 98
24 129 17
24 132 78
24 266 58
24 275 16
24 277 65
24 282 28
24 32 11
24 165 83
24 40 38
24 174 83
24 182 95
24 62 42
24 70 84
24 206 66
24 82 89
24 211 31
24 214 41
24 215 4
24 219 74
24 233 61
24 111 29
24 245 100
24 118 82
24 121 50
24 149 28
25 135 71
25 145 88
25 277 47
25 281 76
25 283 19
25 28 2
25 286 52
25 33 46
25 162 22
25 173 66
25 181 10
25 64 74
25 211 6
25 91 67
25 101 77
25 108 80
25 121 78
26 256 31
26 133 17
26 136 26
26 270 56
26 195 39
26 282 14
26 284 75
26 33 17
26 290 62
26 293 73
26 38 7
26 49 40
26 28 75
26 175 23
26 264 17
26 50 11
26 54 1
26 223 26
26 62 62
26 67 33
26 247 87
26 206 63
26 221 89
26 37 72
26 230 43
26 103 5
26 119 2
26 248 85
27 96 71
27 144 66
27 258 38
27 131 55
27 150 65
27 296 67
27 234 79
27 172 8
27 240 44
27 206 0
27 284 34
27 272 6
27 81 37
27 220 34
27 182 61
27 55 12
27 152 20
27 188 2
27 125 89
27 159 18
28 272 26
28 280 29
28 278 19
28 151 9
28 152 97
28 283 26
28 284 49
28 30 46
28 31 41
28 162 3
28 292 73
28 43 87
28 50 24
28 185 32
28 287 35
28 65 7
28 218 10
28 219 5
28 94 100
28 102 81
28 114 79
29 51 80
29 272 31
29 151 51
29 156 1
29 159 84
29 290 5
29 295 59
29 296 13
29 169 17
29 197 31
29 45 82
29 46 29
29 49 9
29 50 20
29 179 56
29 185 75
29 188 1
29 193 12
29 69 56
29 199 89
29 177 73
29 122 18
29 94 25
29 101 68
29 229 30
29 117 40
29 120 60
29 250 43
30 260 74
30 269 60
30 276 53
30 282 10
30 286 21
30 32 30
30 290 24
30 292 89
30 169 18
30 43 22
30 44 87
30 173 61
30 182 99
30 183 38
30 65 91
30 195 4
30 147 27
30 198 35
30 200 48
30 203 19
30 77 23
30 83 94
30 212 59
30 213 44
30 216 99
30 93 92
30 97 52
30 236 29
30 240 54
30 241 47
30 243 92
30 254 31
31 266 31
31 270 93
31 273 15
31 150 66
31 160 36
31 198 61
31 168 31
31 174 57
31 184 99
31 58 42
31 191 96
31 65 50
31 66 83
31 70 39
31 71 60
31 75 89
31 77 14
31 220 40
31 221 32
31 107 4
31 246 96
32 129 21
32 144 51
32 275 96
32 148 87
32 169 24
32 53 15
32 57 92
32 63 61
32 66 12
32 199 33
32 204 15
32 210 9
32 87 75
32 220 3
32 228 74
32 102 10
32 237 89
32 112 17
32 116 95
32 117 71
32 41 74
32 120 51
32 127 65
33 136 93
33 140 94
33 173 62
33 276 41
33 279 81
33 280 90
33 161 91
33 166 97
33 167 98
33 45 67
33 174 67
33 51 65
33 191 20
33 192 74
33 194 80
33 68 47
33 70 99
33 201 3
33 81 56
33 87 47
33 91 79
33 226 42
33 239 55
33 115 80
33 123 13
33 127 14
34 131 18
34 179 63
34 137 100
34 139 7
34 142 50
34 43 78
34 151 95
34 286 71
34 165 29
34 299 91
34 51 51
34 182 82
34 183 91
34 197 93
34 203 71
34 205 6
34 206 58
34 212 96
34 101 69
34 237 19
34 240 95
34 246 15
34 249 3
34 124 59
35 257 9
35 258 99
35 131 72
35 264 65
35 271 87
35 148 4
35 281 85
35 157 62
35 287 17
35 40 59
35 172 57
35 179 9
35 181 41
35 186 8
35 194 5
35 200 57
35 205 49
35 81 37
35 88 50
35 58 61
35 231 88
35 106 2
35 108 92
35 242 73
35 251 69
36 257 30
36 133 11
36 264 20
36 142 9
36 147 64
36 278 42
36 279 49
36 39 96
36 168 15
36 46 54
36 187 97
36 73 18
36 241 58
36 76 43
36 83 80
36 221 84
36 228 82
36 235 86
36 108 49
36 40 74
36 242 68
36 115 59
36 245 15
36 251 53
37 58 22
37 230 89
37 294 6
37 105 85
37 215 80
37 269 74
37 81 44
37 82 29
37 51 40
37 85 100
37 265 10
37 120 40
37 185 27
37 250 75
37 157 23
37 287 54
38 128 29
38 269 78
38 145 56
38 152 43
38 162 18
38 169 86
38 42 45
38 171 70
38 173 17
38 60 95
38 189 26
38 191 79
38 268 7
38 202 21
38 85 0
38 214 79
38 88 1
38 217 98
38 219 5
38 225 69
38 188 58
38 108 17
38 237 60
38 238 49
38 120 6
38 124 34
39 192 14
39 293 18
39 166 13
39 136 29
39 61 38
39 204 57
39 162 83
39 112 76
39 82 62
39 276 9
39 126 80
39 89 61
39 154 79
39 123 9
39 109 84
39 222 57
40 256 26
40 258 76
40 136 25
40 269 93
40 270 96
40 272 90
40 148 37
40 282 10
40 157 31
40 158 78
40 159 90
40 291 8
40 167 52
40 51 37
40 60 44
40 76 83
40 206 39
40 213 5
40 89 79
40 220 95
40 110 44
40 239 56
40 250 61
40 85 60
41 266 90
41 141 6
41 144 41
41 282 67
41 287 66
41 293 46
41 299 56
41 45 3
41 56 36
41 57 87
41 186 68
41 61 13
41 190 99
41 199 17
41 75 83
41 81 78
41 83 85
41 91 56
41 222 37
41 229 47
41 105 22
41 241 43
41 116 83
42 139 60
42 144 6
42 147 35
42 280 23
42 282 2
42 156 72
42 159 69
42 296 38
42 60 88
42 190 25
42 191 24
42 75 89
42 77 66
42 206 22
42 219 87
42 224 54
42 102 59
42 232 14
42 117 97
42 119 4
42 251 29
42 254 3
43 129 68
43 147 50
43 276 43
43 279 24
43 158 23
43 160 78
43 161 66
43 164 43
43 168 0
43 47 76
43 178 78
43 51 98
43 183 98
43 72 77
43 83 52
43 217 67
43 227 93
43 100 91
43 232 7
43 234 26
43 108 4
43 237 83
43 117 24
43 118 0
43 123 87
44 134 50
44 270 7
44 273 46
44 149 100
44 283 80
44 156 60
44 286 91
44 289 11
44 155 96
44 172 43
44 51 0
44 63 85
44 69 2
44 73 47
44 206 67
44 215 47
44 96 4
44 112 76
44 116 25
44 245 31
44 277 29
45 140 92
45 271 58
45 273 95
45 274 99
45 278 43
45 152 12
45 175 13
45 290 65
45 164 13
45 171 74
45 173 66
45 157 58
45 48 17
45 57 55
45 74 43
45 206 80
45 83 11
45 185 84
45 216 30
45 242 33
45 236 41
45 146 25
45 110 61
45 114 96
45 285 81
45 233 82
45 248 50
45 251 42
46 51 45
46 134 90
46 274 57
46 279 14
46 286 91
46 163 19
46 165 52
46 296 49
46 47 90
46 179 76
46 183 35
46 188 96
46 196 80
46 197 10
46 204 11
46 82 68
46 85 28
46 90 86
46 219 11
46 99 23
46 102 2
46 231 13
46 104 36
46 108 91
46 237 5
46 240 12
46 245 68
46 119 46
46 122 41
46 126 81
47 257 93
47 133 30
47 135 86
47 291 75
47 292 68
47 59 66
47 61 2
47 68 54
47 198 34
47 202 76
47 205 92
47 82 98
47 212 56
47 217 33
47 218 20
47 224 71
47 228 67
47 239 91
47 242 78
47 251 25
47 126 69
47 127 75
48 195 15
48 164 97
48 114 46
48 72 73
48 203 11
48 237 12
48 110 66
48 178 53
48 163 57
48 180 99
48 213 39
48 182 4
48 57 4
48 186 9
48 91 69
48 221 59
48 127 19
49 128 40
49 130 41
49 260 13
49 274 10
49 275 21
49 151 25
49 298 85
49 299 56
49 157 3
49 63 29
49 78 88
49 83 16
49 216 94
49 218 75
49 219 65
49 224 4
49 226 33
49 99 63
49 100 90
49 232 20
49 117 6
49 122 20
49 191 45
49 253 61
50 130 70
50 261 12
50 146 74
50 289 3
50 165 69
50 169 2
50 173 99
50 55 57
50 68 6
50 197 18
50 198 20
50 268 88
50 88 78
50 217 18
50 222 58
50 223 32
50 224 24
50 226 70
50 234 1
50 110 6
51 259 66
51 266 92
51 279 35
51 285 55
51 292 90
51 55 37
51 186 60
51 189 36
51 191 19
51 65 22
51 70 42
51 161 23
51 75 3
51 208 53
51 81 16
51 210 87
51 214 87
51 218 17
51 91 45
51 95 41
51 80 97
51 99 33
51 209 49
51 104 61
51 118 30
51 120 28
51 121 92
52 142 21
52 148 58
52 179 38
52 55 74
52 186 34
52 194 1
52 71 77
52 73 28
52 77 97
52 205 80
52 209 57
52 84 68
52 213 80
52 215 33
52 225 30
52 81 4
52 241 82
52 116 18
52 246 87
52 255 50
53 277 91
53 278 91
53 284 85
53 285 84
53 167 28
53 297 71
53 135 9
53 172 59
53 175 37
53 59 64
53 190 44
53 194 50
53 69 52
53 200 75
53 94 40
53 96 67
53 226 95
53 228 50
53 103 93
53 243 45
53 116 80
54 259 29
54 136 53
54 275 13
54 279 91
54 288 31
54 289 15
54 294 98
54 299 8
54 178 40
54 184 6
54 186 55
54 64 16
54 160 41
54 194 93
54 197 81
54 73 18
54 75 39
54 205 55
54 211 61
54 214 11
54 215 42
54 89 80
54 218 20
54 220 73
54 96 62
54 225 94
54 227 52
54 232 89
54 111 2
54 242 63
54 116 9
54 250 46
55 259 52
55 137 20
55 267 17
55 141 86
55 131 100
55 148 100
55 152 14
55 158 66
55 262 81
55 190 55
55 194 72
55 71 1
55 200 63
55 202 67
55 204 59
55 269 55
55 82 95
55 84 11
55 85 87
55 214 5
55 92 59
55 280 12
55 100 59
55 230 13
55 234 60
55 107 25
55 111 80
55 244 56
55 125 93
56 256 34
56 257 21
56 131 89
56 263 46
56 136 40
56 148 47
56 151 74
56 281 20
56 159 0
56 175 52
56 178 40
56 179 10
56 57 55
56 190 49
56 191 93
56 69 26
56 70 38
56 201 99
56 77 35
56 216 8
56 95 57
56 106 72
56 240 97
56 255 55
57 257 59
57 261 96
57 264 80
57 282 68
57 164 12
57 175 64
57 180 80
57 59 55
57 193 85
57 200 46
57 74 84
57 205 33
57 80 78
57 87 38
57 216 2
57 234 3
57 113 96
57 246 75
57 248 28
57 126 18
57 255 33
58 129 20
58 131 91
58 261 62
58 134 25
58 135 84
58 272 87
58 145 14
58 152 90
58 156 97
58 286 30
58 164 3
58 165 61
58 88 67
58 70 23
58 97 69
58 73 70
58 211 62
58 85 97
58 216 3
58 218 55
58 222 64
58 293 76
58 144 36
58 104 71
58 234 97
58 109 63
58 238 27
58 247 2
58 252 58
58 125 30
59 161 54
59 67 83
59 101 95
59 103 8
59 136 34
59 298 43
59 135 14
59 140 65
59 269 29
59 176 91
59 75 0
59 279 87
59 184 77
59 251 22
59 109 100
60 260 48
60 134 59
60 268 87
60 145 88
60 148 35
60 282 3
60 164 5
60 174 39
60 176 33
60 178 78
60 69 2
60 75 92
60 204 33
60 210 10
60 85 18
60 214 17
60 217 27
60 94 13
60 223 72
60 233 40
60 109 12
60 111 23
60 113 22
60 254 67
60 255 84
61 128 89
61 130 89
61 195 7
61 132 9
61 261 59
61 264 64
61 138 93
61 111 23
61 108 24
61 81 39
61 178 2
61 79 27
61 282 56
61 123 27
61 199 67
62 128 5
62 263 20
62 264 68
62 273 45
62 279 82
62 152 41
62 153 100
62 156 26
62 160 72
62 165 45
62 294 85
62 185 46
62 191 98
62 64 21
62 201 40
62 76 27
62 205 38
62 212 39
62 220 77
62 94 19
62 104 55
62 233 72
62 107 34
62 236 73
62 119 64
62 248 81
62 253 92
63 97 28
63 163 35
63 164 28
63 150 32
63 230 60
63 170 46
63 151 72
63 112 52
63 195 71
63 245 89
63 215 41
63 120 85
63 125 7
64 257 25
64 261 6
64 134 24
64 140 56
64 258 57
64 143 73
64 278 14
64 284 46
64 176 36
64 180 63
64 192 78
64 73 86
64 74 12
64 221 70
64 226 55
64 231 15
64 242 90
64 247 86
64 250 86
65 129 59
65 138 82
65 66 69
65 274 71
65 148 33
65 281 65
65 159 40
65 163 29
65 171 67
65 194 39
65 200 44
65 73 72
65 207 12
65 208 49
65 213 88
65 86 30
65 250 97
65 94 16
65 103 10
65 105 71
65 234 33
65 236 98
65 110 81
65 239 64
65 121 87
65 122 44
65 126 60
66 129 81
66 132 60
66 141 86
66 275 11
66 276 33
66 153 93
66 295 3
66 178 100
66 195 36
66 202 81
66 269 85
66 226 82
66 234 4
66 114 71
66 254 51
66 118 47
66 123 17
67 228 33
67 295 23
67 168 64
67 108 2
67 174 71
67 241 92
67 83 84
67 181 37
67 278 96
67 151 99
67 152 60
67 220 41
67 157 32
67 254 24
68 226 17
68 165 21
68 166 61
68 168 36
68 297 53
68 74 55
68 267 23
68 237 2
68 296 0
68 87 16
68 84 37
68 122 30
68 281 73
68 190 17
68 133 19
69 263 3
69 137 96
69 141 47
69 271 1
69 275 16
69 277 66
69 162 57
69 292 20
69 294 85
69 169 26
69 71 55
69 209 69
69 86 11
69 216 25
69 223 34
69 97 13
69 131 19
69 101 69
69 103 9
69 108 45
69 242 67
69 123 12
69 124 87
70 256 64
70 263 45
70 266 19
70 143 61
70 144 93
70 151 52
70 280 88
70 283 79
70 286 92
70 287 28
70 292 100
70 170 75
70 174 30
70 197 81
70 75 82
70 94 13
70 97 43
70 103 19
70 232 30
70 236 30
70 248 85
70 298 83
70 126 62
70 255 19
71 259 55
71 273 39
71 278 48
71 158 86
71 160 87
71 161 6
71 294 18
71 295 27
71 181 11
71 198 77
71 207 67
71 209 80
71 221 39
71 232 6
71 106 38
71 239 84
71 250 58
72 96 87
72 163 37
72 229 97
72 166 55
72 201 65
72 167 46
72 79 71
72 145 76
72 210 26
72 195 66
72 277 63
72 86 26
72 119 80
72 248 33
72 207 97
72 189 63
72 293 17
73 147 66
73 279 15
73 153 76
73 157 92
73 158 0
73 290 6
73 292 52
73 241 43
73 171 21
73 181 86
73 182 20
73 196 76
73 84 11
73 85 76
73 220 25
73 113 67
73 115 27
73 117 43
73 119 18
73 123 64
73 254 55
74 268 67
74 279 0
74 287 92
74 296 87
74 178 21
74 117 39
74 193 1
74 195 73
74 140 76
74 85 25
74 185 6
74 219 86
74 95 51
74 239 22
74 116 70
74 245 56
74 246 36
74 120 37
74 249 19
74 255 28
75 258 64
75 133 89
75 276 47
75 152 57
75 155 53
75 157 45
75 161 34
75 293 84
75 297 95
75 179 90
75 181 3
75 187 8
75 192 5
75 289 16
75 269 69
75 208 29
75 84 65
75 214 96
75 221 16
75 100 12
75 109 41
75 118 8
75 120 75
75 121 1
75 252 19
76 261 58
76 262 41
76 137 10
76 138 29
76 145 90
76 286 27
76 159 81
76 177 29
76 178 24
76 186 32
76 192 89
76 194 16
76 80 46
76 213 13
76 216 26
76 219 26
76 223 38
76 103 81
76 234 83
76 235 67
76 236 76
76 85 60
76 255 98
77 160 47
77 99 83
77 262 63
77 199 73
77 103 27
77 141 37
77 110 64
77 143 65
77 178 83
77 245 67
77 120 11
77 124 92
77 189 23
77 287 21
78 288 99
78 163 96
78 293 8
78 243 38
78 275 99
78 169 58
78 202 88
78 237 1
78 206 77
78 271 61
78 147 9
78 171 79
78 87 48
78 136 52
78 93 53
78 94 3
79 264 35
79 265 86
79 271 37
79 274 57
79 278 57
79 151 21
79 152 46
79 154 14
79 282 54
79 289 49
79 167 7
79 298 34
79 185 82
79 198 8
79 201 77
79 211 75
79 88 8
79 219 99
79 92 34
79 223 65
79 100 13
79 103 0
79 105 53
79 116 53
80 256 61
80 179 46
80 263 26
80 137 10
80 138 88
80 274 79
80 184 15
80 187 14
80 200 29
80 210 12
80 86 4
80 215 82
80 88 12
80 94 0
80 95 51
80 144 41
80 227 81
80 104 67
80 120 45
80 125 54
81 257 80
81 143 42
81 272 33
81 149 85
81 157 29
81 170 24
81 299 74
81 183 2
81 180 6
81 191 10
81 192 87
81 196 89
81 289 93
81 210 61
81 83 14
81 101 26
81 104 76
81 109 57
81 116 50
81 120 26
81 122 86
82 258 29
82 259 20
82 135 44
82 141 26
82 271 8
82 146 43
82 152 57
82 281 89
82 160 89
82 291 34
82 165 58
82 274 2
82 177 68
82 179 20
82 191 84
82 226 63
82 209 67
82 99 10
82 213 3
82 218 95
82 98 1
82 227 10
82 233 1
82 106 97
82 237 3
82 239 22
82 122 11
83 128 49
83 132 49
83 134 25
83 142 74
83 271 74
83 145 93
83 147 62
83 152 59
83 281 96
83 156 71
83 157 87
83 161 1
83 167 98
83 168 54
83 174 53
83 187 39
83 192 75
83 199 30
83 205 48
83 216 47
83 90 87
83 92 6
83 102 56
83 103 58
83 239 19
83 121 60
83 252 43
84 135 52
84 136 3
84 141 22
84 145 23
84 150 76
84 156 49
84 290 38
84 292 98
84 293 86
84 88 8
84 90 25
84 216 35
84 93 25
84 111 26
84 122 63
84 127 46
85 128 4
85 258 50
85 131 45
85 138 79
85 140 60
85 144 86
85 157 23
85 289 63
85 161 39
85 217 95
85 293 9
85 166 76
85 231 63
85 237 45
85 168 10
85 242 38
85 247 62
86 258 36
86 260 50
86 135 87
86 141 85
86 271 56
86 274 97
86 275 90
86 283 51
86 171 69
86 184 31
86 199 21
86 210 89
86 228 6
86 90 34
86 100 68
86 229 69
86 112 53
86 242 13
86 247 9
86 252 2
86 253 95
87 192 16
87 167 4
87 201 60
87 171 48
87 174 14
87 110 61
87 207 94
87 145 18
87 183 16
87 228 21
87 123 29
87 157 82
88 130 83
88 285 62
88 286 39
88 162 81
88 298 95
88 171 63
88 181 39
88 194 42
88 204 28
88 205 91
88 206 56
88 220 63
88 222 38
88 208 99
88 228 95
88 294 54
88 230 14
88 106 6
88 236 96
88 237 89
88 239 49
88 252 74
89 260 35
89 140 28
89 269 58
89 270 31
89 145 34
89 275 45
89 150 78
89 283 67
89 156 6
89 159 56
89 289 17
89 162 94
89 169 98
89 171 27
89 179 1
89 185 71
89 187 25
89 192 82
89 203 68
89 211 99
89 219 57
89 103 16
89 118 84
89 247 41
89 248 52
89 254 73
89 255 58
90 130 23
90 132 80
90 134 89
90 137 35
90 161 40
90 165 58
90 184 2
90 202 4
90 204 95
90 225 43
90 99 11
90 103 80
90 105 8
90 106 23
90 237 88
90 113 12
90 246 1
90 212 49
90 122 33
91 258 23
91 107 53
91 164 29
91 261 96
91 295 27
91 273 30
91 299 82
91 142 87
91 111 6
91 241 37
91 280 27
91 179 19
91 284 47
92 128 5
92 130 78
92 132 10
92 264 51
92 266 82
92 267 2
92 147 64
92 148 3
92 285 93
92 159 19
92 293 22
92 168 37
92 171 80
92 184 86
92 186 57
92 192 27
92 218 90
92 93 47
92 99 48
92 231 59
92 104 75
92 103 70
92 113 46
92 275 92
92 247 77
92 121 98
92 255 57
93 256 48
93 257 35
93 130 35
93 133 12
93 262 92
93 202 97
93 178 19
93 272 61
93 206 63
93 114 30
93 275 29
93 281 15
93 154 9
93 181 12
94 257 36
94 267 73
94 270 77
94 237 31
94 275 48
94 278 49
94 146 4
94 176 77
94 178 75
94 179 91
94 222 88
94 225 55
94 230 95
94 106 99
94 109 36
94 117 67
94 124 64
94 254 89
95 130 0
95 265 69
95 270 78
95 144 62
95 273 14
95 292 84
95 166 33
95 168 64
95 298 11
95 183 89
95 195 29
95 211 30
95 215 24
95 98 73
95 232 74
95 237 6
95 113 52
95 147 30
96 265 31
96 266 68
96 267 52
96 141 55
96 142 3
96 273 57
96 277 14
96 288 10
96 291 32
96 299 55
96 200 87
96 195 94
96 182 42
96 203 46
96 205 71
96 228 98
96 233 46
96 236 3
96 237 72
96 243 63
96 119 80
96 248 54
96 123 96
97 266 40
97 139 7
97 268 8
97 278 40
97 280 28
97 153 80
97 285 19
97 174 42
97 202 92
97 204 21
97 209 89
97 226 100
97 230 64
97 231 84
97 239 72
97 113 17
97 118 63
97 253 29
98 256 17
98 161 86
98 260 48
98 133 79
98 167 73
98 232 9
98 122 45
98 103 66
98 221 31
98 123 85
98 181 33
98 153 99
98 186 43
98 271 62
98 211 69
98 157 99
99 130 62
99 272 75
99 276 7
99 286 92
99 289 26
99 178 29
99 185 75
99 195 29
99 161 45
99 227 38
99 110 2
99 117 11
99 250 53
99 124 3
99 254 72
100 128 99
100 130 18
100 261 70
100 134 49
100 135 67
100 264 16
100 151 83
100 141 81
100 143 30
100 144 60
100 280 9
100 281 59
100 163 17
100 168 50
100 186 14
100 202 24
100 205 8
100 208 33
100 237 77
100 243 100
101 270 33
101 272 24
101 150 76
101 154 72
101 283 5
101 284 19
101 158 14
101 160 46
101 166 81
101 175 33
101 176 87
101 193 91
101 195 94
101 200 16
101 204 34
101 208 57
101 229 67
101 104 64
101 111 63
101 112 79
101 113 75
101 242 5
101 115 10
101 245 87
102 128 22
102 261 100
102 270 63
102 168 36
102 180 89
102 184 87
102 139 85
102 109 74
102 208 89
102 213 41
102 223 62
102 229 89
102 230 15
102 237 55
102 248 68
102 253 24
103 132 59
103 263 9
103 269 34
103 145 32
103 277 6
103 161 75
103 292 18
103 294 10
103 170 28
103 181 35
103 120 34
103 232 20
103 112 85
103 248 67
103 250 13
104 141 8
104 158 63
104 294 45
104 297 37
104 175 42
104 183 18
104 196 31
104 205 20
104 235 92
104 111 20
104 113 51
104 117 91
104 251 33
104 127 16
105 131 49
105 265 38
105 145 16
105 277 0
105 280 43
105 281 21
105 284 69
105 285 43
105 289 28
105 170 12
105 176 64
105 193 84
105 201 6
105 209 68
105 217 8
105 222 46
105 113 9
105 114 89
105 243 79
105 117 81
105 121 63
105 253 26
106 262 84
106 268 100
106 273 97
106 278 22
106 155 92
106 156 43
106 159 12
106 192 20
106 195 31
106 197 94
106 140 17
106 219 67
106 234 37
106 116 48
106 246 7
106 120 68
106 253 48
107 131 20
107 270 14
107 144 19
107 146 30
107 166 11
107 174 80
107 185 70
107 186 87
107 187 90
107 189 71
107 192 34
107 217 36
107 220 75
107 229 26
107 231 67
107 109 7
107 110 57
107 113 95
107 120 10
108 138 10
108 144 21
108 149 8
108 282 41
108 157 83
108 197 36
108 165 5
108 297 58
108 173 3
108 190 98
108 192 79
108 200 9
108 226 55
108 227 5
108 229 45
108 231 1
108 240 7
108 116 77
108 255 53
108 166 23
108 125 73
108 127 44
109 192 13
109 257 78
109 294 13
109 129 90
109 202 32
109 126 43
109 158 93
109 180 77
109 245 33
109 153 86
109 283 92
110 266 25
110 271 94
110 269 72
110 150 3
110 280 8
110 154 17
110 156 79
110 157 92
110 160 39
110 293 81
110 167 98
110 284 52
110 205 87
110 207 86
110 226 80
110 227 21
110 116 72
110 119 39
111 137 45
111 277 65
111 151 47
111 281 93
111 154 21
111 157 78
111 293 84
111 169 0
111 191 75
111 202 66
111 209 67
111 228 52
111 231 84
111 247 67
112 128 67
112 271 89
112 147 65
112 288 37
112 166 49
112 168 34
112 141 57
112 122 22
112 229 3
112 248 66
112 250 78
112 252 39
112 253 31
112 126 72
112 127 72
113 267 57
113 272 13
113 274 20
113 281 23
113 287 44
113 160 91
113 292 90
113 176 33
113 180 79
113 187 34
113 189 91
113 203 12
113 208 96
113 211 75
113 216 15
113 222 9
113 225 66
113 228 87
113 229 59
113 234 54
114 224 59
114 296 33
114 204 52
114 141 17
114 271 94
114 242 17
114 179 95
114 244 55
114 150 4
114 215 79
114 122 10
114 143 89
115 197 78
115 212 7
115 198 1
115 137 83
115 204 73
115 206 52
115 143 29
115 271 22
115 116 76
115 182 35
115 185 45
115 153 21
115 219 20
115 253 40
116 128 56
116 261 46
116 134 49
116 263 29
116 141 32
116 271 7
116 145 36
116 274 28
116 278 51
116 151 55
116 153 11
116 158 54
116 293 21
116 168 84
116 171 41
116 196 32
116 220 59
116 123 51
116 242 37
116 169 37
116 251 68
117 282 67
117 284 79
117 289 34
117 291 73
117 293 87
117 169 46
117 189 46
117 219 17
117 220 43
117 165 45
117 239 51
118 194 53
118 148 95
118 294 13
118 168 25
118 180 59
118 190 83
118 196 71
118 201 38
118 204 5
118 206 69
118 214 43
118 215 52
118 122 30
118 251 22
118 124 86
118 127 36
119 256 52
119 133 74
119 272 71
119 145 60
119 274 51
119 174 55
119 150 54
119 160 96
119 168 30
119 187 61
119 196 92
119 202 62
119 235 41
119 252 47
119 254 24
119 255 9
120 259 90
120 260 69
120 150 46
120 257 86
120 136 89
120 279 63
120 151 78
120 154 63
120 286 9
120 287 93
120 291 25
120 165 73
120 295 10
120 157 3
120 178 32
120 184 36
120 201 45
120 237 48
120 238 53
120 244 9
120 251 92
121 256 14
121 259 25
121 264 18
121 145 33
121 146 31
121 153 98
121 155 40
121 286 37
121 289 96
121 297 85
121 299 73
121 188 88
121 189 63
121 193 54
121 226 72
121 234 8
121 242 62
121 248 79
121 251 66
121 255 86
122 129 77
122 260 68
122 151 29
122 171 37
122 189 37
122 268 59
122 216 67
122 218 56
122 221 12
122 232 80
122 243 93
122 250 50
122 125 58
122 126 36
122 255 40
123 262 37
123 266 79
123 272 47
123 148 93
123 284 24
123 180 39
123 190 47
123 195 33
123 194 2
123 215 56
123 227 0
123 242 53
124 260 73
124 138 47
124 268 86
124 278 98
124 280 57
124 155 8
124 163 62
124 180 37
124 283 75
124 196 96
124 205 85
124 212 88
124 216 38
124 217 16
124 219 24
124 234 30
124 254 22
125 131 38
125 262 97
125 270 18
125 144 69
125 281 54
125 283 5
125 168 11
125 203 25
125 141 32
125 209 92
125 225 85
125 227 64
125 229 47
126 129 71
126 138 44
126 156 93
126 161 69
126 291 66
126 186 87
126 200 7
126 208 33
126 209 87
126 217 38
126 232 62
126 239 60
126 253 72
127 131 40
127 263 15
127 140 82
127 278 54
127 152 51
127 160 84
127 162 82
127 293 21
127 296 82
127 188 21
127 195 38
127 198 72
127 205 33
127 142 25
127 220 21
127 237 6
127 246 8
128 147 98
128 276 45
128 281 19
128 283 63
128 284 32
128 288 6
128 290 16
128 164 33
128 298 59
128 179 26
128 206 22
128 213 69
129 131 38
129 141 83
129 143 21
129 149 89
129 289 80
129 180 82
129 183 66
129 202 21
129 204 66
129 215 18
129 225 61
129 230 69
129 235 9
129 236 36
129 147 10
129 252 86
130 133 47
130 262 50
130 270 80
130 271 21
130 145 1
130 151 20
130 289 93
130 293 19
130 166 65
130 298 64
130 174 64
130 184 7
130 138 95
130 194 80
130 199 41
130 209 3
130 213 91
130 229 30
130 231 41
130 238 43
130 245 7
130 246 70
131 280 57
131 154 98
131 284 86
131 197 79
131 163 18
131 292 54
131 166 60
131 298 74
131 171 11
131 182 39
131 194 11
131 201 48
131 206 19
131 225 89
131 226 15
131 245 54
132 136 76
132 271 84
132 144 52
132 274 85
132 148 89
132 156 19
132 161 16
132 165 71
132 185 42
132 188 83
132 198 58
132 199 18
132 201 34
132 240 75
133 256 22
133 278 37
133 284 86
133 161 93
133 162 92
133 292 80
133 299 65
133 174 29
133 178 31
133 184 16
133 202 65
133 207 67
133 209 57
133 236 81
133 240 63
133 242 71
133 245 76
133 255 94
134 260 4
134 135 9
134 265 44
134 148 29
134 174 50
134 155 24
134 284 0
134 288 41
134 190 96
134 205 61
134 224 62
134 211 31
135 258 74
135 182 19
135 167 75
135 268 26
135 203 94
135 253 100
135 297 89
135 189 97
135 223 8
136 261 13
136 262 58
136 145 17
136 147 67
136 149 65
136 153 57
136 184 81
136 185 10
136 204 12
136 216 97
136 222 26
136 227 15
136 250 79
136 251 92
137 149 23
137 291 43
137 166 60
137 297 15
137 188 62
137 190 35
137 206 69
137 223 36
137 225 9
137 226 97
137 227 60
137 232 38
137 245 0
138 266 72
138 267 16
138 141 39
138 147 69
138 287 60
138 298 65
138 173 100
138 205 87
138 206 40
138 233 57
138 237 1
138 240 5
138 246 100
139 149 83
139 198 46
139 295 97
139 168 42
139 170 74
139 236 65
139 238 34
139 272 76
139 245 74
139 284 93
139 223 82
140 257 85
140 263 89
140 273 4
140 275 47
140 278 20
140 152 64
140 163 6
140 296 1
140 175 12
140 183 7
140 191 5
140 197 19
141 261 62
141 144 24
141 274 64
141 277 98
141 152 39
141 153 43
141 295 83
141 168 62
141 176 65
141 181 83
141 196 28
141 203 79
141 218 79
141 223 35
141 225 6
141 226 99
142 257 59
142 262 57
142 147 78
142 277 74
142 287 47
142 288 7
142 193 76
142 181 20
142 189 70
142 224 56
142 196 56
142 214 32
142 218 83
142 236 16
142 243 16
142 254 35
142 255 75
143 258 20
143 196 80
143 165 27
143 175 73
143 176 65
143 245 45
143 182 85
143 217 91
143 152 17
144 262 46
144 273 71
144 157 68
144 299 27
144 173 60
144 176 42
144 214 45
144 221 53
144 235 97
144 237 88
144 169 87
145 260 77
145 264 95
145 147 30
145 159 77
145 167 83
145 181 49
145 199 26
145 186 11
145 230 22
145 237 27
145 239 95
145 211 97
146 235 82
146 173 36
146 275 46
146 287 61
146 288 54
146 296 83
146 170 64
146 174 21
146 179 78
146 186 22
146 187 5
146 195 42
146 219 93
146 234 56
146 236 1
147 160 58
147 204 79
147 218 94
147 224 91
147 253 3
147 170 17
148 257 38
148 258 75
148 268 90
148 269 40
148 156 99
148 290 77
148 180 88
148 193 40
148 198 17
148 202 39
148 162 98
148 225 63
148 231 34
148 246 25
149 259 35
149 293 85
149 167 46
149 175 35
149 222 89
149 277 66
149 218 10
149 219 60
149 268 76
149 190 22
149 159 6
150 273 9
150 276 11
150 278 21
150 280 67
150 294 63
150 296 52
150 196 37
150 197 63
150 199 92
150 202 76
150 203 57
150 213 24
150 222 19
150 244 17
150 245 47
150 250 35
151 261 74
151 155 3
151 192 61
151 196 74
151 216 39
151 207 96
151 229 32
151 248 18
152 286 20
152 164 2
152 169 60
152 179 61
152 214 16
152 216 76
152 166 32
152 210 14
152 242 72
153 259 48
153 283 47
153 284 44
153 289 86
153 291 57
153 292 34
153 298 22
153 200 49
153 207 17
153 209 91
153 217 66
153 222 69
153 226 100
153 272 42
154 161 36
154 296 46
154 298 1
154 267 37
154 174 90
154 237 34
154 275 29
154 277 89
154 182 73
154 248 1
154 249 87
154 222 60
155 269 42
155 159 47
155 162 17
155 295 25
155 169 66
155 178 97
155 194 19
155 201 98
155 224 93
155 232 79
155 167 23
155 237 75
155 241 22
156 275 61
156 238 36
156 296 66
156 171 99
156 174 94
156 285 77
156 179 17
156 180 56
156 182 16
156 255 11
156 298 42
156 277 63
157 271 72
157 289 29
157 291 1
157 168 91
157 174 98
157 243 8
157 190 77
157 209 30
157 225 4
157 247 98
157 252 7
158 269 85
158 274 96
158 287 38
158 290 29
158 166 11
158 298 6
158 299 26
158 175 20
158 178 12
158 187 2
158 194 53
158 196 80
158 217 34
158 228 44
158 296 10
158 242 64
158 253 90
159 256 7
159 261 56
159 279 91
159 280 79
159 285 60
159 161 64
159 290 34
159 220 96
159 205 96
159 245 53
159 298 18
159 234 20
160 289 35
160 299 64
160 176 28
160 185 51
160 202 94
160 204 34
160 212 2
160 239 27
161 263 58
161 270 50
161 273 61
161 162 67
161 163 51
161 292 61
161 173 15
161 178 72
161 226 14
161 213 19
161 239 95
161 240 79
162 229 99
162 195 4
162 281 65
162 251 73
162 219 42
163 266 85
163 284 52
163 291 96
163 293 81
163 168 78
163 181 47
163 188 50
163 192 0
163 203 4
163 214 18
163 222 52
164 261 28
164 273 15
164 274 60
164 276 11
164 294 46
164 200 29
164 209 76
164 222 9
164 229 73
164 239 30
164 241 60
165 259 46
165 267 4
165 277 34
165 291 67
165 299 96
165 197 8
165 201 97
165 203 53
165 215 83
165 271 97
165 230 100
165 237 79
166 257 34
166 261 77
166 262 45
166 264 74
166 269 100
166 273 71
166 281 51
166 291 29
166 292 73
166 295 99
166 182 35
166 191 86
166 195 66
166 209 20
166 213 33
166 241 48
167 273 85
167 286 12
167 170 28
167 181 87
167 186 41
167 187 51
167 188 59
167 190 0
167 193 3
167 203 89
167 277 14
168 258 100
168 284 79
168 184 54
168 187 39
168 197 17
168 198 40
168 200 86
168 202 40
168 247 61
168 209 39
168 219 81
168 220 63
168 233 65
168 240 60
168 243 90
168 253 79
169 262 95
169 275 11
169 298 84
169 179 65
169 182 31
169 198 45
169 202 41
169 213 95
169 214 51
169 221 28
169 222 39
169 223 70
169 224 60
169 228 61
169 294 86
170 260 8
170 268 84
170 278 2
170 281 52
170 286 55
170 287 19
170 185 92
170 193 42
170 206 84
170 207 67
170 210 26
170 222 21
170 236 26
171 261 91
171 268 92
171 281 5
171 282 88
171 181 30
171 186 77
171 197 7
171 198 19
171 200 69
171 231 61
171 237 68
171 243 86
172 272 24
172 195 4
172 296 35
172 259 87
172 236 80
172 269 70
172 237 93
172 176 81
172 178 60
172 252 33
172 222 56
173 273 61
173 277 83
173 181 80
173 192 74
173 197 21
173 286 11
173 205 71
173 219 28
173 231 26
173 237 99
173 239 1
173 247 79
173 252 40
174 258 18
174 276 97
174 281 45
174 296 76
174 175 47
174 182 69
174 189 73
174 192 81
174 215 38
174 226 94
175 261 80
175 284 65
175 188 55
175 181 94
175 195 43
175 217 93
175 224 1
175 244 27
176 262 40
176 241 23
176 288 35
176 208 36
176 211 50
176 279 17
177 245 39
177 292 72
177 234 89
177 242 81
177 273 75
177 212 88
177 181 57
177 248 49
177 287 35
178 265 2
178 287 10
178 193 66
178 182 45
178 222 92
178 224 85
178 228 81
178 240 41
178 253 93
179 259 2
179 273 89
179 281 72
179 292 71
179 295 81
179 181 15
179 213 55
179 225 28
179 228 81
179 233 99
179 249 30
180 181 89
180 184 62
180 204 58
180 207 17
180 211 57
180 226 31
180 227 54
180 244 39
180 276 42
181 260 66
181 297 17
181 187 62
181 228 24
181 231 15
181 236 90
181 247 90
181 252 22
181 253 36
182 265 38
182 184 38
182 224 34
182 232 16
182 238 10
183 235 73
183 195 96
183 298 31
183 208 52
183 211 48
183 214 96
183 284 38
183 286 97
184 266 86
184 258 24
184 283 54
184 209 2
184 221 26
184 225 31
184 235 59
184 236 70
184 243 46
184 252 63
185 282 12
185 297 44
185 299 84
185 264 32
185 188 95
185 200 20
185 213 12
185 215 17
185 216 89
185 232 61
185 240 76
185 246 0
186 257 77
186 266 81
186 275 23
186 199 61
186 201 8
186 228 63
186 225 3
186 252 100
187 256 19
187 268 52
187 281 7
187 275 79
187 208 57
187 213 46
187 229 68
187 211 14
187 254 40
188 261 27
188 264 38
188 276 3
188 200 43
188 201 75
188 216 33
188 221 55
188 226 53
188 232 94
188 240 100
188 243 94
188 246 43
189 227 92
189 292 93
189 232 39
189 210 64
189 275 6
189 217 38
189 250 0
189 264 63
190 257 16
190 258 3
190 260 87
190 271 48
190 273 54
190 275 90
190 279 0
190 289 56
190 295 20
190 236 60
190 191 73
190 195 38
190 198 56
190 204 57
190 207 10
190 208 48
190 243 42
190 252 48
190 254 22
190 255 27
191 263 93
191 266 86
191 278 97
191 279 39
191 280 20
191 209 84
191 211 64
191 215 28
191 246 59
191 255 94
192 257 39
192 258 28
192 261 32
192 277 94
192 280 16
192 290 21
192 199 3
192 200 100
192 238 12
192 255 6
193 228 60
193 261 15
193 210 35
193 271 81
193 206 97
193 274 83
193 276 80
193 216 85
193 247 89
194 259 98
194 260 70
194 265 2
194 271 88
194 279 75
194 294 4
194 295 20
194 197 94
194 209 79
194 211 33
194 214 52
194 224 67
194 226 81
194 229 16
194 231 31
194 234 99
195 288 57
195 211 41
195 215 75
195 218 30
195 274 40
195 238 78
195 242 45
195 244 100
195 252 47
196 287 57
196 201 37
196 212 43
196 252 15
196 248 66
197 258 28
197 218 70
197 231 22
197 237 51
197 238 56
197 242 3
198 259 14
198 257 96
198 265 14
198 291 33
198 294 68
198 200 72
198 204 32
198 208 43
198 217 26
199 224 2
199 275 88
199 238 93
199 245 23
199 231 84
200 257 67
200 262 18
200 282 85
200 203 90
200 207 34
200 216 24
200 217 61
200 227 64
200 237 42
200 243 63
200 253 72
201 257 66
201 278 31
201 261 25
201 248 17
201 222 20
201 238 81
201 249 35
201 254 16
202 259 19
202 288 33
202 203 10
202 210 47
202 211 54
202 224 40
202 235 71
203 259 75
203 273 80
203 224 77
203 205 92
203 208 39
203 235 4
204 258 14
204 266 55
204 269 13
204 272 39
204 279 84
204 280 28
204 281 46
204 284 29
204 264 10
204 217 18
204 219 89
204 231 70
204 239 47
204 255 36
205 279 43
205 281 4
205 212 66
205 243 90
205 248 76
206 271 16
206 276 99
206 284 69
206 225 11
206 228 95
206 234 73
207 256 83
207 258 36
207 260 34
207 215 26
207 280 93
207 285 72
207 294 45
207 221 2
207 243 39
207 281 54
208 259 18
208 223 74
208 224 84
208 227 11
208 248 84
208 252 45
209 257 13
209 260 60
209 268 95
209 278 19
209 283 72
209 287 79
209 296 90
209 297 63
209 225 64
209 217 48
209 219 14
209 227 75
209 235 32
209 247 5
209 255 65
210 261 0
210 243 2
210 235 73
210 268 59
210 245 74
210 215 63
210 255 23
211 264 13
211 241 49
211 212 89
211 219 86
211 220 77
211 227 95
211 234 21
212 227 56
212 264 90
212 297 60
212 243 45
212 283 95
213 270 20
213 274 30
213 228 70
213 241 23
213 250 56
213 251 89
213 254 63
214 276 85
214 278 17
214 286 60
214 290 58
214 297 59
215 278 11
215 260 5
215 286 66
215 299 36
215 223 3
215 240 95
215 245 34
216 270 3
216 276 63
216 297 95
216 298 1
216 217 48
216 223 33
216 227 11
216 238 83
216 241 58
216 253 54
217 262 11
217 290 46
217 292 58
217 238 21
217 254 8
218 260 2
218 261 86
218 280 96
218 281 42
218 282 76
218 286 88
218 289 34
218 295 39
218 250 18
218 222 100
218 237 85
218 242 32
218 247 36
218 251 9
219 259 33
219 266 89
219 280 99
219 299 25
219 221 82
219 224 60
219 296 0
219 251 41
220 257 30
220 273 69
220 281 3
220 291 34
220 298 11
220 223 68
220 249 97
220 251 41
221 257 95
221 258 4
221 268 9
221 269 16
221 272 56
221 296 15
221 224 10
221 227 65
221 234 33
221 236 55
221 245 63
221 249 26
222 257 13
222 258 85
222 259 34
222 263 26
222 276 80
222 277 79
222 288 25
222 294 51
222 296 86
222 240 13
223 268 20
223 271 3
223 277 49
223 289 28
223 291 61
223 293 24
223 246 68
223 249 58
223 253 59
224 261 23
224 268 26
224 282 98
224 288 4
224 294 87
224 225 97
224 253 59
225 296 20
225 226 5
225 233 9
225 242 33
226 258 80
226 284 41
226 285 30
226 288 47
226 232 34
226 239 16
227 278 85
227 283 74
227 296 63
227 228 99
227 230 35
227 234 7
228 265 30
228 271 75
228 278 41
228 229 69
228 241 34
229 257 77
229 288 14
229 293 46
229 236 70
229 255 36
230 235 42
230 236 49
230 237 33
230 244 52
230 277 28
230 273 67
230 253 43
231 270 0
231 272 52
231 295 98
231 238 16
231 255 47
232 272 90
232 287 44
232 292 32
232 294 13
232 236 94
232 238 79
232 240 80
232 251 12
233 274 65
233 236 17
233 245 0
233 246 6
233 283 64
234 258 55
234 272 64
234 286 83
234 289 38
234 283 69
234 270 70
234 235 47
234 238 36
234 243 31
234 244 11
235 277 90
235 282 70
235 285 87
235 286 65
235 236 49
235 244 94
235 247 5
235 255 21
236 264 20
236 280 54
236 283 65
236 286 81
236 248 65
236 254 44
237 263 78
237 271 0
237 289 41
237 290 65
237 252 47
238 295 50
238 274 86
238 247 61
239 260 21
239 267 99
239 272 16
239 274 44
239 277 60
239 283 39
239 285 48
239 293 74
239 295 45
239 244 86
239 255 85
240 260 63
240 291 76
240 297 82
241 244 3
241 247 77
241 268 88
241 292 57
242 273 48
242 295 78
243 272 18
243 255 68
244 288 57
244 296 82
245 256 95
245 262 32
245 272 31
245 297 31
245 269 18
245 292 61
245 248 100
246 256 4
246 262 97
246 263 95
246 271 84
246 286 30
246 299 12
247 274 97
247 296 28
247 248 43
248 256 84
248 286 45
248 292 85
248 298 35
248 254 36
249 290 37
249 264 34
249 267 63
249 274 91
249 255 0
250 295 88
250 282 50
250 285 43
251 268 95
251 269 9
251 274 24
251 290 82
251 253 53
251 254 81
252 256 14
252 268 18
252 270 21
252 274 94
252 285 4
253 261 77
253 276 70
253 275 66
254 263 77
254 284 36
254 291 61
255 268 46
255 281 93
255 295 80
255 297 95
256 276 45
256 279 14
256 282 54
256 286 70
256 288 39
257 260 58
257 266 78
258 264 7
258 284 37
259 268 72
259 283 57
260 298 85
261 271 20
261 274 88
261 277 85
261 279 33
261 281 32
262 276 100
262 278 36
262 291 81
262 293 63
263 284 37
264 268 15
264 283 26
265 292 1
265 271 8
266 297 41
266 298 75
267 294 67
267 273 56
267 272 13
268 273 80
268 277 75
268 282 33
268 284 38
268 296 42
269 289 12
269 291 82
269 299 16
270 273 55
270 282 78
270 284 36
270 292 87
270 294 62
271 288 76
271 289 31
271 294 80
271 291 63
272 296 63
273 298 78
274 286 93
274 294 89
275 286 37
275 292 62
276 288 67
276 290 27
276 292 1
277 279 85
277 280 8
277 288 58
277 293 93
277 296 15
278 279 0
278 288 51
278 290 4
278 299 76
279 291 3
279 297 85
280 282 92
280 283 65
281 290 77
281 282 71
281 285 43
281 291 81
282 285 45
283 293 27
287 290 16
287 291 86
288 290 85
288 296 37
289 297 0
291 299 8
292 293 69
292 299 69
294 297 30
296 297 44
