300 4000
0 149 21
0 136 13
0 138 62
0 271 45
0 21 19
0 152 55
0 26 54
0 155 35
0 28 30
0 158 63
0 35 12
0 293 23
0 94 31
0 201 16
0 65 11
0 195 43
0 200 81
0 73 93
0 208 42
0 222 20
0 165 38
0 96 15
0 108 95
0 241 68
0 244 68
0 248 69
0 250 2
0 255 10
1 259 55
1 262 98
1 9 97
1 266 36
1 141 27
1 15 67
1 148 94
1 152 63
1 25 19
1 283 41
1 219 76
1 294 41
1 167 77
1 297 45
1 54 27
1 197 78
1 198 82
1 74 21
1 211 41
1 271 41
1 101 61
1 238 60
1 246 74
1 169 6
1 249 44
1 123 60
1 166 52
2 282 26
2 5 76
2 7 58
2 264 96
2 140 64
2 149 29
2 154 29
2 29 7
2 290 78
2 291 9
2 292 88
2 294 85
2 169 4
2 182 9
2 186 54
2 189 2
2 64 96
2 205 64
2 212 12
2 213 82
2 228 48
2 103 92
2 235 68
2 112 29
2 297 72
3 128 2
3 257 25
3 260 98
3 7 34
3 144 26
3 152 67
3 284 14
3 176 76
3 35 63
3 37 52
3 166 44
3 43 89
3 46 80
3 48 18
3 51 94
3 180 28
3 183 77
3 58 95
3 68 60
3 198 59
3 200 24
3 203 11
3 77 23
3 226 27
3 108 89
3 250 17
4 266 75
4 142 66
4 274 63
4 156 76
4 160 82
4 292 53
4 39 81
4 184 54
4 60 73
4 62 11
4 63 33
4 67 28
4 200 13
4 206 85
4 79 92
4 80 69
4 213 91
4 220 93
4 108 6
4 116 36
4 126 14
4 118 72
4 123 33
4 124 35
4 254 97
5 258 94
5 135 76
5 15 44
5 145 20
5 148 61
5 149 66
5 153 58
5 163 94
5 165 28
5 39 91
5 168 52
5 171 97
5 49 81
5 179 8
5 52 59
5 186 41
5 65 27
5 68 56
5 198 59
5 206 13
5 291 75
5 7 58
5 90 86
5 221 82
5 37 7
5 225 81
5 226 95
5 102 29
5 109 7
5 122 36
5 252 2
5 125 24
6 267 27
6 148 53
6 279 33
6 287 23
6 160 32
6 292 24
6 293 33
6 166 30
6 180 79
6 59 88
6 200 18
6 204 29
6 79 57
6 208 82
6 211 90
6 86 45
6 218 97
6 37 11
6 95 99
6 228 91
6 38 81
6 107 21
6 243 13
6 118 48
7 8 91
7 141 88
7 142 77
7 16 61
7 146 62
7 150 92
7 31 28
7 33 67
7 34 97
7 292 67
7 38 28
7 168 73
7 171 97
7 54 82
7 192 87
7 212 54
7 85 48
7 88 61
7 221 24
7 222 73
7 102 52
7 234 60
7 117 91
7 125 59
8 129 32
8 24 36
8 277 78
8 151 100
8 280 49
8 284 98
8 163 31
8 36 59
8 37 89
8 169 47
8 42 89
8 48 0
8 52 18
8 54 92
8 56 31
8 198 93
8 72 27
8 207 98
8 80 65
8 184 77
8 100 25
8 224 6
8 226 58
8 99 94
8 228 18
8 108 37
8 111 57
8 246 24
9 27 47
9 65 7
9 71 74
9 156 22
9 140 68
9 41 78
9 43 69
9 76 71
9 270 80
9 274 85
9 181 64
9 23 43
9 121 53
9 59 90
9 21 21
9 78 59
9 94 37
9 223 65
10 128 74
10 135 99
10 265 73
10 138 2
10 12 39
10 15 81
10 272 57
10 150 60
10 294 88
10 45 84
10 47 88
10 180 7
10 54 42
10 137 47
10 188 37
10 195 66
10 72 75
10 202 34
10 204 98
10 77 18
10 91 11
10 92 90
10 95 11
10 224 89
10 99 61
10 103 98
10 114 81
10 249 31
10 252 9
11 259 3
11 142 18
11 143 92
11 273 46
11 131 61
11 22 47
11 30 2
11 31 59
11 244 7
11 168 65
11 242 42
11 53 23
11 185 81
11 189 39
11 198 17
11 71 51
11 76 22
11 80 31
11 209 57
11 86 82
11 92 33
11 227 29
11 102 27
11 106 44
11 108 85
11 237 37
11 110 62
11 296 25
11 114 8
11 116 75
11 117 67
11 249 33
11 122 100
11 251 99
12 269 66
12 142 80
12 273 47
12 146 25
12 275 51
12 25 85
12 157 73
12 30 0
12 31 78
12 288 39
12 166 55
12 296 32
12 174 12
12 175 20
12 179 94
12 53 75
12 182 12
12 195 53
12 205 30
12 79 84
12 216 19
12 219 98
12 221 89
12 96 30
12 97 55
12 103 33
12 235 2
12 244 24
12 249 61
13 64 57
13 161 10
13 227 64
13 230 82
13 39 60
13 259 59
13 274 19
13 272 11
13 49 97
13 50 44
13 243 24
13 155 77
13 87 7
13 152 37
13 218 11
13 123 42
13 252 14
14 130 43
14 259 31
14 260 53
14 134 63
14 142 83
14 147 52
14 156 75
14 157 0
14 161 17
14 36 47
14 70 82
14 294 93
14 185 18
14 95 71
14 60 93
14 194 94
14 198 92
14 90 69
14 293 97
14 59 54
14 103 10
14 188 69
14 237 98
14 241 75
14 124 76
15 256 77
15 258 4
15 134 93
15 264 75
15 141 87
15 144 0
15 162 26
15 293 24
15 297 59
15 175 74
15 50 54
15 181 67
15 104 64
15 186 4
15 61 4
15 65 71
15 197 53
15 71 16
15 79 10
15 208 3
15 221 67
15 224 100
15 98 20
15 102 96
15 232 44
15 237 42
15 239 85
15 113 88
15 118 30
15 119 68
15 121 28
16 160 39
16 226 92
16 75 16
16 37 12
16 230 90
16 264 1
16 137 96
16 234 45
16 241 72
16 78 47
16 144 40
16 17 87
16 20 77
16 213 49
16 22 74
16 216 45
16 282 33
16 54 94
16 250 35
16 254 80
17 257 32
17 258 92
17 259 97
17 261 2
17 151 50
17 36 63
17 38 54
17 39 78
17 175 41
17 52 70
17 55 77
17 57 7
17 194 50
17 206 70
17 214 10
17 92 58
17 93 67
17 224 34
17 99 12
17 166 52
17 115 32
17 120 79
17 121 22
17 124 50
18 192 86
18 260 74
18 263 21
18 44 24
18 139 11
18 141 77
18 284 71
18 285 2
18 159 89
18 289 42
18 39 25
18 40 46
18 135 88
18 172 8
18 46 5
18 48 82
18 49 36
18 56 24
18 63 52
18 64 94
18 195 89
18 68 13
18 78 38
18 207 64
18 117 81
18 119 47
18 121 89
18 250 61
18 251 93
19 139 29
19 141 100
19 149 15
19 151 79
19 152 80
19 281 98
19 239 55
19 37 73
19 167 35
19 40 84
19 267 99
19 75 7
19 77 88
19 80 42
19 120 18
19 82 82
19 214 8
19 249 88
19 220 43
19 165 35
19 97 67
19 111 95
19 113 63
19 243 67
19 246 86
19 248 45
19 121 85
19 126 14
20 270 55
20 274 15
20 283 82
20 36 60
20 45 79
20 49 36
20 51 78
20 56 15
20 187 22
20 63 37
20 193 20
20 67 46
20 205 1
20 206 14
20 214 19
20 88 13
20 90 33
20 91 46
20 93 61
20 227 74
20 124 99
20 234 15
20 108 24
20 238 49
20 111 14
20 122 87
20 191 54
20 252 16
21 131 6
21 270 24
21 26 27
21 29 40
21 158 31
21 287 15
21 293 45
21 167 24
21 299 37
21 30 66
21 182 28
21 55 24
21 72 39
21 74 95
21 77 100
21 81 45
21 211 32
21 84 16
21 215 17
21 222 77
21 37 87
21 98 45
21 102 87
21 104 29
21 106 43
21 232 52
21 253 4
22 131 53
22 260 85
22 261 46
22 134 90
22 266 32
22 268 94
22 278 81
22 30 83
22 288 69
22 289 76
22 299 56
22 172 67
22 45 23
22 286 92
22 54 60
22 190 4
22 63 70
22 160 37
22 195 55
22 182 84
22 205 14
22 208 39
22 83 15
22 86 81
22 220 57
22 272 81
22 229 69
22 231 17
22 240 1
22 242 87
22 125 1
23 136 59
23 138 59
23 145 83
23 274 48
23 288 27
23 292 39
23 166 54
23 42 11
23 264 17
23 63 44
23 160 52
23 199 12
23 203 78
23 79 33
23 208 64
23 211 96
23 224 40
23 230 21
23 105 91
23 107 33
23 113 15
23 116 72
23 248 59
23 253 84
23 254 13
23 255 18
24 257 6
24 132 46
24 131 34
24 260 65
24 146 96
24 150 73
24 151 53
24 153 3
24 154 63
24 33 14
24 290 64
24 296 85
24 42 68
24 181 87
24 55 77
24 59 17
24 193 31
24 210 40
24 99 77
24 92 65
24 98 7
24 227 8
24 104 93
24 242 73
24 244 89
24 251 53
25 256 86
25 133 24
25 263 48
25 139 60
25 286 9
25 32 11
25 162 53
25 163 74
25 167 60
25 297 61
25 47 33
25 55 72
25 57 64
25 197 38
25 74 95
25 78 36
25 211 1
25 88 35
25 96 28
25 229 71
25 103 3
25 250 34
26 261 70
26 139 40
26 272 7
26 163 78
26 164 87
26 299 69
26 49 19
26 179 11
26 185 92
26 58 34
26 62 87
26 191 69
26 195 43
26 68 26
26 72 59
26 73 17
26 85 6
26 88 24
26 89 84
26 225 32
26 230 77
26 247 2
26 250 57
27 33 86
27 98 52
27 37 22
27 295 12
27 201 96
27 299 18
27 142 38
27 157 77
27 82 57
27 52 71
27 85 94
27 246 50
27 153 43
27 281 7
27 143 76
27 118 96
27 181 58
28 131 0
28 271 82
28 144 74
28 146 25
28 147 25
28 279 23
28 167 27
28 177 77
28 66 96
28 195 65
28 80 8
28 83 34
28 219 96
28 92 2
28 95 51
28 228 99
28 103 75
28 237 96
28 115 56
28 248 47
28 254 94
29 256 99
29 268 82
29 144 72
29 145 67
29 274 62
29 157 98
29 289 55
29 163 80
29 38 86
29 241 79
29 296 64
29 169 75
29 93 61
29 49 45
29 55 87
29 198 98
29 75 4
29 208 4
29 85 50
29 91 59
29 221 39
29 272 64
29 103 86
29 39 35
29 239 22
29 113 49
29 114 24
29 244 35
29 246 64
29 250 70
29 251 21
29 252 35
30 258 94
30 147 21
30 150 35
30 287 0
30 160 52
30 163 17
30 296 43
30 170 56
30 178 20
30 40 97
30 184 96
30 57 48
30 201 57
30 90 76
30 98 6
30 238 12
30 168 36
30 242 0
30 247 22
30 253 75
31 134 67
31 138 53
31 273 23
31 274 62
31 153 49
31 32 10
31 293 35
31 42 73
31 43 54
31 46 57
31 175 27
31 181 4
31 62 37
31 191 89
31 64 24
31 65 74
31 262 72
31 97 93
31 200 3
31 77 32
31 206 36
31 193 8
31 85 13
31 215 39
31 88 2
31 90 98
31 219 3
31 222 81
31 225 10
31 106 12
31 110 0
31 240 60
31 246 25
31 170 56
31 254 97
31 127 93
32 128 33
32 131 69
32 133 96
32 141 79
32 144 2
32 276 76
32 151 88
32 152 68
32 40 75
32 170 89
32 173 27
32 174 62
32 180 26
32 56 59
32 68 66
32 198 52
32 77 21
32 80 80
32 83 33
32 212 22
32 87 62
32 219 6
32 220 46
32 97 61
32 233 12
32 106 23
32 107 58
32 245 100
32 122 32
33 133 49
33 262 68
33 261 51
33 289 96
33 283 75
33 292 82
33 293 62
33 42 51
33 175 43
33 53 26
33 184 77
33 59 68
33 190 3
33 80 85
33 223 39
33 96 50
33 97 5
33 226 5
33 231 48
33 240 54
33 114 88
33 115 35
33 246 79
33 125 9
34 256 43
34 264 25
34 137 0
34 269 73
34 147 26
34 279 97
34 153 67
34 159 93
34 290 2
34 164 84
34 297 47
34 298 88
34 175 31
34 50 13
34 179 42
34 60 71
34 62 45
34 70 55
34 199 7
34 80 6
34 81 97
34 85 34
34 216 67
34 36 36
34 97 56
34 100 41
34 101 87
34 102 4
34 243 9
34 251 26
35 257 48
35 263 65
35 268 38
35 235 19
35 288 5
35 163 95
35 294 59
35 45 23
35 46 65
35 178 47
35 183 94
35 184 25
35 58 31
35 64 38
35 69 78
35 74 60
35 215 82
35 220 60
35 94 73
35 102 94
35 230 26
35 231 57
35 104 4
35 103 40
35 236 74
35 112 14
35 242 100
35 117 27
35 121 86
35 253 45
36 269 14
36 147 94
36 277 72
36 154 27
36 282 85
36 299 76
36 173 96
36 46 2
36 68 67
36 202 58
36 78 93
36 207 19
36 81 31
36 87 41
36 217 85
36 90 6
36 91 73
36 93 2
36 100 17
36 233 25
36 107 13
36 108 93
36 242 94
36 124 79
37 131 52
37 260 62
37 137 26
37 139 67
37 146 90
37 148 60
37 277 49
37 284 11
37 287 27
37 134 36
37 40 65
37 169 50
37 72 38
37 184 83
37 245 73
37 68 46
37 200 17
37 75 70
37 213 90
37 215 38
37 95 88
37 144 77
37 100 37
37 103 5
37 232 49
37 105 5
37 114 2
37 116 86
37 117 76
37 250 81
37 85 13
38 256 68
38 271 51
38 150 34
38 288 87
38 165 24
38 168 76
38 42 6
38 52 83
38 55 95
38 190 1
38 64 74
38 209 66
38 86 88
38 219 35
38 223 12
38 101 60
38 232 3
38 105 18
38 62 36
39 131 15
39 263 81
39 137 90
39 145 11
39 146 34
39 276 62
39 260 46
39 155 72
39 289 12
39 166 63
39 45 22
39 48 15
39 177 91
39 178 93
39 65 82
39 269 83
39 80 34
39 81 3
39 226 54
39 99 99
39 113 11
39 244 66
39 252 67
40 128 7
40 130 93
40 139 91
40 144 53
40 299 72
40 172 19
40 175 21
40 192 30
40 71 12
40 76 48
40 82 82
40 212 33
40 92 31
40 101 36
40 146 55
40 243 51
40 255 80
40 125 86
40 127 96
41 256 24
41 131 68
41 132 43
41 166 34
41 209 24
41 105 24
41 234 34
41 108 81
41 77 28
41 46 83
41 111 39
41 141 96
41 81 22
41 274 11
41 150 36
41 279 62
41 216 41
41 188 70
42 172 10
42 274 85
42 149 58
42 161 31
42 44 97
42 173 69
42 47 31
42 181 99
42 183 21
42 207 21
42 85 0
42 90 100
42 219 99
42 102 79
42 116 34
42 118 91
42 119 2
43 256 93
43 129 73
43 260 84
43 133 51
43 263 87
43 138 9
43 143 88
43 273 8
43 147 91
43 280 93
43 283 97
43 160 95
43 289 100
43 294 84
43 135 45
43 182 76
43 266 52
43 54 34
43 198 38
43 73 30
43 203 31
43 208 98
43 209 29
43 212 95
43 93 43
43 94 2
43 98 30
43 101 70
43 108 83
43 247 2
43 120 100
44 131 98
44 260 64
44 264 86
44 150 5
44 280 52
44 132 17
44 290 12
44 295 25
44 114 95
44 183 70
44 184 23
44 60 10
44 61 34
44 191 63
44 207 48
44 211 98
44 225 17
44 106 38
44 242 69
44 251 88
44 254 87
44 127 100
45 134 4
45 265 28
45 280 65
45 282 77
45 239 28
45 284 63
45 285 70
45 160 44
45 292 98
45 297 97
45 298 31
45 174 68
45 52 12
45 53 71
45 56 4
45 116 90
45 192 82
45 69 63
45 111 31
45 244 81
45 125 1
46 134 50
46 266 73
46 143 36
46 276 81
46 280 19
46 283 86
46 157 39
46 174 17
46 159 94
46 188 29
46 62 60
46 191 5
46 64 53
46 65 18
46 195 47
46 196 95
46 201 9
46 207 12
46 80 97
46 209 13
46 292 96
46 95 57
46 96 13
46 81 58
46 104 92
46 106 2
46 109 91
46 121 21
46 124 76
47 257 63
47 144 10
47 239 93
47 284 21
47 290 17
47 183 60
47 184 16
47 57 47
47 95 34
47 195 58
47 211 96
47 86 72
47 87 96
47 218 61
47 223 31
47 102 33
47 231 54
47 104 95
47 111 81
47 112 48
47 113 91
47 120 44
47 250 14
48 260 25
48 139 1
48 142 4
48 271 28
48 274 41
48 131 46
48 277 68
48 282 8
48 163 58
48 292 96
48 165 64
48 298 39
48 299 0
48 176 81
48 115 47
48 61 85
48 71 30
48 90 27
48 97 56
48 103 57
48 110 31
48 275 43
48 123 3
48 127 85
49 129 19
49 140 28
49 146 46
49 152 54
49 285 94
49 164 6
49 165 32
49 168 8
49 169 89
49 171 1
49 172 89
49 192 50
49 205 12
49 207 80
49 212 11
49 216 74
49 227 35
49 113 32
49 114 87
49 297 49
49 120 100
49 122 75
50 139 78
50 149 55
50 150 43
50 279 44
50 280 26
50 281 13
50 294 30
50 170 65
50 178 17
50 54 27
50 59 89
50 61 55
50 195 51
50 70 32
50 212 45
50 213 60
50 90 45
50 91 81
50 226 78
50 232 79
50 105 27
50 248 31
51 140 0
51 145 81
51 274 47
51 275 28
51 150 11
51 156 99
51 292 14
51 180 28
51 182 74
51 187 40
51 197 37
51 71 22
51 80 48
51 84 61
51 86 95
51 216 58
51 224 74
51 98 70
51 228 61
51 238 56
51 246 9
51 250 18
52 128 24
52 132 92
52 133 53
52 134 15
52 267 50
52 286 74
52 167 18
52 169 7
52 174 68
52 57 93
52 65 80
52 194 69
52 139 7
52 201 26
52 203 84
52 85 96
52 216 32
52 225 65
52 106 35
52 112 57
52 123 54
52 254 67
53 97 79
53 213 40
53 203 33
53 66 73
53 103 8
53 297 21
53 171 45
53 268 10
53 82 52
53 74 91
53 181 82
53 56 62
53 212 32
53 220 56
53 253 61
53 94 70
53 255 94
54 256 41
54 129 50
54 134 33
54 139 58
54 268 28
54 276 41
54 151 41
54 161 90
54 292 7
54 169 15
54 172 8
54 136 74
54 188 53
54 198 57
54 73 82
54 204 76
54 81 96
54 211 55
54 221 15
54 94 15
54 110 33
54 255 59
54 245 43
54 121 13
54 251 63
54 127 50
55 193 70
55 290 91
55 131 96
55 133 56
55 289 43
55 169 91
55 60 41
55 212 17
55 246 16
55 201 35
55 105 33
55 156 20
55 94 46
55 116 51
56 256 99
56 131 12
56 262 52
56 263 95
56 285 80
56 296 75
56 175 97
56 177 21
56 60 63
56 62 26
56 195 38
56 70 73
56 71 30
56 79 83
56 81 22
56 92 68
56 108 32
56 274 4
56 116 18
56 250 61
56 123 18
57 84 19
57 225 20
57 290 12
57 165 73
57 113 33
57 105 70
57 299 91
57 258 16
57 240 8
57 81 19
57 213 31
57 278 31
57 279 26
57 116 27
57 265 31
58 262 55
58 137 21
58 138 37
58 274 66
58 155 85
58 293 98
58 297 75
58 180 60
58 184 55
58 188 7
58 61 58
58 192 30
58 204 22
58 77 25
58 85 16
58 232 22
58 235 10
58 244 25
58 119 5
58 125 5
59 131 28
59 139 92
59 140 36
59 274 52
59 150 99
59 282 31
59 162 16
59 291 62
59 294 71
59 299 49
59 182 73
59 62 82
59 67 57
59 268 49
59 75 15
59 77 75
59 210 24
59 211 98
59 88 18
59 90 45
59 230 70
59 232 30
59 235 35
59 236 69
59 115 12
59 121 46
59 252 18
60 263 43
60 144 31
60 149 39
60 153 18
60 286 56
60 167 41
60 114 19
60 179 27
60 62 21
60 245 22
60 69 54
60 198 90
60 199 35
60 204 91
60 98 81
60 213 49
60 87 99
60 95 37
60 226 29
60 239 49
60 242 70
60 115 35
60 117 92
60 248 78
61 256 56
61 130 19
61 138 41
61 270 11
61 273 19
61 277 90
61 68 88
61 155 84
61 165 1
61 169 33
61 299 88
61 184 37
61 266 18
61 196 38
61 80 34
61 210 61
61 212 85
61 219 72
61 220 43
61 93 54
61 208 28
61 227 6
61 234 27
61 236 22
61 242 70
61 118 12
61 254 54
61 127 100
62 134 4
62 138 67
62 149 11
62 260 5
62 284 50
62 157 40
62 294 93
62 169 53
62 174 10
62 183 6
62 186 54
62 69 71
62 72 51
62 205 21
62 79 95
62 80 66
62 84 41
62 215 3
62 217 33
62 219 82
62 208 90
62 104 29
62 242 13
62 246 62
62 122 22
62 254 10
63 257 59
63 150 30
63 264 2
63 138 62
63 274 50
63 243 78
63 66 43
63 69 20
63 206 97
63 214 62
63 88 69
63 226 37
63 106 68
63 236 71
63 239 13
63 115 47
63 120 61
63 250 41
63 253 44
64 265 94
64 272 39
64 275 8
64 279 9
64 280 99
64 156 92
64 160 29
64 290 11
64 297 49
64 299 74
64 175 95
64 194 87
64 201 55
64 77 2
64 209 9
64 212 53
64 217 95
64 223 89
64 108 23
64 110 50
64 120 7
64 250 92
64 251 95
65 136 43
65 272 48
65 277 34
65 283 56
65 160 11
65 289 28
65 294 62
65 168 47
65 169 7
65 173 74
65 264 21
65 182 19
65 213 19
65 271 97
65 92 8
65 227 85
65 102 60
65 108 64
65 110 65
65 123 88
65 85 74
66 260 52
66 69 18
66 294 37
66 263 100
66 200 98
66 268 24
66 107 89
66 108 18
66 144 81
66 140 99
66 83 46
66 245 62
66 182 60
66 73 61
66 186 8
66 285 4
67 160 20
67 129 6
67 261 70
67 289 21
67 103 86
67 231 91
67 120 32
67 82 2
67 214 62
67 183 42
67 216 62
67 217 44
67 122 100
67 286 0
68 129 26
68 130 94
68 260 89
68 140 16
68 269 96
68 271 43
68 276 66
68 165 53
68 176 32
68 177 8
68 192 54
68 193 0
68 72 88
68 207 28
68 213 44
68 216 8
68 89 96
68 93 38
68 222 11
68 100 100
68 230 15
68 231 82
68 237 68
68 126 8
69 257 27
69 259 43
69 129 48
69 139 43
69 270 31
69 271 86
69 277 24
69 155 24
69 159 4
69 170 94
69 175 23
69 111 33
69 200 43
69 94 81
69 98 47
69 100 37
69 231 28
69 239 89
69 241 100
69 242 5
69 116 96
69 118 14
69 247 93
69 254 15
70 132 37
70 171 96
70 76 3
70 146 91
70 216 81
70 277 7
70 182 57
70 185 84
70 292 32
70 186 31
70 124 12
70 125 56
70 158 90
71 257 15
71 136 36
71 142 30
71 278 12
71 151 55
71 280 30
71 153 90
71 283 94
71 167 9
71 297 21
71 174 8
71 236 93
71 184 58
71 73 66
71 204 28
71 207 66
71 270 70
71 220 57
71 222 97
71 227 9
71 101 35
71 234 12
71 108 67
71 109 50
72 192 54
72 256 8
72 131 43
72 73 8
72 108 23
72 174 75
72 92 82
72 177 48
72 213 67
72 120 35
72 260 83
72 220 72
73 261 29
73 138 38
73 273 61
73 148 69
73 150 78
73 151 80
73 154 20
73 291 46
73 167 28
73 175 86
73 196 94
73 76 57
73 208 1
73 81 33
73 82 10
73 99 43
73 103 12
73 232 9
73 236 24
73 111 77
73 121 53
73 125 75
73 126 9
74 265 15
74 266 34
74 159 12
74 295 41
74 183 47
74 188 60
74 201 21
74 202 39
74 204 98
74 77 84
74 209 69
74 218 45
74 220 8
74 223 18
74 233 76
74 238 78
74 240 86
74 115 23
74 118 33
74 120 74
74 123 44
74 125 99
74 254 31
74 127 89
75 130 43
75 195 5
75 155 42
75 199 84
75 136 45
75 141 65
75 78 99
75 272 52
75 121 63
75 246 57
75 217 22
75 249 20
75 220 27
75 126 18
76 256 18
76 132 59
76 266 99
76 269 52
76 277 23
76 282 0
76 160 86
76 162 76
76 295 17
76 299 78
76 178 12
76 265 92
76 186 75
76 187 66
76 190 39
76 212 51
76 214 73
76 95 32
76 240 46
76 241 6
76 84 12
76 127 11
77 130 35
77 138 92
77 271 87
77 273 88
77 288 0
77 180 44
77 201 42
77 120 76
77 216 9
77 219 40
77 102 77
77 112 77
77 242 54
77 244 29
77 248 32
77 249 8
77 254 51
78 257 60
78 262 3
78 143 14
78 280 77
78 147 34
78 152 94
78 163 48
78 134 89
78 297 8
78 179 15
78 195 90
78 89 83
78 228 20
78 113 51
78 245 97
78 246 63
78 127 90
79 259 89
79 135 92
79 264 35
79 281 93
79 154 23
79 184 38
79 282 24
79 290 27
79 291 42
79 134 92
79 296 56
79 171 41
79 136 58
79 188 13
79 202 90
79 209 25
79 219 85
79 221 44
79 95 86
79 105 31
79 235 50
79 239 76
79 246 27
80 278 3
80 263 5
80 274 87
80 147 60
80 150 35
80 285 68
80 286 28
80 171 26
80 172 71
80 193 97
80 199 37
80 288 6
80 211 62
80 225 24
80 99 16
80 101 88
80 103 63
80 105 58
80 110 96
80 247 99
80 120 12
80 253 96
81 260 7
81 136 48
81 269 56
81 146 77
81 278 86
81 283 79
81 158 9
81 168 82
81 170 87
81 180 25
81 200 98
81 208 93
81 91 94
81 224 22
81 101 27
81 107 45
81 109 84
81 110 30
81 122 9
81 298 18
82 131 73
82 132 20
82 262 34
82 137 87
82 273 87
82 274 13
82 147 48
82 277 49
82 151 97
82 161 8
82 186 9
82 207 48
82 211 6
82 212 10
82 85 9
82 94 72
82 226 8
82 228 83
82 108 0
82 243 41
82 126 52
83 129 39
83 266 62
83 140 8
83 270 55
83 278 17
83 153 4
83 281 97
83 159 75
83 162 25
83 113 50
83 170 33
83 99 15
83 103 4
83 234 10
83 238 43
83 240 71
83 241 96
83 116 42
83 245 91
83 118 52
83 121 59
83 253 73
84 148 32
84 278 22
84 284 66
84 164 52
84 295 53
84 298 39
84 182 5
84 188 77
84 194 62
84 197 53
84 198 66
84 200 6
84 98 96
84 105 97
84 236 91
84 111 83
84 113 39
84 115 69
84 247 48
84 253 52
85 131 81
85 143 30
85 272 16
85 273 32
85 153 9
85 282 31
85 158 3
85 157 54
85 183 45
85 180 18
85 191 47
85 204 67
85 274 11
85 241 6
85 245 2
85 170 91
85 127 93
86 192 86
86 193 6
86 163 56
86 260 67
86 200 97
86 169 52
86 291 19
86 209 84
86 105 11
86 149 48
86 279 61
86 191 61
87 257 48
87 259 40
87 265 51
87 267 39
87 159 67
87 173 6
87 176 31
87 181 74
87 184 86
87 186 57
87 202 53
87 209 84
87 215 34
87 292 91
87 243 40
87 250 76
87 254 67
87 127 8
88 131 87
88 267 100
88 140 98
88 273 36
88 274 40
88 275 41
88 278 63
88 289 88
88 291 11
88 164 81
88 167 94
88 173 23
88 206 3
88 219 98
88 223 55
88 100 86
88 232 47
88 295 87
88 109 50
88 238 74
89 131 7
89 132 26
89 137 7
89 270 90
89 144 26
89 159 38
89 166 1
89 296 82
89 175 18
89 199 84
89 203 59
89 207 73
89 211 79
89 213 36
89 97 82
89 227 8
89 229 94
89 239 74
89 168 80
90 129 93
90 258 27
90 259 18
90 265 46
90 140 72
90 147 1
90 280 88
90 153 10
90 290 89
90 297 16
90 198 94
90 214 23
90 226 46
90 102 9
90 103 68
90 112 98
90 169 38
90 251 74
90 126 87
91 134 54
91 146 33
91 161 15
91 290 18
91 169 29
91 181 74
91 188 15
91 196 79
91 197 80
91 203 80
91 219 32
91 224 76
91 232 82
91 105 16
91 107 0
91 238 88
91 104 63
91 114 76
91 117 20
91 119 69
91 250 2
91 125 4
92 133 59
92 264 29
92 266 2
92 143 96
92 275 77
92 286 9
92 289 96
92 167 45
92 185 87
92 188 45
92 195 24
92 119 36
92 121 81
93 128 86
93 268 41
93 144 86
93 152 44
93 170 15
93 157 2
93 187 20
93 200 9
93 201 27
93 215 40
93 216 100
93 217 12
93 219 95
93 117 91
93 247 79
94 131 23
94 260 49
94 133 6
94 280 1
94 279 17
94 152 30
94 154 64
94 157 26
94 160 20
94 163 59
94 167 76
94 192 22
94 194 84
94 109 33
94 243 50
95 128 5
95 256 53
95 174 29
95 280 75
95 282 39
95 167 81
95 262 60
95 222 5
95 228 25
95 295 32
95 236 15
95 248 33
96 258 26
96 107 85
96 260 93
96 246 10
96 200 91
96 252 48
96 173 64
96 174 61
96 143 63
96 296 89
96 274 78
96 149 7
96 214 77
96 271 53
96 156 94
96 221 56
97 193 35
97 140 73
97 160 35
97 173 11
97 270 43
97 150 90
97 153 95
97 188 30
97 255 85
98 256 71
98 134 13
98 136 27
98 273 39
98 148 0
98 157 57
98 290 32
98 155 7
98 172 55
98 188 39
98 195 18
98 201 88
98 214 53
98 123 45
98 102 58
98 232 42
98 111 69
98 240 13
98 242 67
98 251 46
98 126 12
98 127 94
99 131 98
99 135 47
99 269 41
99 143 13
99 148 38
99 277 75
99 165 10
99 176 71
99 264 64
99 191 80
99 196 45
99 198 88
99 206 51
99 219 83
99 123 22
99 125 32
100 256 44
100 266 84
100 276 28
100 283 49
100 298 0
100 115 99
100 187 95
100 190 67
100 247 16
100 207 96
100 218 57
100 220 24
100 221 87
100 222 65
100 228 91
100 243 78
100 116 47
100 119 6
100 122 55
100 254 8
101 130 37
101 263 100
101 136 39
101 269 92
101 143 2
101 145 23
101 276 64
101 152 17
101 282 78
101 161 68
101 165 66
101 297 33
101 188 97
101 196 98
101 221 19
101 222 21
101 104 21
101 241 18
101 116 79
101 122 94
102 261 34
102 151 44
102 283 58
102 287 11
102 164 67
102 166 51
102 297 22
102 185 8
102 199 61
102 206 0
102 217 5
102 103 96
102 232 55
102 241 72
102 249 27
102 123 100
103 129 21
103 299 86
103 132 74
103 258 53
103 147 55
103 276 24
103 154 50
103 285 63
103 176 36
103 168 55
103 171 29
103 214 59
103 221 89
103 222 31
103 208 25
103 105 74
103 240 99
103 244 52
103 117 86
103 118 41
104 134 76
104 137 51
104 267 72
104 269 2
104 143 9
104 158 21
104 162 39
104 167 30
104 299 66
104 174 38
104 176 46
104 200 56
104 178 58
104 179 37
104 182 67
104 184 66
104 189 88
104 196 69
104 219 1
104 222 59
104 228 17
104 234 56
104 111 52
104 116 96
104 120 33
104 125 43
104 149 22
105 134 8
105 264 50
105 267 59
105 271 18
105 148 48
105 279 69
105 282 69
105 156 30
105 160 24
105 162 19
105 175 62
105 186 68
105 195 24
105 210 75
105 226 14
105 234 66
105 235 10
105 108 2
105 240 18
105 118 88
106 128 54
106 259 42
106 135 15
106 272 99
106 131 30
106 148 41
106 295 91
106 188 62
106 288 77
106 210 81
106 214 45
106 220 43
106 235 33
106 241 77
106 244 25
106 276 63
106 254 13
106 255 83
107 259 15
107 261 87
107 262 81
107 194 28
107 297 67
107 177 60
107 179 91
107 184 37
107 134 6
107 233 23
107 108 83
107 251 74
107 252 31
107 253 62
108 134 92
108 137 57
108 275 38
108 148 40
108 286 62
108 294 87
108 181 27
108 183 12
108 191 22
108 218 61
108 131 30
108 234 35
108 239 4
108 115 52
108 245 22
108 249 25
108 125 51
108 126 62
109 131 100
109 274 84
109 149 42
109 150 25
109 160 41
109 291 76
109 298 87
109 184 72
109 211 4
109 225 16
109 229 37
109 231 67
109 232 81
109 238 8
109 170 82
109 125 62
110 256 60
110 192 18
110 258 7
110 151 0
110 155 58
110 169 0
110 185 95
110 198 13
110 199 25
110 203 39
110 208 0
110 219 42
110 222 60
110 230 47
110 209 49
110 235 52
110 241 35
110 249 48
110 124 27
110 127 70
111 256 25
111 131 64
111 270 46
111 273 82
111 259 14
111 157 80
111 287 44
111 292 2
111 166 68
111 296 84
111 171 63
111 115 95
111 207 74
111 217 38
111 219 39
111 224 98
111 226 82
111 297 47
111 248 68
111 253 90
112 259 79
112 133 26
112 271 20
112 277 27
112 280 87
112 290 44
112 296 97
112 176 77
112 197 19
112 202 34
112 205 32
112 211 8
112 226 63
112 228 91
112 230 51
112 125 88
113 131 46
113 133 79
113 274 93
113 286 43
113 166 47
113 275 45
113 219 3
113 295 9
113 243 38
113 121 19
113 122 29
114 259 49
114 265 96
114 144 54
114 277 6
114 155 92
114 158 100
114 176 53
114 286 90
114 289 92
114 201 58
114 223 91
114 230 63
114 235 92
114 116 68
114 246 45
115 257 39
115 137 53
115 138 26
115 146 90
115 278 10
115 151 34
115 152 36
115 288 24
115 162 78
115 170 4
115 176 44
115 195 0
115 197 76
115 206 80
115 247 95
115 249 91
115 250 31
116 256 53
116 132 98
116 266 40
116 268 35
116 170 24
116 299 9
116 176 87
116 212 86
116 224 67
116 235 24
116 125 65
116 243 29
116 298 98
117 224 12
117 263 68
117 187 68
117 134 54
117 265 35
117 206 78
117 208 69
117 167 35
117 154 91
117 152 79
117 282 95
117 165 62
118 249 16
118 181 54
118 201 22
118 184 58
118 185 90
118 188 99
119 122 47
119 161 88
119 131 67
119 261 43
119 177 81
119 252 56
119 239 43
119 241 71
119 243 26
119 181 12
119 185 48
119 217 100
119 282 15
119 286 99
120 261 52
120 135 35
120 265 73
120 141 79
120 270 55
120 160 48
120 296 82
120 172 100
120 180 0
120 183 36
120 186 38
120 214 49
120 217 48
120 263 73
120 273 17
120 249 44
120 191 36
121 135 73
121 266 89
121 271 88
121 278 34
121 280 39
121 281 23
121 158 97
121 297 87
121 173 76
121 179 99
121 203 35
121 198 93
121 204 24
121 225 56
121 227 9
121 145 7
121 235 41
121 239 1
121 247 36
122 256 5
122 257 61
122 131 18
122 264 78
122 282 72
122 166 26
122 298 31
122 175 100
122 194 75
122 202 81
122 204 82
122 235 4
122 254 56
123 146 54
123 275 39
123 152 75
123 154 87
123 285 63
123 294 44
123 295 10
123 179 27
123 200 65
123 213 47
123 231 62
123 233 10
123 240 34
123 244 50
123 246 45
123 126 76
124 130 1
124 231 81
124 235 80
124 146 29
124 189 50
124 159 19
125 263 48
125 145 53
125 278 48
125 240 57
125 175 8
125 179 91
125 204 55
125 207 15
125 217 70
125 244 12
125 248 95
125 254 64
126 262 0
126 140 80
126 270 77
126 143 95
126 274 19
126 276 83
126 151 24
126 152 65
126 153 76
126 159 79
126 289 24
126 298 83
126 191 30
126 194 22
126 204 57
126 212 46
126 221 55
126 223 32
126 251 0
126 230 58
126 238 46
126 250 97
126 253 42
127 133 97
127 265 87
127 139 15
127 141 43
127 143 12
127 294 37
127 174 96
127 177 32
127 287 15
127 207 38
127 218 91
127 221 50
127 222 78
127 229 2
127 245 65
127 250 83
127 252 44
127 166 94
128 140 53
128 278 62
128 279 10
128 286 63
128 289 34
128 163 15
128 295 2
128 168 64
128 169 34
128 175 29
128 193 68
128 196 43
128 199 10
128 210 12
128 218 2
128 219 73
128 220 4
128 233 76
128 241 39
128 245 66
129 267 94
129 141 33
129 285 78
129 289 65
129 162 23
129 167 30
129 173 77
129 184 42
129 185 40
129 194 12
129 214 62
129 254 27
130 224 81
130 214 45
130 226 7
130 165 3
130 298 31
130 140 5
130 278 25
130 152 49
130 228 83
130 220 62
130 286 54
131 149 93
131 299 60
131 266 66
131 143 11
131 159 59
131 163 82
131 297 96
131 171 92
131 186 75
131 138 60
131 183 97
131 250 80
131 230 40
131 167 74
131 240 36
131 255 32
132 133 70
132 167 66
132 231 32
132 178 21
132 223 11
132 208 53
132 236 69
132 279 12
132 212 68
132 185 70
133 259 6
133 267 48
133 141 63
133 144 67
133 294 18
133 169 17
133 181 79
133 189 97
133 289 51
133 209 96
133 228 0
134 256 84
134 261 100
134 140 60
134 280 2
134 162 84
134 291 43
134 177 80
134 287 90
134 271 32
134 223 2
134 245 26
135 260 51
135 276 24
135 278 41
135 282 79
135 285 48
135 158 38
135 261 3
135 168 25
135 185 95
135 266 67
135 193 40
135 210 32
135 213 21
135 231 1
135 232 99
135 238 29
135 240 28
135 245 45
135 254 8
136 137 7
136 152 2
136 281 89
136 154 95
136 283 35
136 159 64
136 160 66
136 294 72
136 172 98
136 187 93
136 227 6
136 233 49
136 250 88
136 255 20
137 257 51
137 236 81
137 143 12
137 157 32
137 286 15
137 287 43
137 288 58
137 174 21
137 182 30
137 159 20
137 190 48
137 194 0
137 211 9
137 219 44
137 186 84
137 227 72
137 241 71
137 244 81
137 245 23
138 178 42
138 199 15
138 221 10
138 146 25
138 246 26
138 184 45
139 259 95
139 264 98
139 271 77
139 145 5
139 146 70
139 289 14
139 297 31
139 299 48
139 174 44
139 184 26
139 185 57
139 188 5
139 189 50
139 191 66
139 197 84
139 209 85
139 215 27
139 182 56
139 226 18
139 251 59
140 264 7
140 272 6
140 146 77
140 279 34
140 157 36
140 158 92
140 291 26
140 292 6
140 169 15
140 175 35
140 181 3
140 194 77
140 202 18
140 205 59
140 163 69
140 223 73
140 233 6
140 240 64
140 244 60
141 156 30
141 284 63
141 174 88
141 187 94
141 188 83
141 198 78
141 210 95
141 223 39
141 226 11
141 236 51
141 238 63
142 264 75
142 276 82
142 154 92
142 160 73
142 292 3
142 167 96
142 186 40
142 188 12
142 189 68
142 208 91
142 215 58
142 223 79
142 228 47
142 249 63
143 270 60
143 273 41
143 275 27
143 276 12
143 149 37
143 150 76
143 284 80
143 287 22
143 163 92
143 297 95
143 192 1
143 193 95
143 214 32
143 216 12
143 226 38
143 235 37
143 236 41
143 240 81
143 169 61
144 260 22
144 259 74
144 277 57
144 279 24
144 282 15
144 283 90
144 166 86
144 169 85
144 298 69
144 299 47
144 179 80
144 201 76
144 227 31
144 228 80
144 230 70
144 240 29
144 253 72
145 274 75
145 179 70
145 175 84
145 160 100
145 290 63
145 293 62
145 285 15
145 177 12
145 194 26
145 197 18
145 198 87
145 205 99
145 225 61
145 250 14
145 252 14
146 257 37
146 259 98
146 272 71
146 154 55
146 282 55
146 160 74
146 293 59
146 188 7
146 191 56
146 192 32
146 194 68
146 211 78
146 225 50
146 228 21
146 232 83
146 242 50
146 247 57
146 250 56
146 255 22
147 299 95
147 260 7
147 269 72
147 275 3
147 148 70
147 149 10
147 279 96
147 288 48
147 289 91
147 177 82
147 187 9
147 193 39
147 292 40
147 202 79
147 217 55
147 220 19
147 222 58
147 224 61
147 225 31
147 226 19
147 228 89
147 243 7
148 258 89
148 271 13
148 281 45
148 161 41
148 162 77
148 292 30
148 165 65
148 169 37
148 178 24
148 182 12
148 186 54
148 202 77
148 204 48
148 213 75
148 253 87
149 262 75
149 259 4
149 277 61
149 281 34
149 154 81
149 155 43
149 285 3
149 287 61
149 289 2
149 171 26
149 177 22
149 182 35
149 183 62
149 185 23
149 197 29
149 202 13
149 211 24
149 271 92
149 222 72
149 224 47
149 238 53
149 245 29
149 249 93
149 250 10
150 294 51
150 177 94
150 209 35
150 215 31
150 227 63
150 229 34
150 239 65
151 260 2
151 269 71
151 153 56
151 166 33
151 168 4
151 173 56
151 175 99
151 275 54
151 273 99
151 240 85
151 243 68
151 247 13
151 248 50
151 254 47
151 255 82
152 269 0
152 156 9
152 166 52
152 296 41
152 169 52
152 177 66
152 182 77
152 193 79
152 195 8
152 212 50
152 215 30
152 219 64
152 294 88
152 240 3
152 246 57
152 249 78
153 260 35
153 281 39
153 291 2
153 155 30
153 186 62
153 205 52
153 210 8
153 215 24
153 221 14
153 243 85
153 244 61
154 278 99
154 162 80
154 291 41
154 171 58
154 173 36
154 181 7
154 188 95
154 195 10
154 218 65
154 221 43
154 226 27
154 228 79
154 229 31
154 248 46
155 262 74
155 274 40
155 167 52
155 286 83
155 162 76
155 299 72
155 174 87
155 176 64
155 158 75
155 183 81
155 207 95
155 224 64
155 226 12
155 230 93
155 295 60
156 193 29
156 164 12
156 197 31
156 167 19
156 170 38
156 205 3
156 178 3
156 185 97
156 252 69
156 159 57
157 263 36
157 295 23
157 299 7
157 196 32
157 226 33
157 208 59
157 209 90
157 220 16
157 231 83
157 238 60
157 240 44
157 242 80
157 213 81
158 270 41
158 285 80
158 166 13
158 169 59
158 185 63
158 188 15
158 193 39
158 194 25
158 199 72
158 209 56
158 215 95
158 226 44
158 245 19
158 254 39
159 269 3
159 270 18
159 271 89
159 280 8
159 163 57
159 293 92
159 297 13
159 172 36
159 174 82
159 183 4
159 187 57
159 201 58
159 213 63
159 225 47
160 259 91
160 266 29
160 271 42
160 285 43
160 161 1
160 165 76
160 166 20
160 296 58
160 297 47
160 176 24
160 200 32
160 204 19
160 272 4
160 234 99
161 193 77
161 245 52
161 232 88
161 235 12
161 270 38
161 205 9
161 240 84
161 277 74
161 185 51
161 287 16
162 265 37
162 266 15
162 268 49
162 274 54
162 165 28
162 172 90
162 208 49
162 220 61
162 225 100
162 236 90
162 245 53
162 248 72
162 250 16
163 257 43
163 264 12
163 281 2
163 282 66
163 167 10
163 171 66
163 178 24
163 181 99
163 186 72
163 188 40
163 190 11
163 200 50
163 231 68
163 248 86
164 256 77
164 268 61
164 273 85
164 286 63
164 292 48
164 296 19
164 169 67
164 183 7
164 198 68
164 206 23
164 207 5
164 213 82
164 284 45
164 234 15
164 237 34
164 246 82
164 297 18
165 259 22
165 277 15
165 285 57
165 291 100
165 167 17
165 190 93
165 191 0
165 193 59
165 195 11
165 203 90
165 209 98
165 231 45
166 258 15
166 193 93
166 213 12
166 216 18
166 223 20
166 238 28
166 217 37
167 263 76
167 279 76
167 290 47
167 293 23
167 179 12
167 283 41
167 189 30
167 190 97
167 198 60
167 215 60
167 223 21
167 230 52
167 237 52
167 240 41
167 241 71
167 247 42
168 288 44
168 295 0
168 297 8
168 170 28
168 175 1
168 186 97
168 199 11
168 205 6
168 214 7
168 247 41
169 274 49
169 277 32
169 285 92
169 176 36
169 207 40
169 234 73
169 238 15
169 248 30
170 259 84
170 262 21
170 278 49
170 177 86
170 180 51
170 200 92
170 207 65
170 225 95
170 251 71
170 213 60
171 267 46
171 284 52
171 296 60
171 186 11
171 188 35
171 196 58
171 204 50
171 210 70
171 221 96
171 222 98
172 193 13
172 203 95
172 204 32
172 270 88
172 176 53
172 212 62
172 254 80
172 185 57
172 241 77
173 192 69
173 261 4
173 296 98
173 247 84
173 280 99
173 182 83
173 217 11
174 275 81
174 176 35
174 194 17
174 210 61
174 217 42
174 223 49
174 232 84
174 242 43
174 243 21
174 248 50
174 250 38
175 270 93
175 283 21
175 294 38
175 299 6
175 176 0
175 180 51
175 182 95
175 185 23
175 273 17
175 289 43
175 208 16
175 209 32
175 215 67
175 233 75
175 245 23
176 261 93
176 264 74
176 277 73
176 287 89
176 293 95
176 179 95
176 183 45
176 189 42
176 201 73
176 209 39
176 211 17
176 219 84
176 222 58
176 235 0
176 237 92
176 249 40
177 257 36
177 278 34
177 262 19
177 265 100
177 179 28
177 180 38
177 190 75
177 194 87
177 217 61
177 221 18
177 232 95
177 233 32
177 244 3
177 250 7
178 266 3
178 235 96
178 240 45
179 256 62
179 273 52
179 276 9
179 277 52
179 294 93
179 180 75
179 186 37
179 187 90
179 197 9
179 209 28
179 215 91
179 218 94
179 236 90
179 242 34
179 247 66
180 241 58
180 236 61
180 206 49
180 208 76
180 181 95
180 250 29
180 189 60
181 270 70
181 274 35
181 286 2
181 196 31
181 220 66
181 230 5
181 237 81
181 244 26
181 246 20
182 256 34
182 263 19
182 264 83
182 268 41
182 275 26
182 282 42
182 183 44
182 184 66
182 188 81
182 199 47
182 216 6
182 218 25
182 237 2
183 256 56
183 272 65
183 195 98
183 282 96
183 287 85
183 299 9
183 191 39
183 192 16
183 216 44
184 262 49
184 267 16
184 272 17
184 277 75
184 279 70
184 199 40
184 192 9
184 204 29
184 208 68
184 216 48
184 220 4
184 250 85
185 258 67
185 266 71
185 187 96
185 189 60
185 197 82
185 203 33
185 212 10
185 216 47
185 227 51
185 229 25
185 243 24
185 245 90
186 299 8
186 274 77
186 281 29
186 293 90
186 234 2
187 291 38
187 233 66
187 266 100
187 189 69
187 240 7
187 241 1
187 287 95
187 268 54
187 245 97
188 272 62
188 201 17
188 226 53
188 208 91
188 217 31
188 239 52
189 192 76
189 240 33
189 291 80
189 292 10
189 252 92
189 290 28
189 241 10
190 227 24
190 292 2
190 198 62
190 274 14
190 291 73
190 248 18
190 252 25
190 285 2
190 286 96
190 255 0
191 262 19
191 269 99
191 274 97
191 276 25
191 225 22
191 228 78
191 245 38
192 287 52
192 297 59
192 193 65
192 199 20
192 244 41
192 253 61
193 259 39
193 264 71
193 274 7
193 296 31
193 289 78
193 213 57
193 224 73
193 234 49
193 253 53
194 271 72
194 272 1
194 281 55
194 298 63
194 273 48
194 195 59
194 211 63
194 215 44
194 250 15
194 221 98
194 230 44
194 232 48
194 237 84
194 244 33
195 256 59
195 264 41
195 273 21
195 292 30
195 209 24
195 210 100
195 215 57
195 224 91
195 229 52
195 240 91
195 246 91
196 288 92
196 292 64
196 234 18
196 273 79
196 210 98
196 216 2
196 282 42
196 207 62
196 293 47
197 256 56
197 278 82
197 267 1
197 203 25
197 215 57
197 225 15
197 226 42
197 273 65
197 240 20
198 260 23
198 263 22
198 266 38
198 269 22
198 270 95
198 294 76
198 264 83
198 288 51
198 225 88
198 227 81
198 234 82
198 244 81
199 201 54
199 226 43
199 210 77
199 275 9
199 212 98
200 264 79
200 210 42
200 214 28
200 222 91
200 228 69
200 237 14
201 262 56
201 264 64
201 265 23
201 266 35
201 283 92
201 286 19
201 296 33
201 299 5
201 242 68
201 204 70
201 205 76
201 236 82
201 245 64
201 251 58
202 291 30
202 294 38
202 268 19
202 235 10
202 297 89
202 216 18
202 285 51
203 263 31
203 296 30
203 298 33
203 216 6
203 253 74
204 262 98
204 270 37
204 279 10
204 206 98
204 210 43
204 219 38
204 237 51
204 253 24
204 245 22
205 230 83
205 268 6
205 219 48
205 297 92
206 208 0
206 267 47
206 275 48
206 276 85
206 293 94
206 221 42
206 286 82
207 271 87
207 290 74
207 296 41
207 216 7
207 223 69
207 238 91
207 254 2
208 269 90
208 276 55
208 294 63
208 249 30
209 263 65
209 265 10
209 289 61
209 292 80
209 296 76
209 219 82
209 230 63
209 240 27
209 254 98
210 289 4
210 293 88
210 294 100
210 273 50
211 256 42
211 263 47
211 280 0
211 287 20
211 299 11
211 223 19
211 224 57
211 228 100
211 248 13
211 281 25
212 274 72
212 276 91
212 217 73
212 231 60
212 233 9
212 246 32
213 280 81
213 282 7
213 284 66
213 289 77
213 285 73
213 215 87
213 235 7
213 241 48
213 251 25
214 260 98
214 261 19
214 264 34
214 280 16
214 284 42
214 291 60
214 232 60
215 260 36
215 266 15
215 296 75
215 299 55
215 216 54
215 217 5
215 230 4
215 236 33
215 243 1
215 244 48
215 246 20
216 261 27
216 296 74
216 298 55
216 225 73
216 236 40
216 241 8
216 245 98
216 254 74
217 275 73
217 277 10
217 283 34
217 286 51
217 221 64
217 232 77
217 245 63
217 249 30
218 225 69
218 219 27
218 228 7
218 293 78
218 230 32
218 256 50
218 288 15
218 229 9
219 275 79
219 287 81
219 290 92
219 299 7
219 224 37
219 231 23
219 233 57
219 235 12
219 239 18
219 298 66
219 253 72
220 273 13
220 291 59
220 227 81
220 233 92
220 238 98
221 257 97
221 260 4
221 262 53
221 270 79
221 279 48
221 280 38
221 247 18
222 265 77
222 266 37
222 268 12
222 269 45
222 285 82
222 291 80
222 225 83
222 249 79
222 253 44
223 262 72
223 278 82
223 288 76
223 232 8
223 234 32
223 247 100
223 249 51
224 263 7
224 268 38
224 279 81
224 296 34
224 228 51
224 273 41
224 240 30
224 242 88
224 247 68
225 263 65
225 270 66
225 283 32
225 294 5
225 296 95
225 227 11
225 234 24
225 235 78
225 249 86
225 252 17
226 283 91
226 298 62
226 271 84
226 238 85
226 275 55
226 252 25
227 257 67
227 273 49
227 280 41
227 282 86
227 287 49
227 293 72
227 297 69
227 231 91
227 253 5
227 264 83
228 263 66
228 267 26
228 278 54
228 279 28
228 289 66
228 234 25
228 237 49
228 242 2
228 247 36
229 246 0
229 258 95
229 263 84
229 268 45
229 282 47
230 271 93
230 273 61
230 274 21
230 285 46
231 282 95
231 292 67
231 232 39
231 242 33
231 253 56
232 269 21
232 275 54
232 282 70
232 298 59
232 242 78
232 246 90
233 261 78
233 245 67
233 291 73
233 255 34
233 277 96
234 266 28
234 268 22
234 271 80
234 272 37
234 274 48
234 289 97
234 253 64
235 270 77
235 274 31
235 238 87
235 280 95
235 284 30
235 298 100
235 236 88
235 246 64
236 287 38
236 296 44
236 299 98
236 239 15
236 255 24
237 297 2
237 299 95
237 247 40
238 271 22
238 287 47
238 296 24
238 253 55
239 265 58
239 293 76
240 283 27
240 285 77
240 250 22
240 253 31
241 258 9
241 264 44
241 275 86
241 285 42
241 291 43
241 293 71
241 253 34
242 260 23
242 275 20
242 277 75
242 284 41
242 296 89
242 244 39
243 281 59
244 262 54
244 265 61
244 278 42
244 285 18
244 290 46
244 247 53
245 257 12
245 275 57
245 286 70
245 255 43
246 259 92
246 255 47
247 259 82
247 270 42
247 272 39
248 279 34
248 255 19
248 271 17
249 257 86
249 279 36
249 287 33
249 293 93
249 296 38
249 297 84
249 299 44
249 250 69
249 254 10
250 285 22
250 253 47
251 256 58
251 291 98
252 299 3
252 273 57
252 277 39
253 268 94
253 271 23
253 278 7
253 287 53
253 299 69
254 299 9
254 267 23
254 263 95
255 257 83
255 268 81
255 269 12
255 273 88
255 264 100
256 291 53
257 277 23
257 278 39
257 279 82
257 290 51
257 295 82
257 298 100
257 291 35
258 260 66
258 297 82
258 278 56
259 266 61
259 288 23
260 277 59
260 290 34
260 299 46
261 285 19
262 271 11
262 272 13
262 276 24
262 284 76
262 290 0
262 294 64
263 271 74
263 279 49
263 284 20
263 281 20
265 276 5
265 288 52
265 298 93
266 274 55
266 289 61
267 270 11
267 272 93
267 278 72
267 281 73
267 282 25
268 274 14
268 281 3
268 284 59
269 270 79
269 275 13
269 277 47
269 299 19
270 293 83
270 295 71
272 273 51
272 275 51
272 276 48
272 293 66
273 291 46
275 286 63
275 288 49
276 297 63
276 298 46
276 295 51
278 281 1
278 287 7
278 296 90
279 281 46
279 298 93
281 285 46
282 293 90
283 285 75
283 289 14
283 293 76
283 299 12
284 297 8
285 289 26
285 290 7
285 295 3
287 291 47
289 294 89
290 294 58
290 295 78
290 296 9
291 298 33
293 298 9
293 295 26
294 296 22
294 297 92
