300 4000
0 256 36
0 129 67
0 258 68
0 133 5
0 7 39
0 215 78
0 140 18
0 142 26
0 146 52
0 20 45
0 25 96
0 156 62
0 286 56
0 31 46
0 161 100
0 291 81
0 284 79
0 173 21
0 176 65
0 178 35
0 33 41
0 208 69
0 86 75
0 87 3
0 96 11
0 98 95
0 233 16
0 251 79
0 253 52
1 259 66
1 261 73
1 8 59
1 265 60
1 138 12
1 267 88
1 13 50
1 273 62
1 275 26
1 280 22
1 284 12
1 33 80
1 164 43
1 298 90
1 183 95
1 193 15
1 69 44
1 269 35
1 91 33
1 225 71
1 234 54
1 107 72
1 109 61
1 114 62
1 121 74
2 262 22
2 12 97
2 269 94
2 142 68
2 144 3
2 27 90
2 165 71
2 41 69
2 43 17
2 173 6
2 174 34
2 180 70
2 189 24
2 194 82
2 72 37
2 74 60
2 79 82
2 88 96
2 100 45
2 229 76
2 103 88
2 113 66
2 251 92
3 235 13
3 263 18
3 148 45
3 28 60
3 35 51
3 37 71
3 296 73
3 172 58
3 186 80
3 67 0
3 199 29
3 226 81
3 209 89
3 84 28
3 87 94
3 94 61
3 98 77
3 227 66
3 107 2
3 114 23
3 243 89
3 245 58
3 123 98
3 125 75
4 256 11
4 257 87
4 11 63
4 268 23
4 143 1
4 16 17
4 274 78
4 276 5
4 153 10
4 29 83
4 30 50
4 288 93
4 291 41
4 297 51
4 298 54
4 45 55
4 50 51
4 181 54
4 60 18
4 189 55
4 84 53
4 213 34
4 216 100
4 91 46
4 94 1
4 251 16
5 257 71
5 9 86
5 272 24
5 146 27
5 238 14
5 280 25
5 284 28
5 286 43
5 159 0
5 33 32
5 290 3
5 294 2
5 167 39
5 296 27
5 170 9
5 171 19
5 178 93
5 189 55
5 76 53
5 218 85
5 99 72
5 110 63
5 246 48
6 128 80
6 133 27
6 263 22
6 265 92
6 13 82
6 146 5
6 280 14
6 284 37
6 159 44
6 160 27
6 34 9
6 291 70
6 292 80
6 297 67
6 50 76
6 180 71
6 187 99
6 61 84
6 68 33
6 70 65
6 201 82
6 75 35
6 88 88
6 89 9
6 251 98
6 231 22
6 232 85
6 104 72
6 246 23
6 255 63
6 127 93
7 257 30
7 131 39
7 260 100
7 262 86
7 142 2
7 273 98
7 146 20
7 277 27
7 22 71
7 279 42
7 152 61
7 282 69
7 155 2
7 156 68
7 157 74
7 292 38
7 169 97
7 47 54
7 181 38
7 189 89
7 64 6
7 206 79
7 212 73
7 89 75
7 227 3
7 145 31
7 119 57
7 127 54
8 257 59
8 162 28
8 131 73
8 132 1
8 200 17
8 137 86
8 82 59
8 77 25
8 270 27
8 175 71
8 18 74
8 227 0
8 85 87
8 118 27
8 215 7
8 79 55
8 74 92
9 257 53
9 131 45
9 137 61
9 138 84
9 267 22
9 268 6
9 27 92
9 28 43
9 285 20
9 30 48
9 32 46
9 34 69
9 292 56
9 293 64
9 40 22
9 47 95
9 48 83
9 49 4
9 51 87
9 55 25
9 75 1
9 162 37
9 88 94
9 217 77
9 221 16
9 98 83
9 122 85
9 254 88
9 127 1
10 263 98
10 16 33
10 22 46
10 28 64
10 32 76
10 292 48
10 37 19
10 40 36
10 41 31
10 298 97
10 43 2
10 58 40
10 77 43
10 207 94
10 208 19
10 81 76
10 84 1
10 215 14
10 219 27
10 96 42
10 101 51
10 238 16
10 127 8
11 259 21
11 135 32
11 264 84
11 137 28
11 269 55
11 19 5
11 21 36
11 22 62
11 23 1
11 280 96
11 289 23
11 70 62
11 166 65
11 168 27
11 170 29
11 178 66
11 190 26
11 191 54
11 198 82
11 72 60
11 76 63
11 81 38
11 212 99
11 97 100
11 119 4
11 120 87
11 42 91
11 126 73
12 257 87
12 142 7
12 272 21
12 146 71
12 276 71
12 21 32
12 280 6
12 281 56
12 26 81
12 286 100
12 164 34
12 168 47
12 169 36
12 172 61
12 47 11
12 183 66
12 186 30
12 65 5
12 200 100
12 202 64
12 76 33
12 223 5
12 104 100
12 116 32
12 117 99
12 253 45
13 259 38
13 129 95
13 265 93
13 271 30
13 19 91
13 149 96
13 25 94
13 152 29
13 153 62
13 286 81
13 287 13
13 166 56
13 167 5
13 43 1
13 176 88
13 52 34
13 201 48
13 79 69
13 213 97
13 92 17
13 96 60
13 101 63
13 235 59
13 249 93
13 85 40
14 259 59
14 140 29
14 270 73
14 16 41
14 146 59
14 150 95
14 161 8
14 163 65
14 45 41
14 52 36
14 57 67
14 190 11
14 69 56
14 199 84
14 77 69
14 120 17
14 210 56
14 35 17
14 213 99
14 90 45
14 222 34
14 232 80
14 115 86
14 248 57
15 267 7
15 270 99
15 16 28
15 275 95
15 278 99
15 289 77
15 34 97
15 43 98
15 44 74
15 177 38
15 183 40
15 58 24
15 190 52
15 193 17
15 194 12
15 204 28
15 90 33
15 91 46
15 234 6
15 108 56
15 113 48
15 115 51
15 118 95
15 120 78
15 121 65
15 124 28
15 126 69
16 277 19
16 26 81
16 284 69
16 165 26
16 297 69
16 173 43
16 48 58
16 51 20
16 55 33
16 192 32
16 195 65
16 196 84
16 73 12
16 202 99
16 214 77
16 88 67
16 92 15
16 221 29
16 224 94
16 226 88
16 231 15
17 261 36
17 134 26
17 271 12
17 272 39
17 147 36
17 32 21
17 294 59
17 167 29
17 168 2
17 41 65
17 42 25
17 46 96
17 47 38
17 180 47
17 65 63
17 194 65
17 203 90
17 92 69
17 83 9
17 216 86
17 220 23
17 93 33
17 95 1
17 227 49
17 104 75
17 234 66
17 235 11
17 237 1
17 112 79
17 221 96
17 115 84
17 244 91
18 132 60
18 133 44
18 268 6
18 278 0
18 29 33
18 160 19
18 294 23
18 167 81
18 43 82
18 52 27
18 56 69
18 57 32
18 61 37
18 208 4
18 210 75
18 88 71
18 91 52
18 220 34
18 93 65
18 38 11
18 244 55
18 245 76
18 119 49
18 125 3
18 126 47
18 166 64
19 130 83
19 135 97
19 265 6
19 138 36
19 142 93
19 144 20
19 145 47
19 146 61
19 279 29
19 26 32
19 292 12
19 172 26
19 47 2
19 181 21
19 57 72
19 58 52
19 60 71
19 75 22
19 204 73
19 82 90
19 89 15
19 218 77
19 91 5
19 224 1
19 272 48
19 99 53
19 236 26
19 110 13
19 111 56
20 289 64
20 134 20
20 97 77
20 298 69
20 265 55
20 144 49
20 103 74
20 268 46
20 272 37
20 24 79
20 210 8
20 243 61
20 126 16
20 218 34
20 281 8
20 154 9
20 27 100
20 253 97
20 190 10
20 31 73
21 129 83
21 133 7
21 144 10
21 279 26
21 282 94
21 283 8
21 155 51
21 38 83
21 181 48
21 197 19
21 75 65
21 82 22
21 85 93
21 214 92
21 87 18
21 220 87
21 241 72
21 115 34
21 119 1
21 122 27
21 124 2
21 253 82
21 127 9
22 133 55
22 137 42
22 278 29
22 23 45
22 281 93
22 28 37
22 158 92
22 32 12
22 295 67
22 40 43
22 53 38
22 54 23
22 192 47
22 65 15
22 79 31
22 215 98
22 218 83
22 93 67
22 94 77
22 223 70
22 228 29
22 231 23
22 232 79
22 235 72
22 241 11
22 114 48
22 253 83
23 141 62
23 144 47
23 277 6
23 279 14
23 280 96
23 160 84
23 289 52
23 35 84
23 164 36
23 166 10
23 42 96
23 49 77
23 183 25
23 64 78
23 73 7
23 75 7
23 204 71
23 207 35
23 209 99
23 227 97
23 212 85
23 226 96
23 99 81
23 106 75
23 113 66
23 83 43
23 246 98
23 251 12
24 193 84
24 197 42
24 102 45
24 273 23
24 269 36
24 216 58
24 54 73
24 279 39
24 120 15
24 281 1
24 27 45
24 93 36
25 267 7
25 144 42
25 150 65
25 282 96
25 291 36
25 169 16
25 178 71
25 50 40
25 179 9
25 189 23
25 190 47
25 191 89
25 203 51
25 75 22
25 209 40
25 107 47
25 237 40
25 241 4
25 297 67
25 253 80
26 260 71
26 269 65
26 146 72
26 156 59
26 30 71
26 172 28
26 47 25
26 158 23
26 57 78
26 187 70
26 190 78
26 53 69
26 202 65
26 75 54
26 207 66
26 208 23
26 82 29
26 224 44
26 232 79
26 233 79
26 114 41
27 267 16
27 143 10
27 272 99
27 146 6
27 149 55
27 150 62
27 153 12
27 154 68
27 285 14
27 162 75
27 294 27
27 177 17
27 60 16
27 70 78
27 76 24
27 205 87
27 208 28
27 90 50
27 91 11
27 144 62
27 229 28
27 111 38
27 242 50
27 124 95
27 127 78
28 268 91
28 142 98
28 67 20
28 149 41
28 282 1
28 161 99
28 293 57
28 41 50
28 189 59
28 195 84
28 201 80
28 203 48
28 79 27
28 98 13
28 228 32
28 104 70
28 234 99
28 114 79
28 244 17
28 255 84
29 265 30
29 138 75
29 275 43
29 149 66
29 288 97
29 297 25
29 175 65
29 48 55
29 179 26
29 198 78
29 75 83
29 79 63
29 208 36
29 219 1
29 223 23
29 224 24
29 97 74
29 114 58
29 244 53
29 120 71
30 263 0
30 136 33
30 273 51
30 156 19
30 33 76
30 91 32
30 37 96
30 41 87
30 51 34
30 183 7
30 188 81
30 63 20
30 192 67
30 193 57
30 197 97
30 79 6
30 212 10
30 219 44
30 221 35
30 94 87
30 96 14
30 98 79
30 238 30
30 240 96
30 243 3
30 244 35
30 119 89
30 120 87
31 129 51
31 261 20
31 134 71
31 140 53
31 141 49
31 151 75
31 283 45
31 51 1
31 298 18
31 176 99
31 177 22
31 179 29
31 52 12
31 53 56
31 185 39
31 58 98
31 159 1
31 61 41
31 190 41
31 66 33
31 70 98
31 73 31
31 87 31
31 92 8
31 229 70
31 105 74
31 248 33
32 261 3
32 273 54
32 277 52
32 286 33
32 163 94
32 164 100
32 39 93
32 173 1
32 46 79
32 180 3
32 53 84
32 137 43
32 56 50
32 59 7
32 266 99
32 193 58
32 196 29
32 200 47
32 202 47
32 87 76
32 221 17
32 97 97
32 99 63
32 237 61
32 239 55
33 264 15
33 265 60
33 141 35
33 143 5
33 276 60
33 159 53
33 288 36
33 133 28
33 42 65
33 172 95
33 52 19
33 182 59
33 189 63
33 62 83
33 191 87
33 197 25
33 83 38
33 97 12
33 237 80
33 238 22
34 270 15
34 156 57
34 160 29
34 241 68
34 41 79
34 44 9
34 49 35
34 181 99
34 57 60
34 187 7
34 189 32
34 200 65
34 203 33
34 76 62
34 218 76
34 98 82
34 99 100
34 235 34
34 110 31
34 113 79
34 243 74
34 116 92
34 247 91
34 123 24
34 255 98
35 131 19
35 164 36
35 229 69
35 262 34
35 264 6
35 202 83
35 267 6
35 76 70
35 61 53
35 93 77
35 269 13
35 43 2
35 99 66
35 276 43
35 185 42
35 58 45
35 154 4
35 211 36
36 256 29
36 299 32
36 134 93
36 135 20
36 266 92
36 144 67
36 273 100
36 281 7
36 289 17
36 39 96
36 40 19
36 43 64
36 173 60
36 175 75
36 68 53
36 69 62
36 203 88
36 210 34
36 90 59
36 220 61
36 224 5
36 237 7
36 114 93
36 120 76
37 276 54
37 153 83
37 42 41
37 46 98
37 221 13
37 180 69
37 57 65
37 186 0
37 65 85
37 195 81
37 197 78
37 74 92
37 58 40
37 93 71
37 223 63
37 98 46
37 236 26
37 83 27
37 117 40
37 120 9
37 251 79
37 252 65
38 128 94
38 268 67
38 141 51
38 143 47
38 276 27
38 154 100
38 47 37
38 41 39
38 175 45
38 180 21
38 62 62
38 193 28
38 71 44
38 72 25
38 81 7
38 82 54
38 100 7
38 104 40
38 106 66
38 239 14
38 112 33
38 253 91
39 265 74
39 142 82
39 143 20
39 152 75
39 281 66
39 286 12
39 162 68
39 47 95
39 48 14
39 49 5
39 52 67
39 186 45
39 95 83
39 67 33
39 69 97
39 71 7
39 201 88
39 84 93
39 213 66
39 86 36
39 88 26
39 219 91
39 92 18
39 223 96
39 112 88
39 122 66
39 127 59
40 259 40
40 271 36
40 286 13
40 165 56
40 299 57
40 44 8
40 174 52
40 221 92
40 265 17
40 56 48
40 185 51
40 186 28
40 63 13
40 197 34
40 73 11
40 88 14
40 93 21
40 228 3
40 102 76
40 232 69
40 110 49
40 113 63
40 114 23
40 252 29
40 254 62
41 141 1
41 274 97
41 149 15
41 163 25
41 169 15
41 299 94
41 174 36
41 182 94
41 188 24
41 195 62
41 71 56
41 290 49
41 89 91
41 220 72
41 96 59
41 104 39
41 233 79
41 46 96
41 297 53
41 120 46
41 124 12
41 127 55
42 131 23
42 139 30
42 269 4
42 144 100
42 274 24
42 276 7
42 158 56
42 164 44
42 165 65
42 298 78
42 172 90
42 177 58
42 50 87
42 180 91
42 181 41
42 182 34
42 183 73
42 52 60
42 95 69
42 72 67
42 201 11
42 207 35
42 185 34
42 267 20
42 79 57
42 102 63
42 103 3
42 238 95
42 239 72
42 112 30
42 122 76
42 123 68
43 131 44
43 132 69
43 136 100
43 140 66
43 295 60
43 50 82
43 46 3
43 178 33
43 266 50
43 66 77
43 194 11
43 268 41
43 141 28
43 81 96
43 85 1
43 218 28
43 230 17
43 232 90
43 234 36
43 108 29
43 110 97
43 250 2
44 260 94
44 215 38
44 159 9
44 288 12
44 169 13
44 298 66
44 176 87
44 178 72
44 180 69
44 287 88
44 68 14
44 75 0
44 87 8
44 223 58
44 97 70
44 226 89
44 105 36
44 239 60
44 243 25
44 244 51
44 119 79
44 120 28
44 121 32
44 122 73
45 256 69
45 257 50
45 130 39
45 134 23
45 138 67
45 152 0
45 285 42
45 286 15
45 266 18
45 293 53
45 53 38
45 186 7
45 189 91
45 192 49
45 66 4
45 69 78
45 78 91
45 80 96
45 209 9
45 83 79
45 212 91
45 270 37
45 91 88
45 229 92
45 102 82
45 234 91
45 238 70
45 115 58
45 123 61
46 256 38
46 132 35
46 134 69
46 108 44
46 149 60
46 158 81
46 163 70
46 298 49
46 177 62
46 183 5
46 58 13
46 74 72
46 205 11
46 79 44
46 214 66
46 221 97
46 101 66
46 102 39
46 235 7
46 236 67
46 238 90
46 118 69
46 251 80
46 124 80
47 128 68
47 142 36
47 276 57
47 152 85
47 161 48
47 171 96
47 173 2
47 200 16
47 50 100
47 58 6
47 187 96
47 193 12
47 68 47
47 199 71
47 72 100
47 73 77
47 86 94
47 98 81
47 228 5
47 229 71
47 102 14
47 103 92
47 232 88
47 244 49
47 249 71
47 250 80
47 251 28
48 264 5
48 140 12
48 143 30
48 148 15
48 153 66
48 154 47
48 287 67
48 161 65
48 164 12
48 297 65
48 175 15
48 184 83
48 60 43
48 192 60
48 68 81
48 79 49
48 83 45
48 249 78
48 91 74
48 144 3
48 243 30
48 246 61
48 121 15
49 129 67
49 141 97
49 273 77
49 279 7
49 156 70
49 157 28
49 151 80
49 50 60
49 188 48
49 197 47
49 204 55
49 205 84
49 211 99
49 85 15
49 227 75
49 229 44
49 105 14
49 235 81
49 242 71
49 244 29
49 245 76
49 121 89
49 125 26
49 255 76
50 256 61
50 141 83
50 270 51
50 143 48
50 278 27
50 151 77
50 175 33
50 286 99
50 167 93
50 55 11
50 186 89
50 59 35
50 189 5
50 194 1
50 80 80
50 213 2
50 218 65
50 93 24
50 96 25
50 239 14
51 139 48
51 140 41
51 271 86
51 279 24
51 280 63
51 284 56
51 285 24
51 162 29
51 168 39
51 221 27
51 52 55
51 53 83
51 182 68
51 185 8
51 59 81
51 72 100
51 75 85
51 211 63
51 215 83
51 91 8
51 93 45
51 94 37
51 227 77
51 102 88
51 239 8
51 157 37
51 244 3
51 246 42
51 120 27
51 255 46
52 128 88
52 130 40
52 135 20
52 275 55
52 278 97
52 157 0
52 159 47
52 165 40
52 297 84
52 172 86
52 179 32
52 53 56
52 199 93
52 200 23
52 73 47
52 74 59
52 141 45
52 83 3
52 215 21
52 90 80
52 226 51
52 106 79
52 107 12
52 238 28
52 239 62
52 112 60
52 115 48
52 116 81
52 245 6
53 256 36
53 133 4
53 140 77
53 143 36
53 272 22
53 274 98
53 153 79
53 283 80
53 156 25
53 284 56
53 178 29
53 190 80
53 68 18
53 71 10
53 203 73
53 211 96
53 89 93
53 111 24
53 114 10
53 244 28
53 62 78
53 123 93
54 168 61
54 265 79
54 74 55
54 206 60
54 207 70
54 106 26
54 174 7
54 86 54
54 111 93
54 220 58
54 189 56
55 258 75
55 265 30
55 138 19
55 140 54
55 216 2
55 282 24
55 154 86
55 164 34
55 295 71
55 174 18
55 191 22
55 100 53
55 67 38
55 118 24
55 198 64
55 74 23
55 78 60
55 209 98
55 211 23
55 214 66
55 88 28
55 217 44
55 92 98
55 94 95
55 223 65
55 97 100
55 228 81
55 230 66
55 111 92
55 112 5
55 241 41
55 246 49
55 122 28
56 137 30
56 147 11
56 279 41
56 284 11
56 157 81
56 286 31
56 156 35
56 170 68
56 299 51
56 57 71
56 60 81
56 63 73
56 195 98
56 196 93
56 202 87
56 79 97
56 223 81
56 232 64
56 234 64
56 237 42
57 260 57
57 262 81
57 272 54
57 281 1
57 282 79
57 159 44
57 164 12
57 146 41
57 134 48
57 63 35
57 67 86
57 199 94
57 73 38
57 225 52
57 230 66
57 233 22
57 237 63
57 239 62
57 117 25
57 119 25
57 127 3
57 195 5
58 131 44
58 263 33
58 151 5
58 270 95
58 275 67
58 279 59
58 154 82
58 161 81
58 180 10
58 183 50
58 187 14
58 64 10
58 203 80
58 80 85
58 213 51
58 89 25
58 92 12
58 94 8
58 96 3
58 100 60
58 229 86
58 259 56
58 147 96
58 244 23
58 121 38
58 254 96
59 256 54
59 129 12
59 130 62
59 128 36
59 148 41
59 161 65
59 163 3
59 166 59
59 176 25
59 187 79
59 190 48
59 79 61
59 210 13
59 219 93
59 228 95
59 101 21
59 235 61
59 111 6
59 241 90
59 245 24
60 279 82
60 112 51
60 291 89
60 163 27
60 134 86
60 295 48
60 299 63
60 140 62
60 238 76
60 203 10
60 177 60
60 99 57
60 151 85
60 115 97
60 63 74
61 129 7
61 261 24
61 145 86
61 279 90
61 156 27
61 178 3
61 182 7
61 183 69
61 188 32
61 63 80
61 67 62
61 196 92
61 202 53
61 79 19
61 163 54
61 88 64
61 103 45
61 106 9
61 109 88
61 249 1
61 255 77
62 130 22
62 131 43
62 142 3
62 275 63
62 282 5
62 239 77
62 163 31
62 178 69
62 195 31
62 75 29
62 210 32
62 84 8
62 270 42
62 216 96
62 95 90
62 102 23
62 231 80
62 109 55
62 111 14
62 240 46
62 121 47
62 251 55
62 254 93
63 134 35
63 135 97
63 265 80
63 269 86
63 147 93
63 287 10
63 299 14
63 137 53
63 76 98
63 78 56
63 80 58
63 220 13
63 93 15
63 225 23
63 188 5
63 236 47
63 123 67
64 130 19
64 263 27
64 139 64
64 144 74
64 145 37
64 275 15
64 280 88
64 157 27
64 160 19
64 135 12
64 182 68
64 191 88
64 69 47
64 71 18
64 79 11
64 208 16
64 207 16
64 97 73
64 236 61
64 109 94
64 117 56
64 121 100
64 122 28
64 252 23
64 253 42
65 161 47
65 83 48
65 99 65
65 164 87
65 225 19
65 277 1
65 208 67
65 114 37
65 291 97
65 245 95
65 151 58
65 216 59
65 234 37
65 218 68
65 93 74
65 133 14
66 256 55
66 261 25
66 137 80
66 139 95
66 146 11
66 148 37
66 279 0
66 152 3
66 174 92
66 176 7
66 187 24
66 151 4
66 191 54
66 194 52
66 70 4
66 73 94
66 203 70
66 78 77
66 211 89
66 92 88
66 108 33
66 109 11
66 111 39
66 241 42
66 116 91
67 256 15
67 258 61
67 135 65
67 268 34
67 131 60
67 279 67
67 155 56
67 159 93
67 289 87
67 162 71
67 166 58
67 296 38
67 183 78
67 195 52
67 197 51
67 215 51
67 219 23
67 92 37
67 101 51
67 106 28
67 115 33
67 125 59
68 257 59
68 137 23
68 267 94
68 271 75
68 278 13
68 282 100
68 155 50
68 159 40
68 283 15
68 167 7
68 168 94
68 169 40
68 170 98
68 195 76
68 196 33
68 75 99
68 213 83
68 217 20
68 98 62
68 107 61
68 239 78
68 121 42
69 256 22
69 139 24
69 269 47
69 270 24
69 152 100
69 182 91
69 74 49
69 119 6
69 76 62
69 77 35
69 210 72
69 217 21
69 96 44
69 97 41
69 230 63
69 108 98
69 113 72
69 247 11
70 268 10
70 143 100
70 273 57
70 277 3
70 291 59
70 191 94
70 195 26
70 72 1
70 79 81
70 95 66
70 97 46
70 231 100
70 107 25
70 120 10
70 121 55
70 122 16
70 149 7
71 131 7
71 140 22
71 144 32
71 217 96
71 159 64
71 299 24
71 172 84
71 173 40
71 178 14
71 199 55
71 75 71
71 206 77
71 208 88
71 210 33
71 100 63
71 93 83
71 95 83
71 228 27
71 103 29
71 106 83
71 237 25
71 244 45
71 118 69
71 119 98
71 121 29
71 127 31
72 261 76
72 136 85
72 266 96
72 270 10
72 148 44
72 149 37
72 150 62
72 157 79
72 158 74
72 165 33
72 298 19
72 176 64
72 181 26
72 75 19
72 207 37
72 210 53
72 221 29
72 223 3
72 224 58
72 231 88
72 104 15
72 107 8
72 111 32
72 285 69
73 260 28
73 138 89
73 143 18
73 147 46
73 150 49
73 152 40
73 288 21
73 294 33
73 178 88
73 88 85
73 219 92
73 97 34
73 228 83
73 102 1
73 168 98
73 118 13
73 119 51
73 124 41
74 149 36
74 152 8
74 286 7
74 159 96
74 163 51
74 178 45
74 184 36
74 185 87
74 186 18
74 198 78
74 75 96
74 212 29
74 215 51
74 216 34
74 220 74
74 226 54
74 103 92
74 232 27
74 243 1
74 84 39
74 125 12
74 255 35
75 133 34
75 262 24
75 277 21
75 166 51
75 174 47
75 194 55
75 201 7
75 204 6
75 207 9
75 88 14
75 217 3
75 91 71
75 93 38
75 95 87
75 96 59
75 104 0
75 108 95
75 118 45
75 247 30
75 250 63
75 127 83
76 258 69
76 148 62
76 152 33
76 285 83
76 163 44
76 191 59
76 184 56
76 187 26
76 196 56
76 217 69
76 230 57
76 109 38
76 276 14
76 251 78
76 127 30
77 265 11
77 138 16
77 215 61
77 273 48
77 281 44
77 286 6
77 173 43
77 183 95
77 211 78
77 87 55
77 88 59
77 89 29
77 221 53
77 222 76
77 100 12
77 101 89
77 103 50
77 232 21
77 117 35
77 247 11
77 250 44
77 252 96
77 126 80
78 99 78
78 164 34
78 134 48
78 230 94
78 136 11
78 259 6
78 94 89
78 206 88
78 88 89
78 163 2
78 116 12
78 149 15
78 201 37
78 267 39
78 251 93
78 126 82
79 192 81
79 132 23
79 278 51
79 172 91
79 143 58
79 145 41
79 274 55
79 287 29
79 163 63
79 164 47
79 295 36
79 297 61
79 159 65
79 93 57
79 196 75
79 215 37
79 88 71
79 217 35
79 221 18
79 95 71
79 98 63
79 111 43
79 112 84
79 116 66
80 144 45
80 226 2
80 99 61
80 230 1
80 91 32
80 267 14
80 176 79
80 273 90
80 291 29
80 84 89
80 85 98
80 87 55
80 120 41
80 88 16
80 155 36
80 157 20
80 153 99
81 259 99
81 133 29
81 135 46
81 236 23
81 266 63
81 145 66
81 148 45
81 277 45
81 299 53
81 282 1
81 155 28
81 297 20
81 171 2
81 187 37
81 194 73
81 202 21
81 220 65
81 166 73
81 103 19
81 106 92
81 108 86
81 243 83
81 245 36
82 209 22
82 264 29
82 231 26
82 141 96
82 238 50
82 239 3
82 208 79
82 177 56
82 146 36
82 85 25
82 278 42
82 120 71
82 123 51
82 286 57
82 287 76
83 262 82
83 139 95
83 274 99
83 147 24
83 281 89
83 283 63
83 155 67
83 293 19
83 168 84
83 299 95
83 175 62
83 178 72
83 183 48
83 204 12
83 210 58
83 104 75
83 233 55
83 112 38
83 115 85
83 153 82
83 249 41
83 255 96
84 130 30
84 137 36
84 269 72
84 147 53
84 162 39
84 219 3
84 293 74
84 221 46
84 185 34
84 118 71
84 206 37
84 163 18
84 90 51
84 91 64
84 93 26
84 224 45
84 226 42
84 104 51
84 105 33
84 234 69
84 246 57
84 121 100
85 257 68
85 143 84
85 146 55
85 278 93
85 296 3
85 169 15
85 299 19
85 191 81
85 196 23
85 197 32
85 200 50
85 141 12
85 216 32
85 222 34
85 98 73
85 230 89
85 250 27
86 129 89
86 258 99
86 107 85
86 137 55
86 266 86
86 275 1
86 148 4
86 277 83
86 279 4
86 175 86
86 287 94
86 206 26
86 229 29
86 235 51
86 114 72
86 246 82
86 251 20
86 125 37
86 126 10
87 263 46
87 279 45
87 140 16
87 142 4
87 131 34
87 235 59
87 157 67
87 293 100
87 189 25
87 192 25
87 211 86
87 229 13
87 107 32
87 109 65
87 242 100
87 251 55
87 149 13
88 107 52
88 136 0
88 267 36
88 277 53
88 282 59
88 167 64
88 295 84
88 181 77
88 91 81
88 229 57
88 227 73
88 101 11
88 237 20
88 243 33
88 252 96
88 149 42
89 192 87
89 225 14
89 171 67
89 167 79
89 236 27
89 158 15
89 176 70
89 244 74
89 150 14
89 183 65
89 155 8
89 252 18
89 286 25
90 161 0
90 195 33
90 294 98
90 243 51
90 104 20
90 135 85
90 257 53
90 207 50
90 211 47
90 174 4
90 251 77
90 186 100
90 156 50
90 286 9
91 259 80
91 179 17
91 263 41
91 265 20
91 266 65
91 144 52
91 132 11
91 155 58
91 284 66
91 159 47
91 164 58
91 172 31
91 188 98
91 138 47
91 193 76
91 202 32
91 216 70
91 97 73
91 98 31
91 106 72
91 235 90
91 236 3
91 240 81
91 113 86
91 275 97
91 247 95
92 136 36
92 271 98
92 147 14
92 149 97
92 278 97
92 281 39
92 155 74
92 284 29
92 288 61
92 290 46
92 167 83
92 168 15
92 156 36
92 171 69
92 178 24
92 183 55
92 189 31
92 192 27
92 196 95
92 213 2
92 93 7
92 223 26
92 224 36
92 118 21
92 120 32
92 249 96
92 126 81
93 263 72
93 265 25
93 273 57
93 275 72
93 289 10
93 291 26
93 294 95
93 170 63
93 172 79
93 184 0
93 186 51
93 140 69
93 202 7
93 208 98
93 209 87
93 224 38
93 226 12
93 100 58
93 103 87
93 111 28
93 117 60
93 127 18
94 128 46
94 130 39
94 235 48
94 278 45
94 264 30
94 138 53
94 145 39
94 154 23
94 286 43
94 290 44
94 291 32
94 164 86
94 167 29
94 183 74
94 184 40
94 187 75
94 188 35
94 105 72
94 218 84
94 186 85
94 103 92
94 233 74
94 234 54
94 107 18
94 112 69
94 117 9
94 247 43
94 124 54
95 132 15
95 261 74
95 265 67
95 271 69
95 277 51
95 156 16
95 161 22
95 284 34
95 299 66
95 188 46
95 208 50
95 213 28
95 214 99
95 221 86
95 222 96
95 231 59
95 237 53
95 241 26
95 244 67
95 120 49
95 253 4
96 263 39
96 151 75
96 159 48
96 293 57
96 170 51
96 266 78
96 190 20
96 192 18
96 269 87
96 218 76
96 99 4
96 228 5
96 237 67
96 123 69
96 126 51
97 128 26
97 261 27
97 143 1
97 145 99
97 155 6
97 164 9
97 187 0
97 191 33
97 212 68
97 292 60
97 222 54
97 228 97
97 234 7
97 110 11
97 241 54
97 251 40
97 254 37
98 278 49
98 136 91
98 139 67
98 145 91
98 131 61
98 276 82
98 150 79
98 155 18
98 158 73
98 284 93
98 205 83
98 225 92
98 99 93
98 232 83
98 242 22
98 116 80
98 121 67
98 124 75
98 127 92
99 130 40
99 266 85
99 270 14
99 271 4
99 272 38
99 146 75
99 148 22
99 149 22
99 285 22
99 288 15
99 169 59
99 298 89
99 185 23
99 196 57
99 205 78
99 223 73
99 250 4
99 253 7
99 277 41
100 134 36
100 143 94
100 152 31
100 280 20
100 156 15
100 159 54
100 289 55
100 163 71
100 292 50
100 167 35
100 172 42
100 178 33
100 184 15
100 205 38
100 231 95
100 232 51
100 161 33
100 106 33
100 245 59
101 267 20
101 140 69
101 142 44
101 275 70
101 276 42
101 154 5
101 282 68
101 291 11
101 170 74
101 188 87
101 268 94
101 205 19
101 215 8
101 221 14
101 102 44
101 230 81
101 231 64
101 104 50
101 234 94
101 125 28
102 261 26
102 262 60
102 270 27
102 144 12
102 275 5
102 150 72
102 282 82
102 293 89
102 172 0
102 201 55
102 215 79
102 110 4
102 113 40
102 242 26
102 120 83
102 122 12
102 123 11
103 136 63
103 271 28
103 163 71
103 292 68
103 296 53
103 172 65
103 175 40
103 213 51
103 225 72
103 229 51
103 233 1
103 107 44
103 238 61
103 243 39
103 246 2
104 258 28
104 260 33
104 153 32
104 291 4
104 292 56
104 203 70
104 198 65
104 206 22
104 223 53
104 239 82
104 118 100
104 169 58
104 126 98
105 257 97
105 259 48
105 140 29
105 151 21
105 282 2
105 156 99
105 158 6
105 173 100
105 193 12
105 197 10
105 201 25
105 202 17
105 111 43
105 113 87
105 248 59
105 122 15
105 251 26
106 128 22
106 259 51
106 137 74
106 141 41
106 274 99
106 148 25
106 280 6
106 168 84
106 298 14
106 178 25
106 186 34
106 196 45
106 208 45
106 211 77
106 233 46
106 109 92
106 110 34
106 240 60
106 115 59
106 120 33
106 124 85
107 129 54
107 259 66
107 134 17
107 283 10
107 159 9
107 161 38
107 262 5
107 257 14
107 176 7
107 179 77
107 202 66
107 203 32
107 208 73
107 214 93
107 226 38
107 229 81
107 231 75
107 114 51
107 249 24
108 128 32
108 263 86
108 270 52
108 145 46
108 278 85
108 151 88
108 280 90
108 281 58
108 285 95
108 289 55
108 291 9
108 181 43
108 197 59
108 201 83
108 217 58
108 226 77
108 273 59
108 235 16
108 153 22
108 123 51
109 257 20
109 260 74
109 137 51
109 268 96
109 155 85
109 157 39
109 263 56
109 176 41
109 182 90
109 184 16
109 200 93
109 235 78
109 110 62
109 240 80
109 243 59
109 116 87
109 248 16
109 123 5
109 252 49
109 254 67
110 256 83
110 135 24
110 264 10
110 265 26
110 266 51
110 269 45
110 276 69
110 163 44
110 164 17
110 176 2
110 197 71
110 201 70
110 162 28
110 207 13
110 208 94
110 220 52
110 114 88
110 147 4
110 249 44
110 251 49
111 256 32
111 267 40
111 271 62
111 145 86
111 146 67
111 280 8
111 295 20
111 183 14
111 187 52
111 139 48
111 147 4
111 198 50
111 206 64
111 207 75
111 222 11
111 225 86
111 243 10
112 263 16
112 151 47
112 153 71
112 182 27
112 184 9
112 185 35
112 201 42
112 208 40
112 213 82
112 227 4
112 230 41
112 188 99
112 244 2
112 252 47
112 126 57
113 259 41
113 262 64
113 266 88
113 139 44
113 144 92
113 273 31
113 281 60
113 165 63
113 295 59
113 215 73
113 217 26
113 222 64
113 232 35
113 255 7
114 260 24
114 267 5
114 268 38
114 259 87
114 287 41
114 160 34
114 295 89
114 188 30
114 207 33
114 213 49
114 232 93
114 234 62
114 244 78
114 247 84
114 126 13
115 256 63
115 272 4
115 275 63
115 292 14
115 165 84
115 192 88
115 202 40
115 212 38
115 270 50
115 214 46
115 219 43
115 144 100
115 228 33
115 233 41
115 236 28
115 250 51
115 251 42
116 129 19
116 133 87
116 263 90
116 267 98
116 269 29
116 145 19
116 150 35
116 281 8
116 154 87
116 288 24
116 169 1
116 199 39
116 209 31
116 210 26
116 216 27
116 217 98
116 227 90
116 239 85
116 242 10
116 246 93
117 259 53
117 267 85
117 270 59
117 289 2
117 166 31
117 169 62
117 170 50
117 221 26
117 176 70
117 187 86
117 188 88
117 193 6
117 202 33
117 222 47
117 293 83
117 241 99
117 244 90
117 245 92
117 121 46
117 255 39
118 265 89
118 266 62
118 272 99
118 146 91
118 147 39
118 149 94
118 150 8
118 284 88
118 157 78
118 298 33
118 171 78
118 175 22
118 186 0
118 217 78
118 232 10
118 245 86
118 254 48
119 132 23
119 140 28
119 270 45
119 151 84
119 282 73
119 155 32
119 166 79
119 175 38
119 178 6
119 189 96
119 279 87
119 210 45
119 212 40
119 229 15
119 120 44
120 258 90
120 134 19
120 271 12
120 146 61
120 284 76
120 291 21
120 298 20
120 286 80
120 183 62
120 181 11
120 205 46
120 213 85
120 169 97
120 231 73
120 253 89
120 126 46
121 262 23
121 172 57
121 266 55
121 276 18
121 277 99
121 287 17
121 134 80
121 168 15
121 170 45
121 174 33
121 137 3
121 185 64
121 201 45
121 217 97
121 241 94
121 255 70
121 149 50
122 130 50
122 138 67
122 268 60
122 270 61
122 144 63
122 156 18
122 160 87
122 165 10
122 174 71
122 172 8
122 181 72
122 186 48
122 140 96
122 211 16
122 224 48
122 272 98
122 235 41
122 249 31
122 251 82
123 133 50
123 146 80
123 154 55
123 165 83
123 295 58
123 192 97
123 197 26
123 206 28
123 215 51
123 226 67
123 234 71
123 238 42
123 243 39
124 256 42
124 260 45
124 268 97
124 273 81
124 282 1
124 285 36
124 219 38
124 176 73
124 190 31
124 192 76
124 208 50
124 143 30
124 229 47
124 235 71
124 252 89
125 257 73
125 258 70
125 263 75
125 136 97
125 274 99
125 155 40
125 287 56
125 166 87
125 168 38
125 182 100
125 183 72
125 201 74
125 206 52
125 211 37
125 214 58
125 231 13
126 278 78
126 264 83
126 138 69
126 272 93
126 145 98
126 149 1
126 150 96
126 279 84
126 152 90
126 284 81
126 285 70
126 160 22
126 292 44
126 165 66
126 167 54
126 157 20
126 176 61
126 183 41
126 185 7
126 190 34
126 191 44
126 197 62
126 203 17
126 222 34
126 230 84
126 233 67
126 237 3
126 255 66
127 128 56
127 268 90
127 164 41
127 134 19
127 171 66
127 172 7
127 178 22
127 187 48
127 190 36
127 205 54
127 207 61
127 220 66
127 227 15
127 230 51
127 254 92
128 225 28
128 164 29
128 173 43
128 146 88
128 211 55
128 150 43
128 249 31
128 216 52
128 276 91
128 138 41
129 258 98
129 219 53
129 260 78
129 228 85
129 263 71
129 201 27
129 248 29
129 281 55
129 218 40
129 157 52
129 267 60
130 133 83
130 143 88
130 149 19
130 284 72
130 286 4
130 288 89
130 180 91
130 207 69
130 212 65
130 225 1
130 233 40
130 238 94
130 242 27
130 246 82
130 248 13
131 262 24
131 270 91
131 271 40
131 148 49
131 292 42
131 298 52
131 194 11
131 201 36
131 206 23
131 209 64
131 218 78
131 248 29
131 254 33
132 133 69
132 277 33
132 293 23
132 198 68
132 231 47
132 265 95
132 234 14
132 204 89
132 136 62
132 244 4
132 181 29
132 212 15
133 267 51
133 277 55
133 287 90
133 179 53
133 188 74
133 202 37
133 213 14
133 216 76
133 223 75
133 229 71
133 146 63
134 266 0
134 139 70
134 174 47
134 280 83
134 161 39
134 298 62
134 199 12
134 208 45
134 227 46
134 229 53
134 233 95
134 254 99
134 277 67
135 260 61
135 141 60
135 149 47
135 159 8
135 162 80
135 291 28
135 168 81
135 184 43
135 195 0
135 231 18
135 275 17
135 251 86
135 252 10
135 255 38
136 198 35
136 284 76
136 204 36
136 175 51
136 212 52
136 245 87
136 250 52
136 251 86
136 188 11
137 274 5
137 149 70
137 153 35
137 157 21
137 159 47
137 289 16
137 167 3
137 172 66
137 181 22
137 182 17
137 188 0
137 190 86
137 223 85
137 227 26
137 245 96
138 262 99
138 142 50
138 280 9
138 291 21
138 295 94
138 181 97
138 186 13
138 194 18
138 198 44
138 206 56
138 218 23
138 224 9
138 275 40
138 247 100
138 253 43
139 161 20
139 228 23
139 263 43
139 235 0
139 142 66
139 148 35
139 270 74
139 247 52
139 253 95
139 231 100
140 256 29
140 266 95
140 267 74
140 290 56
140 291 46
140 165 83
140 166 25
140 188 81
140 205 26
140 206 0
140 213 73
141 265 50
141 269 62
141 271 10
141 154 70
141 164 76
141 182 60
141 191 8
141 202 56
141 209 51
141 225 44
141 230 34
141 234 87
141 236 69
141 241 10
141 249 79
141 253 84
142 258 99
142 263 17
142 270 97
142 143 76
142 152 16
142 155 41
142 159 50
142 298 37
142 196 3
142 212 4
142 214 9
142 215 94
142 219 59
142 186 13
142 147 77
143 263 58
143 264 52
143 271 71
143 273 100
143 152 88
143 291 57
143 164 16
143 170 71
143 173 38
143 187 93
143 193 28
143 221 100
143 254 78
143 255 49
144 273 88
144 284 80
144 158 68
144 167 70
144 298 9
144 186 35
144 207 100
144 213 35
144 218 73
144 220 59
144 221 22
144 229 29
144 232 82
145 257 5
145 268 73
145 272 60
145 146 54
145 157 53
145 159 100
145 175 44
145 188 48
145 195 31
145 197 78
145 234 93
145 240 69
146 282 3
146 260 42
146 266 33
146 154 86
146 285 34
146 291 69
146 293 36
146 294 68
146 168 36
146 173 9
146 176 21
146 200 88
146 213 99
146 165 73
146 296 24
147 279 93
147 283 82
147 284 37
147 287 94
147 290 88
147 294 6
147 156 85
147 196 20
147 199 28
147 205 25
147 209 40
147 212 59
147 214 74
147 220 51
147 166 72
147 255 43
148 260 23
148 271 38
148 282 76
148 286 20
148 179 50
148 203 44
148 208 95
148 209 11
148 222 55
148 223 47
148 275 35
149 256 97
149 264 11
149 276 10
149 153 17
149 154 68
149 286 20
149 163 68
149 173 99
149 157 49
149 182 72
149 189 7
149 190 34
149 198 90
149 225 2
149 233 0
149 237 75
149 241 60
150 262 49
150 267 60
150 152 87
150 171 11
150 184 17
150 187 23
150 189 71
150 202 75
150 216 26
150 224 62
150 233 42
150 237 66
151 258 55
151 264 37
151 268 67
151 271 79
151 283 74
151 295 37
151 297 33
151 175 44
151 198 84
151 205 58
151 217 13
151 226 91
151 233 87
151 235 62
151 238 67
151 246 70
152 263 0
152 279 83
152 284 22
152 158 66
152 159 63
152 197 79
152 292 45
152 188 89
152 189 82
152 223 98
152 227 69
152 232 92
152 245 0
152 250 83
153 257 12
153 261 57
153 280 97
153 154 74
153 240 67
153 176 48
153 190 56
153 193 43
153 194 53
153 204 35
153 225 10
154 272 75
154 172 5
154 174 62
154 178 62
154 185 88
154 192 21
154 200 34
154 214 63
154 216 78
154 225 61
154 230 60
154 234 3
154 241 52
154 252 20
155 275 14
155 279 73
155 290 61
155 295 56
155 175 81
155 195 1
155 216 11
155 226 66
155 232 86
155 234 33
155 244 18
156 258 41
156 269 19
156 277 89
156 184 82
156 191 15
156 195 27
156 215 91
156 216 69
156 224 51
156 225 16
156 231 7
156 234 2
156 244 31
156 246 96
157 276 82
157 288 23
157 290 50
157 165 47
157 177 59
157 188 86
157 196 17
157 205 52
157 213 94
157 238 2
157 240 91
157 246 8
157 255 38
158 266 23
158 274 62
158 282 15
158 172 41
158 180 72
158 192 10
158 215 22
158 237 8
158 242 83
158 246 56
158 251 73
158 253 98
159 267 66
159 165 65
159 186 29
159 241 50
159 242 74
160 256 30
160 230 29
160 199 37
160 268 90
160 267 64
160 172 84
160 206 99
160 253 13
160 211 6
160 181 69
160 186 55
160 283 31
160 247 90
161 235 21
161 273 4
161 168 10
161 284 55
161 185 46
161 193 51
161 197 53
161 207 31
161 212 79
161 215 98
161 228 7
161 222 83
161 227 79
161 233 81
161 238 37
161 250 15
161 254 10
162 226 87
162 275 100
162 198 64
162 166 24
162 263 7
162 172 99
162 291 47
162 196 56
162 246 72
162 292 27
163 264 66
163 271 86
163 272 73
163 177 49
163 184 57
163 188 20
163 190 52
163 206 18
163 227 33
163 232 53
163 236 95
163 174 15
163 244 93
163 254 48
164 213 11
164 261 0
164 262 34
164 266 96
164 273 8
164 274 44
164 238 67
164 286 75
164 168 23
164 180 16
164 198 95
164 206 2
164 212 79
164 185 98
164 244 27
164 246 48
164 252 52
165 261 98
165 272 92
165 276 90
165 174 96
165 175 63
165 186 30
165 192 69
165 197 53
165 199 73
165 202 14
165 203 16
165 205 27
165 207 0
165 220 53
165 221 8
165 237 22
165 246 50
166 265 20
166 272 20
166 280 92
166 291 16
166 185 79
166 268 61
166 216 11
166 226 71
166 235 86
166 240 75
166 244 88
167 266 56
167 280 7
167 286 85
167 289 37
167 290 56
167 291 1
167 297 33
167 174 98
167 176 67
167 195 52
167 207 92
167 273 13
167 255 47
168 256 71
168 262 18
168 265 16
168 279 4
168 285 85
168 289 75
168 249 8
168 232 78
168 233 36
169 281 70
169 289 30
169 290 76
169 170 97
169 173 99
169 183 8
169 186 47
169 216 74
169 241 19
169 247 99
170 258 98
170 280 100
170 196 3
170 289 4
170 199 78
170 204 74
170 249 6
170 241 96
170 242 47
170 243 32
170 297 24
171 198 46
171 232 2
171 267 47
171 204 92
171 185 44
171 282 74
171 254 4
171 191 33
172 276 11
172 291 20
172 200 53
172 207 27
172 213 64
172 249 59
172 225 75
172 232 89
172 236 79
172 244 92
173 264 21
173 267 38
173 296 85
173 195 72
173 202 37
173 209 28
173 223 71
173 229 78
174 257 15
174 262 58
174 264 100
174 271 17
174 276 23
174 291 52
174 292 56
174 196 58
174 202 6
174 221 12
174 235 77
174 254 27
175 274 14
175 280 64
175 284 33
175 186 59
175 247 50
175 205 1
175 238 38
175 248 75
176 265 90
176 279 86
176 284 4
176 288 69
176 294 36
176 193 65
176 205 13
176 208 20
176 240 95
176 243 90
177 288 73
177 229 46
177 265 92
177 204 32
177 209 49
177 211 84
177 279 17
177 185 16
178 272 72
178 276 71
178 277 8
178 281 65
178 294 14
178 181 82
178 192 16
178 194 44
178 195 9
178 217 47
178 235 57
178 247 2
179 192 15
179 187 50
179 262 94
179 266 70
179 273 13
179 242 0
179 203 43
179 183 71
180 258 83
180 260 66
180 286 88
180 183 25
180 199 48
180 211 22
180 222 88
180 225 61
180 232 49
180 250 54
181 277 5
181 288 50
181 291 66
181 192 0
181 207 13
181 210 43
181 234 57
181 243 76
181 254 74
182 256 23
182 296 51
182 188 88
182 202 28
182 211 79
182 215 37
182 229 49
182 236 11
182 243 49
183 263 5
183 277 23
183 284 93
183 185 86
183 191 1
183 200 29
183 203 6
183 214 44
184 278 81
184 268 14
184 299 43
184 190 26
184 205 77
184 215 93
184 224 40
184 226 8
184 236 17
184 248 43
185 258 65
185 259 63
185 266 50
185 270 99
185 283 7
185 284 32
185 292 30
185 293 94
185 192 42
185 230 65
185 233 39
185 251 48
186 261 3
186 278 7
186 295 88
186 198 84
186 205 88
186 217 38
186 229 10
186 231 72
187 261 93
187 266 59
187 194 68
187 271 34
187 277 12
187 287 34
187 289 7
187 217 10
187 232 28
187 249 48
188 257 66
188 259 11
188 260 23
188 291 34
188 271 30
188 197 61
188 206 76
188 207 72
188 211 27
188 226 5
188 235 1
188 245 66
188 253 34
188 255 98
189 278 35
189 204 80
189 211 60
189 220 100
189 248 63
189 252 42
190 272 37
190 277 26
190 282 18
190 293 15
190 295 43
190 211 47
190 212 72
190 213 87
190 271 9
190 229 23
191 299 80
191 266 10
191 267 75
191 269 29
191 288 68
191 295 75
191 219 11
191 222 69
191 230 100
191 235 37
191 249 3
191 252 43
192 275 5
192 283 92
192 204 19
192 215 15
192 293 95
192 227 12
192 231 17
192 242 66
192 244 77
192 245 10
192 253 81
193 268 83
193 270 10
193 196 82
193 199 69
193 205 79
193 208 58
193 252 73
193 253 76
194 292 97
194 241 94
194 253 6
194 280 85
194 248 42
195 266 9
195 277 12
195 278 23
195 196 20
195 216 14
195 222 5
195 232 29
195 295 34
196 270 99
196 278 77
196 285 14
196 209 44
196 211 10
196 215 94
196 218 73
196 240 28
196 245 12
197 276 11
197 285 98
197 289 96
197 299 53
197 198 29
197 201 11
197 230 74
197 233 55
197 252 42
198 294 26
198 216 64
198 283 6
199 269 52
199 287 18
199 289 68
199 295 7
199 244 80
199 200 52
199 227 11
199 254 88
199 255 17
200 257 99
200 270 27
200 287 5
200 288 17
200 202 12
200 203 3
200 209 94
200 223 31
200 213 27
201 266 45
201 259 24
201 276 20
201 283 12
201 296 90
201 208 98
201 214 34
201 216 41
201 240 45
201 244 2
201 250 31
202 273 64
202 226 100
202 227 50
202 228 56
202 232 6
202 244 78
202 248 34
203 257 55
203 258 83
203 266 40
203 276 72
203 292 57
203 231 4
203 242 71
203 253 29
204 258 30
204 268 71
204 271 22
204 282 1
204 214 77
204 230 80
204 241 56
204 211 88
204 244 11
204 249 77
204 251 0
205 286 24
205 218 86
205 221 65
205 235 94
205 237 46
205 241 40
205 249 25
206 291 23
206 299 88
206 218 70
206 223 96
207 268 18
207 275 55
207 239 84
207 284 94
207 297 73
207 299 81
207 221 45
207 245 59
208 259 66
208 270 43
208 277 79
208 235 11
208 282 39
208 290 62
208 283 32
208 238 99
209 226 93
209 296 46
209 246 32
209 282 38
210 263 94
210 267 21
210 268 36
210 270 10
210 273 96
210 285 69
210 214 77
210 216 70
210 221 4
210 229 47
210 233 62
210 245 37
210 253 24
210 254 69
211 264 35
211 275 100
211 276 98
211 295 43
211 231 23
211 240 37
211 245 66
211 249 53
212 285 17
212 286 32
212 291 59
212 213 37
212 215 4
212 217 15
212 233 17
212 235 31
212 250 1
213 265 86
213 271 100
213 260 8
213 296 23
213 269 21
213 219 41
213 233 94
213 243 43
213 251 26
214 279 87
214 240 45
214 275 4
214 219 34
215 256 81
215 267 93
215 268 59
215 277 49
215 280 50
215 227 90
215 238 19
215 247 26
215 252 74
216 265 86
216 266 4
216 290 72
216 295 23
216 273 47
216 234 19
216 240 69
217 256 70
217 273 25
217 276 19
217 286 27
217 287 59
217 294 91
218 264 19
218 290 45
218 279 83
218 299 11
218 283 43
218 272 37
218 240 82
218 247 71
218 250 2
219 268 41
219 275 93
219 281 91
219 285 50
219 291 29
219 298 15
219 228 54
219 229 88
219 236 68
219 240 70
219 251 2
220 262 58
220 270 16
220 275 9
220 277 64
220 230 19
220 249 8
220 251 28
221 264 7
221 278 91
221 297 42
221 298 35
221 224 97
221 227 84
221 231 2
222 291 77
222 230 22
222 250 11
222 252 16
223 262 63
223 288 14
223 233 6
223 240 45
223 248 48
224 226 19
224 228 67
224 230 95
224 264 100
225 265 27
225 279 96
225 282 31
225 292 3
225 228 85
225 241 12
225 255 51
226 289 44
226 291 15
226 240 6
226 254 52
226 255 58
227 256 16
227 257 60
227 278 35
227 228 44
227 230 1
227 237 94
227 246 67
228 280 48
228 284 1
228 230 79
229 290 24
229 291 32
229 233 87
229 238 98
230 257 69
230 267 65
230 271 24
230 280 3
230 286 88
230 295 90
230 237 72
230 247 27
230 249 61
231 273 24
231 279 72
231 288 22
231 245 33
231 254 24
232 260 49
232 263 24
232 281 40
232 292 72
232 240 99
232 247 9
233 261 59
233 258 50
233 276 92
233 280 76
233 289 68
233 262 7
233 299 28
233 236 88
233 239 72
233 277 64
234 282 60
234 292 15
234 294 9
234 239 21
234 247 59
235 291 100
235 297 73
235 290 95
235 236 44
236 260 87
236 265 62
236 276 86
236 241 28
236 245 98
236 248 82
236 249 88
237 262 49
237 263 44
237 266 68
237 291 16
237 238 63
237 245 15
238 256 88
238 270 20
238 271 20
238 273 16
238 277 84
238 241 48
239 291 10
239 244 68
239 296 28
239 281 18
240 241 99
240 250 47
240 252 1
240 255 44
241 281 40
241 285 40
241 288 20
241 293 40
241 294 70
241 287 79
241 251 1
242 256 14
242 257 90
242 275 83
242 282 23
242 254 84
244 269 94
244 279 4
244 280 23
244 293 69
244 284 38
244 285 62
244 254 38
245 256 6
245 277 64
245 279 28
245 291 49
245 253 70
245 264 95
246 257 85
246 259 49
246 282 11
246 288 96
246 290 99
246 284 77
246 267 50
246 255 79
247 258 1
247 260 94
247 272 94
247 273 13
247 277 76
247 290 8
247 291 16
248 256 37
248 293 95
248 264 5
248 299 25
248 274 78
248 280 26
248 252 87
249 259 55
249 270 55
249 282 77
249 297 7
250 288 97
250 298 38
250 254 40
250 279 31
250 284 73
251 257 78
251 259 23
251 270 2
251 278 16
251 282 30
251 299 33
251 252 78
252 265 84
252 275 17
252 284 45
252 297 4
253 271 3
253 292 84
253 269 22
254 280 18
256 259 62
256 266 26
256 275 2
256 297 42
257 264 44
257 270 80
257 274 93
257 276 55
257 278 23
257 279 66
257 286 32
258 259 53
258 262 24
258 264 49
258 275 30
259 271 52
259 285 54
259 293 39
259 270 15
260 261 89
260 267 18
260 268 59
260 274 18
260 278 64
260 289 43
260 292 0
261 267 49
261 286 74
262 288 68
262 292 40
263 284 45
263 297 4
264 271 39
264 278 31
264 295 47
265 283 40
265 285 9
265 286 24
265 290 47
265 299 29
266 267 95
266 272 39
266 278 81
266 287 49
266 289 69
266 268 84
267 283 18
268 269 34
268 281 2
269 283 97
269 290 79
269 291 9
270 279 86
270 285 66
270 292 40
271 274 39
271 286 8
271 289 82
274 291 86
274 299 8
276 283 86
276 287 37
276 293 60
277 286 59
277 287 3
277 295 67
279 281 73
280 287 4
280 292 64
280 281 37
281 290 32
281 291 40
282 296 62
284 287 48
284 299 34
285 295 16
286 291 0
287 292 74
287 294 0
288 292 62
288 296 43
289 297 7
289 299 94
290 298 100
293 296 88
293 297 80
298 299 73
