300 4000
0 3 57
0 260 9
0 264 57
0 138 43
0 29 19
0 158 70
0 161 36
0 166 92
0 176 59
0 53 48
0 191 66
0 194 46
0 195 78
0 199 29
0 73 51
0 208 98
0 209 20
0 88 68
0 94 24
0 230 22
0 234 6
0 245 45
0 246 31
0 248 25
0 252 86
1 213 95
1 283 70
1 100 58
1 293 70
1 198 58
1 104 57
1 265 52
1 138 13
1 206 37
1 272 75
1 181 42
1 182 11
1 282 25
1 251 88
1 170 86
1 62 83
1 229 13
2 259 85
2 142 83
2 15 34
2 146 98
2 28 60
2 162 98
2 35 84
2 295 91
2 40 28
2 45 80
2 296 16
2 75 78
2 80 49
2 85 33
2 214 26
2 225 25
2 226 19
2 232 57
2 234 53
2 111 71
2 241 8
2 245 69
2 247 75
2 124 66
3 128 41
3 257 13
3 135 57
3 266 24
3 268 48
3 269 38
3 270 100
3 143 99
3 149 1
3 280 58
3 287 27
3 290 89
3 163 51
3 36 98
3 170 48
3 46 12
3 48 42
3 179 70
3 180 38
3 185 55
3 66 44
3 72 85
3 201 73
3 203 51
3 97 16
3 99 26
3 104 40
3 106 42
3 238 96
3 240 76
3 242 70
4 129 4
4 171 17
4 261 56
4 136 0
4 139 30
4 13 79
4 147 21
4 21 6
4 154 82
4 155 7
4 30 29
4 32 92
4 164 75
4 169 64
4 43 47
4 172 25
4 178 19
4 181 57
4 189 44
4 63 2
4 193 52
4 202 9
4 208 2
4 215 72
4 91 0
4 100 68
4 241 98
4 242 47
4 247 0
4 250 5
4 251 9
5 19 61
5 34 61
5 259 1
5 196 22
5 38 79
5 298 62
5 10 89
5 11 68
5 48 21
5 43 29
5 275 96
5 116 16
5 190 58
5 119 25
5 56 52
5 281 14
5 155 66
5 248 85
5 23 68
5 63 12
6 258 1
6 259 75
6 265 10
6 266 9
6 145 3
6 146 64
6 174 25
6 150 7
6 153 61
6 160 40
6 289 72
6 37 63
6 294 41
6 48 82
6 170 55
6 46 99
6 176 26
6 50 51
6 9 37
6 185 63
6 66 62
6 69 72
6 81 63
6 212 26
6 85 94
6 249 60
6 90 31
6 228 76
6 101 75
6 17 24
6 121 49
6 252 39
7 128 76
7 129 11
7 262 43
7 10 2
7 268 56
7 141 70
7 14 80
7 144 20
7 273 36
7 18 47
7 275 23
7 20 36
7 279 33
7 280 51
7 155 9
7 27 32
7 171 14
7 48 55
7 55 100
7 61 12
7 197 88
7 77 58
7 206 53
7 99 80
7 102 5
7 107 30
7 111 64
7 113 78
7 253 33
8 259 13
8 264 37
8 145 64
8 274 6
8 279 4
8 284 75
8 30 5
8 288 38
8 161 9
8 36 93
8 177 39
8 296 70
8 170 99
8 49 43
8 58 8
8 71 13
8 201 45
8 74 39
8 214 38
8 230 43
8 146 44
8 244 27
8 117 44
8 255 8
9 134 55
9 266 100
9 12 16
9 13 76
9 142 97
9 21 50
9 279 90
9 283 31
9 289 0
9 34 100
9 291 18
9 165 3
9 176 53
9 55 2
9 223 98
9 67 69
9 197 22
9 198 78
9 205 15
9 209 38
9 84 16
9 219 47
9 220 20
9 37 11
9 102 89
9 105 95
9 106 50
9 109 41
9 234 74
9 250 12
9 251 45
9 253 38
9 127 9
10 266 32
10 275 5
10 23 80
10 29 43
10 166 87
10 46 0
10 175 42
10 177 76
10 60 61
10 193 99
10 216 69
10 92 97
10 94 93
10 225 48
10 101 38
10 104 86
10 107 21
10 110 58
10 243 53
10 245 32
10 120 45
11 240 77
11 260 89
11 38 74
11 202 47
11 108 67
11 173 72
11 46 62
11 111 4
11 272 96
11 82 90
11 261 97
11 148 39
11 277 13
11 152 55
11 132 72
11 190 69
11 52 29
11 125 1
11 30 2
11 197 67
12 256 57
12 128 35
12 139 10
12 153 10
12 32 77
12 163 41
12 166 85
12 44 93
12 47 47
12 87 37
12 188 42
12 64 92
12 199 19
12 211 37
12 86 79
12 215 36
12 98 58
12 235 28
12 240 15
12 245 51
12 118 47
12 123 23
12 252 14
13 257 38
13 195 66
13 33 1
13 73 21
13 42 79
13 267 49
13 140 35
13 48 92
13 99 72
13 212 52
13 117 29
13 284 49
13 199 68
13 88 43
13 57 75
13 156 30
13 61 22
13 158 81
14 268 91
14 16 36
14 147 76
14 278 81
14 154 21
14 111 73
14 282 4
14 291 62
14 170 67
14 171 97
14 173 85
14 285 68
14 176 10
14 177 39
14 56 46
14 190 53
14 196 68
14 201 79
14 204 52
14 205 91
14 210 32
14 212 50
14 213 12
14 87 11
14 88 56
14 217 90
14 93 16
14 230 99
14 232 71
14 105 33
14 239 76
14 113 72
14 246 24
15 163 87
15 228 50
15 261 29
15 262 18
15 73 99
15 151 3
15 108 22
15 45 30
15 221 28
15 17 68
15 119 86
15 281 92
15 282 71
15 283 10
15 284 76
15 61 6
15 69 92
16 147 90
16 278 66
16 29 12
16 291 80
16 167 22
16 299 47
16 47 39
16 180 10
16 62 5
16 64 69
16 199 87
16 206 54
16 207 55
16 208 66
16 219 21
16 221 55
16 231 35
16 19 28
16 120 54
16 249 79
16 251 91
16 253 53
17 258 30
17 267 16
17 130 47
17 143 25
17 148 18
17 280 47
17 288 46
17 161 35
17 168 15
17 297 79
17 42 1
17 172 7
17 177 92
17 182 20
17 186 37
17 79 99
17 271 11
17 82 65
17 86 31
17 87 24
17 216 100
17 93 0
17 222 13
17 225 52
17 98 21
17 100 37
17 101 20
17 238 41
17 115 19
17 117 5
18 257 78
18 259 84
18 143 35
18 27 43
18 161 38
18 293 10
18 49 94
18 169 93
18 298 91
18 177 14
18 58 19
18 66 78
18 78 35
18 214 33
18 90 63
18 100 96
18 101 60
18 109 91
18 244 55
18 124 45
18 126 68
18 127 82
19 135 37
19 271 50
19 146 27
19 22 73
19 280 26
19 283 100
19 286 83
19 36 98
19 37 85
19 193 26
19 184 60
19 62 12
19 65 98
19 69 74
19 202 3
19 206 35
19 79 45
19 231 13
19 239 75
19 242 84
19 249 25
19 127 14
20 263 31
20 140 88
20 276 49
20 160 93
20 163 73
20 49 75
20 173 73
20 176 80
20 177 91
20 50 4
20 182 10
20 187 48
20 197 89
20 211 49
20 215 31
20 228 18
20 234 38
20 236 18
20 113 30
20 148 42
20 251 70
20 124 42
21 257 43
21 258 2
21 260 81
21 143 39
21 272 68
21 274 73
21 23 5
21 280 81
21 25 27
21 29 41
21 286 44
21 294 13
21 168 4
21 173 61
21 157 46
21 176 88
21 183 48
21 185 0
21 61 99
21 64 24
21 198 86
21 119 50
21 206 33
21 209 33
21 214 94
21 87 48
21 90 43
21 223 5
21 224 10
21 98 60
21 107 33
21 236 26
21 237 32
21 242 69
21 117 75
21 247 78
22 128 31
22 258 23
22 194 53
22 23 74
22 26 78
22 31 60
22 165 92
22 294 82
22 39 19
22 40 81
22 43 4
22 178 26
22 55 63
22 185 71
22 62 41
22 66 36
22 197 50
22 77 57
22 226 74
22 232 74
22 105 29
22 116 43
22 245 58
22 246 49
22 125 66
23 278 48
23 135 54
23 284 18
23 32 45
23 289 86
23 47 1
23 177 76
23 65 67
23 194 65
23 195 81
23 161 61
23 72 23
23 80 86
23 216 12
23 90 47
23 219 13
23 222 76
23 227 59
23 124 63
23 236 67
23 252 33
23 255 35
24 137 86
24 269 88
24 275 45
24 151 6
24 28 30
24 30 84
24 290 74
24 165 68
24 175 28
24 50 54
24 179 79
24 184 61
24 57 25
24 203 71
24 200 90
24 74 94
24 75 16
24 88 93
24 37 49
24 95 87
24 235 71
24 242 66
24 248 42
24 126 80
25 256 14
25 257 46
25 290 19
25 99 57
25 97 30
25 230 60
25 295 76
25 73 66
25 266 7
25 140 77
25 149 34
25 174 20
25 67 70
25 276 7
25 201 98
25 59 23
25 147 49
25 74 96
25 51 62
26 98 81
26 263 32
26 136 45
26 147 47
26 148 33
26 293 97
26 296 90
26 45 19
26 47 16
26 180 18
26 55 93
26 59 69
26 190 91
26 196 89
26 69 33
26 201 80
26 205 35
26 79 72
26 88 22
26 217 99
26 95 94
26 96 51
26 225 70
26 226 41
26 100 19
26 107 37
26 110 59
26 116 96
26 120 13
26 249 63
27 137 98
27 140 65
27 148 38
27 151 47
27 152 14
27 155 59
27 31 49
27 164 52
27 165 9
27 39 0
27 45 96
27 53 71
27 63 96
27 67 88
27 72 88
27 73 84
27 208 84
27 209 1
27 84 9
27 89 50
27 37 79
27 227 89
27 104 19
27 234 79
28 68 86
28 288 51
28 162 29
28 164 68
28 261 16
28 230 23
28 39 56
28 169 21
28 108 24
28 290 38
28 47 21
28 113 83
28 51 98
28 121 12
28 292 100
28 223 58
28 265 8
28 127 79
29 299 32
29 274 55
29 171 30
29 282 90
29 290 5
29 37 55
29 167 59
29 296 75
29 43 67
29 172 59
29 174 24
29 175 22
29 57 37
29 66 83
29 95 10
29 103 10
29 244 79
29 126 98
30 257 29
30 135 81
30 268 48
30 145 11
30 152 12
30 286 81
30 288 23
30 294 83
30 167 24
30 168 100
30 299 7
30 48 95
30 188 91
30 62 88
30 66 32
30 195 11
30 206 80
30 226 9
30 105 41
30 108 58
30 111 5
30 117 64
30 127 79
31 141 63
31 270 79
31 271 78
31 153 41
31 284 17
31 197 61
31 38 68
31 172 100
31 53 48
31 55 46
31 61 7
31 69 90
31 76 88
31 207 11
31 84 57
31 218 32
31 219 60
31 229 31
31 230 22
31 111 64
31 249 26
31 252 31
31 254 49
32 265 42
32 138 74
32 273 1
32 274 47
32 153 62
32 158 82
32 167 42
32 41 41
32 172 40
32 45 99
32 47 52
32 48 54
32 50 61
32 179 42
32 180 27
32 53 3
32 82 92
32 228 68
32 101 89
32 102 22
32 113 42
33 259 7
33 264 4
33 142 68
33 131 13
33 110 5
33 279 18
33 159 4
33 292 9
33 165 72
33 166 63
33 241 56
33 299 63
33 182 22
33 192 94
33 194 54
33 75 20
33 72 44
33 203 75
33 217 41
33 91 92
33 233 4
33 238 38
33 113 70
33 246 29
33 248 18
34 258 71
34 259 10
34 132 20
34 264 57
34 265 79
34 271 60
34 273 5
34 147 52
34 279 93
34 288 36
34 162 17
34 47 71
34 51 96
34 55 48
34 57 4
34 186 96
34 191 63
34 194 89
34 196 6
34 197 22
34 70 63
34 73 64
34 77 76
34 228 74
34 90 8
34 92 25
34 223 24
34 131 60
34 229 33
34 231 90
34 112 62
34 276 88
34 251 25
34 127 3
35 129 77
35 141 7
35 275 86
35 280 23
35 161 50
35 36 79
35 165 17
35 170 65
35 43 18
35 44 84
35 181 50
35 58 3
35 189 4
35 63 90
35 68 25
35 72 82
35 219 98
35 37 44
35 99 70
35 239 68
35 114 89
35 243 69
35 119 54
35 122 85
35 251 61
36 144 62
36 154 29
36 284 8
36 39 19
36 47 77
36 264 76
36 52 36
36 197 64
36 198 90
36 72 66
36 206 52
36 248 44
36 94 88
36 224 46
36 105 41
36 111 77
36 241 39
36 118 60
36 120 47
36 126 38
37 134 66
37 243 46
37 139 83
37 146 23
37 206 89
37 210 70
37 122 4
37 55 24
37 39 14
37 154 96
37 151 71
37 94 71
37 223 65
38 259 20
38 138 98
38 140 6
38 146 48
38 155 39
38 286 27
38 159 54
38 294 86
38 172 1
38 180 85
38 181 23
38 62 97
38 71 28
38 72 26
38 201 9
38 81 28
38 214 0
38 88 76
38 222 34
38 230 100
38 105 36
38 107 58
38 112 48
38 242 67
38 126 74
39 262 25
39 148 65
39 277 61
39 279 46
39 287 25
39 167 60
39 42 47
39 46 64
39 175 34
39 178 29
39 180 83
39 55 86
39 159 74
39 60 28
39 193 52
39 73 93
39 205 22
39 78 21
39 210 69
39 211 12
39 212 36
39 215 30
39 221 12
39 124 26
39 110 22
39 239 39
39 244 36
39 248 28
39 252 76
40 64 61
40 130 49
40 165 41
40 104 9
40 105 10
40 171 23
40 206 14
40 271 52
40 80 80
40 124 86
40 147 74
40 244 61
40 142 99
40 182 64
40 55 95
40 184 65
40 250 75
40 220 78
41 258 77
41 171 88
41 271 47
41 147 94
41 280 29
41 153 26
41 284 73
41 163 62
41 296 57
41 291 82
41 43 82
41 190 5
41 196 17
41 209 76
41 83 33
41 84 8
41 91 67
41 108 92
41 111 50
41 275 52
41 245 26
41 118 19
42 130 9
42 267 36
42 268 77
42 141 25
42 142 3
42 170 4
42 48 48
42 49 42
42 54 51
42 191 9
42 204 43
42 77 73
42 81 38
42 95 20
42 99 35
42 106 64
42 295 2
42 109 80
42 112 57
42 121 8
42 251 20
42 127 79
43 269 1
43 143 53
43 238 99
43 279 28
43 161 76
43 168 44
43 44 24
43 178 99
43 58 22
43 193 74
43 194 58
43 68 85
43 289 3
43 200 80
43 202 51
43 206 100
43 210 25
43 85 90
43 219 10
43 222 99
43 223 66
43 110 19
43 239 22
43 241 2
43 246 99
43 120 64
43 126 51
44 131 29
44 260 57
44 138 2
44 281 61
44 156 83
44 288 27
44 176 24
44 91 90
44 183 40
44 59 8
44 191 92
44 160 37
44 199 58
44 140 21
44 78 96
44 207 89
44 215 29
44 79 10
44 220 76
44 98 55
44 110 35
44 240 50
44 114 70
45 260 11
45 135 81
45 276 61
45 161 22
45 170 83
45 175 82
45 182 54
45 58 5
45 59 13
45 61 75
45 192 14
45 197 43
45 205 89
45 214 99
45 100 1
45 109 57
45 189 60
45 240 39
45 114 22
45 116 70
46 132 14
46 261 100
46 136 8
46 142 94
46 144 67
46 289 19
46 291 46
46 297 66
46 174 9
46 180 12
46 188 91
46 266 70
46 199 35
46 205 39
46 217 42
46 222 95
46 240 8
46 248 43
46 249 24
46 252 96
46 125 58
46 255 14
47 129 57
47 99 9
47 229 79
47 160 97
47 175 42
47 143 79
47 291 38
47 89 19
47 155 30
47 156 49
47 154 83
47 185 86
48 147 63
48 281 63
48 159 92
48 163 57
48 70 88
48 167 7
48 297 27
48 172 13
48 286 71
48 185 30
48 59 86
48 61 18
48 67 10
48 198 63
48 212 15
48 87 28
48 88 26
48 92 89
48 95 33
48 97 3
48 195 73
48 111 85
48 241 66
48 115 43
48 119 74
48 120 0
48 254 37
49 257 85
49 143 85
49 284 43
49 157 31
49 286 38
49 287 38
49 160 51
49 162 20
49 297 73
49 51 98
49 183 70
49 159 36
49 61 5
49 191 63
49 204 41
49 206 75
49 207 57
49 213 51
49 94 5
49 225 41
49 234 42
49 239 77
49 113 0
49 242 36
49 117 91
50 135 34
50 138 66
50 268 53
50 270 0
50 172 96
50 54 72
50 58 24
50 288 75
50 68 34
50 182 57
50 70 27
50 199 53
50 214 59
50 220 68
50 93 30
50 231 25
50 234 88
50 110 15
50 244 79
50 126 35
50 121 28
50 254 18
51 131 8
51 136 36
51 266 11
51 139 99
51 143 25
51 147 8
51 148 36
51 282 43
51 283 13
51 287 0
51 170 26
51 171 21
51 179 41
51 53 9
51 61 94
51 193 47
51 197 60
51 73 28
51 76 82
51 207 26
51 211 22
51 84 25
51 216 38
51 232 27
51 245 93
51 212 32
51 124 51
52 142 44
52 275 96
52 282 83
52 284 95
52 290 88
52 221 4
52 185 66
52 186 49
52 198 13
52 225 40
52 72 6
52 79 56
52 209 86
52 212 45
52 214 66
52 93 28
52 96 57
52 97 2
52 100 100
52 239 21
52 113 8
52 244 10
53 140 11
53 145 33
53 149 94
53 279 0
53 156 25
53 158 98
53 283 48
53 174 39
53 56 84
53 186 63
53 193 40
53 68 48
53 206 86
53 86 42
53 96 8
53 97 71
53 105 23
53 107 58
53 112 23
53 253 39
53 255 47
54 132 57
54 118 87
54 102 92
54 135 77
54 72 100
54 170 72
54 205 48
54 174 82
54 273 79
54 214 34
54 119 77
54 250 24
54 298 87
54 254 100
55 261 16
55 138 67
55 140 1
55 145 90
55 148 71
55 161 4
55 294 22
55 223 76
55 194 21
55 74 15
55 76 92
55 83 0
55 87 84
55 89 74
55 221 4
55 222 82
55 95 9
55 224 76
55 100 19
55 107 83
55 113 93
55 115 72
55 250 86
55 123 59
55 126 48
56 259 6
56 142 70
56 144 14
56 261 52
56 91 76
56 294 86
56 167 3
56 180 98
56 57 79
56 187 78
56 61 16
56 68 24
56 200 37
56 74 31
56 208 15
56 209 25
56 86 37
56 87 43
56 217 84
56 219 90
56 106 81
56 247 98
56 255 4
57 139 0
57 273 35
57 274 98
57 148 66
57 164 68
57 182 23
57 191 28
57 70 30
57 71 22
57 216 35
57 152 53
57 92 20
57 230 87
57 104 4
57 234 85
57 108 98
57 243 53
57 252 14
58 262 12
58 273 40
58 147 67
58 280 3
58 284 70
58 292 7
58 293 33
58 172 23
58 185 88
58 223 30
58 61 52
58 219 95
58 95 93
58 98 91
58 235 98
58 110 50
58 239 20
58 241 10
59 264 2
59 274 48
59 278 30
59 280 12
59 154 4
59 288 65
59 296 29
59 136 34
59 223 7
59 65 89
59 66 43
59 160 8
59 204 58
59 205 60
59 221 24
59 95 8
59 225 5
60 259 0
60 134 24
60 264 38
60 137 79
60 142 26
60 274 50
60 278 47
60 284 22
60 157 12
60 262 83
60 168 25
60 195 8
60 200 72
60 75 61
60 79 21
60 81 64
60 210 18
60 88 39
60 219 27
60 221 100
60 103 59
60 105 48
60 231 48
60 146 98
60 240 54
60 118 0
60 121 0
60 123 63
61 139 86
61 147 24
61 276 30
61 278 55
61 155 37
61 181 87
61 182 86
61 212 80
61 85 42
61 214 79
61 220 58
61 98 53
61 103 73
61 240 89
61 244 80
61 118 73
61 121 1
61 122 12
62 256 43
62 133 97
62 143 81
62 288 53
62 278 21
62 297 42
62 171 41
62 172 28
62 177 88
62 188 7
62 190 97
62 160 45
62 197 22
62 81 51
62 212 2
62 86 60
62 222 96
62 97 34
62 235 78
62 110 98
62 113 18
62 242 75
62 245 13
62 246 25
62 248 61
62 250 25
63 144 72
63 282 82
63 292 64
63 296 25
63 174 52
63 187 40
63 193 82
63 195 74
63 69 92
63 70 63
63 97 27
63 200 96
63 75 80
63 76 5
63 211 64
63 84 54
63 213 44
63 91 60
63 95 56
63 225 55
63 100 37
63 238 36
63 239 65
64 263 88
64 107 47
64 136 12
64 164 31
64 135 59
64 204 19
64 167 74
64 237 65
64 241 39
64 179 75
64 148 26
64 213 72
64 268 98
64 201 70
64 90 67
64 181 84
65 132 71
65 265 68
65 267 28
65 283 65
65 288 40
65 162 8
65 166 26
65 295 39
65 168 25
65 176 15
65 178 99
65 137 44
65 83 37
65 212 63
65 229 20
65 118 12
65 248 89
65 249 41
65 122 18
65 255 39
66 260 48
66 137 58
66 271 12
66 273 49
66 148 99
66 151 25
66 153 51
66 168 28
66 72 73
66 286 18
66 184 62
66 195 21
66 200 42
66 210 14
66 217 3
66 225 59
66 231 86
66 234 23
66 251 23
67 129 1
67 235 47
67 135 52
67 264 54
67 265 78
67 268 71
67 141 14
67 142 92
67 143 97
67 276 16
67 151 34
67 171 40
67 172 99
67 173 10
67 179 2
67 180 37
67 185 68
67 194 31
67 68 89
67 69 47
67 227 31
67 232 83
67 107 46
67 112 54
67 244 37
67 120 16
67 250 33
67 252 31
67 125 11
68 273 70
68 276 46
68 158 6
68 162 94
68 172 0
68 196 7
68 210 17
68 92 63
68 95 18
68 98 85
68 234 77
68 108 100
68 115 63
68 245 93
68 246 30
68 249 11
69 257 27
69 288 31
69 289 62
69 293 44
69 181 96
69 196 32
69 197 32
69 80 81
69 218 71
69 219 14
69 92 25
69 97 49
69 105 84
69 236 6
69 116 39
69 118 56
69 252 8
70 133 75
70 263 5
70 265 32
70 269 29
70 146 20
70 148 66
70 282 45
70 284 60
70 160 44
70 170 59
70 187 71
70 194 8
70 204 83
70 78 52
70 208 81
70 86 25
70 87 98
70 95 74
70 96 15
70 228 88
70 231 34
70 191 99
70 239 92
70 116 53
70 123 4
70 124 78
70 127 9
71 130 35
71 107 56
71 264 31
71 137 68
71 139 12
71 272 46
71 278 66
71 155 64
71 286 49
71 290 11
71 167 24
71 297 4
71 158 29
71 188 81
71 190 6
71 192 13
71 267 90
71 203 80
71 78 1
71 85 90
71 90 100
71 98 86
71 233 34
71 235 90
71 116 14
71 245 98
72 135 74
72 277 69
72 278 24
72 286 91
72 241 64
72 296 97
72 174 31
72 158 25
72 163 25
72 84 30
72 92 99
72 93 94
72 98 31
72 100 10
72 294 49
72 107 30
72 113 100
72 119 11
72 248 42
73 128 26
73 270 2
73 143 9
73 145 74
73 274 95
73 280 81
73 262 76
73 299 55
73 179 45
73 191 29
73 75 33
73 208 64
73 85 59
73 214 67
73 223 96
73 100 82
73 104 94
73 233 13
73 118 43
73 125 41
74 98 73
74 200 83
74 258 2
74 206 87
74 209 35
74 114 71
74 118 97
74 119 97
74 281 45
74 136 68
74 284 67
74 285 11
75 131 2
75 132 17
75 81 56
75 137 37
75 266 44
75 283 81
75 158 6
75 287 95
75 168 91
75 297 1
75 176 33
75 181 0
75 76 64
75 209 5
75 211 30
75 212 31
75 214 82
75 87 22
75 89 96
75 222 22
75 225 64
75 99 22
75 101 9
75 103 46
75 110 34
75 240 72
75 242 45
75 249 58
76 97 24
76 290 1
76 182 37
76 200 48
76 138 18
76 141 46
76 174 47
76 241 23
76 90 39
76 122 78
76 118 93
76 197 27
76 186 59
76 252 68
76 282 26
77 279 72
77 154 84
77 285 96
77 160 60
77 289 70
77 171 85
77 176 35
77 185 25
77 188 26
77 79 25
77 84 83
77 223 78
77 224 9
77 107 29
77 113 4
77 242 90
77 246 88
77 125 20
78 256 28
78 264 42
78 140 23
78 143 69
78 281 40
78 290 50
78 163 68
78 198 14
78 170 53
78 185 52
78 187 26
78 193 57
78 194 47
78 241 98
78 79 39
78 209 33
78 213 36
78 214 86
78 219 45
78 106 96
78 108 28
78 240 78
78 113 94
78 115 14
78 251 10
78 252 74
78 127 20
79 257 25
79 135 39
79 272 42
79 146 93
79 150 6
79 279 12
79 283 51
79 160 20
79 263 49
79 190 26
79 193 0
79 198 17
79 203 86
79 82 23
79 87 0
79 216 97
79 217 77
79 97 83
79 231 43
79 106 75
79 239 92
79 113 17
79 242 75
79 243 13
79 246 0
80 260 71
80 133 58
80 262 89
80 142 32
80 144 21
80 150 7
80 288 10
80 161 91
80 299 55
80 172 48
80 203 32
80 206 41
80 207 87
80 83 17
80 222 44
80 96 37
80 97 58
80 236 99
80 239 1
80 168 85
80 119 95
80 123 63
81 257 17
81 140 4
81 218 22
81 286 66
81 288 4
81 168 85
81 169 30
81 190 80
81 192 8
81 196 48
81 198 54
81 207 59
81 90 68
81 232 18
81 107 94
81 113 17
81 125 27
82 257 47
82 260 6
82 155 46
82 162 4
82 166 12
82 178 71
82 181 15
82 186 48
82 194 100
82 195 26
82 200 33
82 86 81
82 91 28
82 98 53
82 229 46
82 117 75
82 118 74
82 123 31
82 124 5
82 125 30
82 254 24
83 96 26
83 131 87
83 101 41
83 134 41
83 113 13
83 201 20
83 119 36
83 265 39
83 125 92
83 88 32
83 259 65
83 267 18
83 249 3
83 156 10
83 102 69
83 222 29
83 127 50
84 261 38
84 275 13
84 148 35
84 286 53
84 288 23
84 290 16
84 168 24
84 298 8
84 175 23
84 176 80
84 181 53
84 197 59
84 201 49
84 205 2
84 212 23
84 213 7
84 226 63
84 241 4
84 120 97
85 263 82
85 137 71
85 266 93
85 267 11
85 268 10
85 141 58
85 272 25
85 147 22
85 150 51
85 152 97
85 284 76
85 159 69
85 164 48
85 168 78
85 297 32
85 173 34
85 200 12
85 209 98
85 92 25
85 110 28
85 169 40
85 252 2
85 126 53
85 127 94
86 256 38
86 257 89
86 259 39
86 270 9
86 273 35
86 276 55
86 152 35
86 159 10
86 291 58
86 293 36
86 220 14
86 173 11
86 188 39
86 205 78
86 217 10
86 92 11
86 222 58
86 104 50
86 106 12
86 237 49
86 111 78
86 120 43
86 125 67
87 266 7
87 269 5
87 272 99
87 276 72
87 287 51
87 164 55
87 167 39
87 179 52
87 181 91
87 200 16
87 208 17
87 207 20
87 222 54
87 95 77
87 230 23
87 233 93
87 112 88
87 113 80
87 242 63
87 117 12
87 120 55
87 123 80
87 126 35
87 127 60
88 136 23
88 273 63
88 160 2
88 165 88
88 183 13
88 186 93
88 187 8
88 192 11
88 194 26
88 208 68
88 217 73
88 218 84
88 166 96
88 231 20
88 107 35
88 241 2
88 117 3
88 127 68
88 124 24
88 255 87
89 268 28
89 270 39
89 279 27
89 283 23
89 158 8
89 159 36
89 291 55
89 169 17
89 184 54
89 190 91
89 194 76
89 213 12
89 216 93
89 222 54
89 102 97
89 231 64
89 237 74
89 126 68
90 259 62
90 279 71
90 140 86
90 269 22
90 160 28
90 165 69
90 169 51
90 274 27
90 178 91
90 184 82
90 200 13
90 213 66
90 227 39
90 100 21
90 104 0
90 237 70
90 117 38
90 252 97
91 259 73
91 133 32
91 262 66
91 271 49
91 278 66
91 279 26
91 290 55
91 169 35
91 171 44
91 247 96
91 101 69
91 105 75
91 107 52
91 243 85
91 119 84
91 248 88
92 139 87
92 142 9
92 273 55
92 148 31
92 277 2
92 151 10
92 283 22
92 156 55
92 159 76
92 296 81
92 221 98
92 96 90
92 104 53
92 114 14
93 133 67
93 134 41
93 139 97
93 149 98
93 163 71
93 295 56
93 296 4
93 173 74
93 175 37
93 184 28
93 212 9
93 218 78
93 230 64
93 241 88
93 117 8
93 121 44
93 125 19
94 257 70
94 164 7
94 102 76
94 241 23
94 136 67
94 225 59
94 237 7
94 206 63
94 112 46
94 276 70
94 213 95
94 186 63
94 223 76
94 220 41
94 255 91
95 134 21
95 135 56
95 270 43
95 146 97
95 150 60
95 156 62
95 160 26
95 289 93
95 292 27
95 178 69
95 183 100
95 185 87
95 204 36
95 213 67
95 221 100
95 229 46
95 96 11
95 101 26
95 119 47
95 254 41
95 255 21
96 259 80
96 267 62
96 140 69
96 131 64
96 149 71
96 161 1
96 177 81
96 180 61
96 192 52
96 201 73
96 206 42
96 212 14
96 230 35
96 231 8
96 237 13
96 244 64
96 122 13
96 123 57
97 262 58
97 268 48
97 147 27
97 286 58
97 291 29
97 164 34
97 293 12
97 177 83
97 191 78
97 213 30
97 214 34
97 107 71
97 108 10
98 265 42
98 140 7
98 270 31
98 143 70
98 282 13
98 158 63
98 293 61
98 174 51
98 176 83
98 191 5
98 207 98
99 256 100
99 257 75
99 270 15
99 274 8
99 147 66
99 282 77
99 283 70
99 286 40
99 287 94
99 289 50
99 155 19
99 297 73
99 178 2
99 213 43
99 227 79
99 233 1
99 241 6
99 248 44
99 251 18
100 129 65
100 268 91
100 141 84
100 271 69
100 146 39
100 277 42
100 150 70
100 132 81
100 158 59
100 288 19
100 184 37
100 199 99
100 201 4
100 203 67
100 210 32
100 214 51
100 223 33
100 226 64
100 254 39
100 127 97
101 269 30
101 284 9
101 289 84
101 164 65
101 262 76
101 175 93
101 204 11
101 208 51
101 213 24
101 227 76
101 232 82
101 234 86
101 109 18
101 112 76
101 104 80
101 249 29
101 251 32
101 124 78
101 127 88
102 272 4
102 132 3
102 247 14
102 207 21
102 144 60
102 124 68
102 156 89
102 243 3
102 119 96
102 153 62
102 260 63
102 251 64
102 220 1
102 254 69
103 163 97
103 134 51
103 297 42
103 266 18
103 107 71
103 268 43
103 206 59
103 240 97
103 245 62
103 243 7
103 149 89
103 183 89
103 281 54
103 195 64
104 273 20
104 150 74
104 284 10
104 290 28
104 181 21
104 188 59
104 203 24
104 232 30
104 105 28
104 106 77
104 120 87
105 133 21
105 262 12
105 144 41
105 154 18
105 155 40
105 292 72
105 165 52
105 197 19
105 201 10
105 206 79
105 207 3
105 209 86
105 215 18
105 231 98
105 113 6
105 242 49
105 116 81
105 245 64
105 246 67
105 254 27
106 258 5
106 264 14
106 269 99
106 270 21
106 272 97
106 153 50
106 154 49
106 155 6
106 158 21
106 289 31
106 290 56
106 176 7
106 197 85
106 213 75
106 214 7
106 223 15
106 224 34
106 248 43
106 249 50
106 123 72
106 252 9
107 282 75
107 260 37
107 146 88
107 154 36
107 161 91
107 135 23
107 176 5
107 189 89
107 196 49
107 218 56
107 234 50
107 239 85
107 240 54
107 115 24
107 252 4
107 253 71
108 166 34
108 232 52
108 203 80
108 110 24
108 145 2
108 227 16
108 214 85
108 217 87
108 287 44
108 211 49
109 256 59
109 257 41
109 260 85
109 136 27
109 139 16
109 141 72
109 173 44
109 153 64
109 283 68
109 156 98
109 160 8
109 292 70
109 296 60
109 170 3
109 288 14
109 215 8
109 146 7
109 246 77
109 119 89
109 254 25
109 255 3
110 137 68
110 268 88
110 281 80
110 153 57
110 290 66
110 168 86
110 170 77
110 189 85
110 200 9
110 204 33
110 206 65
110 209 56
110 210 64
110 212 35
110 222 28
110 235 60
110 115 77
110 120 5
110 252 42
111 132 22
111 264 56
111 137 46
111 266 15
111 274 47
111 150 96
111 281 0
111 282 33
111 154 55
111 161 2
111 293 62
111 167 78
111 296 86
111 298 82
111 201 66
111 203 76
111 204 9
111 207 58
111 212 43
111 232 21
111 120 96
111 122 7
111 125 75
111 127 88
112 215 4
112 268 58
112 147 100
112 149 3
112 289 29
112 292 6
112 293 22
112 168 23
112 298 56
112 185 33
112 189 49
112 213 17
112 223 76
112 225 74
112 115 98
112 118 8
112 122 40
112 252 42
112 254 45
113 259 1
113 133 17
113 149 12
113 151 69
113 292 82
113 165 80
113 180 40
113 217 29
113 218 89
113 232 33
113 236 19
113 190 49
113 246 31
113 276 42
114 260 86
114 137 18
114 146 45
114 276 27
114 151 2
114 280 99
114 286 94
114 167 86
114 173 56
114 176 84
114 182 56
114 191 23
114 200 24
114 208 52
114 225 62
114 235 6
114 236 15
114 241 70
114 246 66
114 125 14
115 131 43
115 134 39
115 274 6
115 275 35
115 160 86
115 163 7
115 166 62
115 167 42
115 172 27
115 180 98
115 188 34
115 203 12
115 207 27
115 234 53
115 236 20
115 116 46
115 117 97
116 131 20
116 141 56
116 142 69
116 271 97
116 273 75
116 149 46
116 156 42
116 285 72
116 158 15
116 160 85
116 289 100
116 296 76
116 298 71
116 185 91
116 203 10
116 204 13
116 224 11
116 229 78
116 248 14
116 251 12
116 255 15
117 256 93
117 133 32
117 265 36
117 141 100
117 142 17
117 278 95
117 283 69
117 158 57
117 174 92
117 177 69
117 204 8
117 217 25
117 222 28
117 236 10
117 244 31
117 136 62
117 124 57
118 136 70
118 138 68
118 274 41
118 281 86
118 156 13
118 160 30
118 161 31
118 291 36
118 296 34
118 169 39
118 170 81
118 206 72
118 228 100
118 120 76
119 256 9
119 131 62
119 265 29
119 142 64
119 273 62
119 275 52
119 281 75
119 157 23
119 186 14
119 223 58
119 190 85
119 200 78
119 209 55
119 233 34
119 124 12
120 133 16
120 150 76
120 287 5
120 294 76
120 176 20
120 179 95
120 185 84
120 190 38
120 191 31
120 200 11
120 217 2
120 218 67
120 220 48
120 230 67
120 234 28
120 232 48
120 127 41
121 150 30
121 153 68
121 158 81
121 299 28
121 182 77
121 186 34
121 203 1
121 205 34
121 210 51
121 215 45
121 227 66
121 242 48
121 248 36
121 122 63
121 124 34
121 255 27
122 256 79
122 193 52
122 284 40
122 158 37
122 161 39
122 162 53
122 295 35
122 180 35
122 197 3
122 200 36
122 211 25
122 212 40
122 228 17
122 234 4
122 236 4
122 241 15
122 125 60
123 136 27
123 139 54
123 275 45
123 279 81
123 280 53
123 286 14
123 295 14
123 224 97
123 203 26
123 209 72
123 218 20
123 220 2
123 236 72
124 131 41
124 133 16
124 263 89
124 264 42
124 140 99
124 271 6
124 273 36
124 275 48
124 277 48
124 288 88
124 163 32
124 164 94
124 293 49
124 173 49
124 187 69
124 192 8
124 195 25
124 247 46
124 292 65
124 228 98
124 236 42
124 147 73
125 147 97
125 284 21
125 287 52
125 295 89
125 168 42
125 297 63
125 182 27
125 185 51
125 189 48
125 191 85
125 192 15
125 227 67
125 234 91
125 235 15
125 245 71
125 252 32
125 254 85
126 263 3
126 264 52
126 265 40
126 138 57
126 150 25
126 158 74
126 291 43
126 167 11
126 176 2
126 181 53
126 194 84
126 205 23
126 214 62
127 256 25
127 128 63
127 264 27
127 266 40
127 151 97
127 282 2
127 292 41
127 176 30
127 187 64
127 193 21
127 207 7
127 164 50
127 227 77
127 234 68
127 249 60
128 257 19
128 130 32
128 196 95
128 165 49
128 136 22
128 234 89
128 167 6
128 238 44
128 273 39
128 276 65
128 217 80
128 218 100
129 290 43
129 230 53
129 232 7
129 239 22
129 240 65
129 180 75
129 242 23
129 251 33
129 149 36
129 185 22
129 218 69
129 154 71
129 158 44
130 259 15
130 139 23
130 174 51
130 177 51
130 211 6
130 281 39
130 248 1
130 153 66
130 155 61
130 135 89
130 157 42
130 254 95
131 259 46
131 261 71
131 264 47
131 138 77
131 272 45
131 147 14
131 153 59
131 283 40
131 183 59
131 193 61
131 198 49
131 210 88
131 211 58
131 213 39
131 219 10
131 229 22
131 253 70
132 292 77
132 294 26
132 231 62
132 263 34
132 212 47
132 281 37
132 250 34
132 143 29
133 139 57
133 140 97
133 145 87
133 283 50
133 156 57
133 161 14
133 170 3
133 197 50
133 214 38
133 223 89
133 229 57
133 238 35
133 249 3
134 258 7
134 269 87
134 272 36
134 275 63
134 281 61
134 154 29
134 289 15
134 221 14
134 191 77
134 216 76
134 231 43
134 236 70
134 253 97
134 255 8
135 260 5
135 195 45
135 282 2
135 160 18
135 298 62
135 175 8
135 200 9
135 203 26
135 209 25
135 211 97
135 216 53
135 219 82
135 220 71
135 227 31
135 228 63
135 230 61
135 247 75
135 250 92
135 254 88
136 256 10
136 259 100
136 264 62
136 145 48
136 279 15
136 280 52
136 282 3
136 159 95
136 163 35
136 169 76
136 299 94
136 188 91
136 189 43
136 194 65
136 198 95
136 203 52
136 214 77
136 224 71
136 230 34
136 273 29
137 257 0
137 258 75
137 268 51
137 276 87
137 277 32
137 159 66
137 162 8
137 294 99
137 296 99
137 190 71
137 191 68
137 197 41
137 215 71
137 228 15
137 235 52
137 237 74
137 241 15
138 266 63
138 273 3
138 274 37
138 259 93
138 279 63
138 152 10
138 156 23
138 285 60
138 158 44
138 299 71
138 174 19
138 179 12
138 182 52
138 197 54
138 202 74
138 209 19
139 259 26
139 273 76
139 274 47
139 155 41
139 156 51
139 294 35
139 167 13
139 168 41
139 171 81
139 180 96
139 183 71
139 209 28
139 210 67
139 232 44
139 246 55
140 257 41
140 271 40
140 279 57
140 160 35
140 167 73
140 170 57
140 178 8
140 192 49
140 195 2
140 201 68
140 224 19
140 227 40
140 245 21
141 260 63
141 273 31
141 275 97
141 276 65
141 155 68
141 296 13
141 169 79
141 172 92
141 182 8
141 192 11
141 205 8
141 209 60
141 227 15
141 233 33
141 234 13
141 249 28
142 278 86
142 152 32
142 283 11
142 158 34
142 290 93
142 295 71
142 244 63
142 189 78
142 192 96
142 196 19
142 201 40
142 210 91
142 212 26
142 231 29
143 256 82
143 270 34
143 150 25
143 285 5
143 162 1
143 177 4
143 201 47
143 188 85
143 190 74
143 219 92
143 220 73
143 225 91
143 227 9
143 230 46
143 242 17
143 253 71
144 291 21
144 298 6
144 199 88
144 272 52
144 179 53
144 215 37
144 154 69
144 155 7
144 222 21
145 267 24
145 271 65
145 272 94
145 146 74
145 278 45
145 150 35
145 282 77
145 161 52
145 162 80
145 164 20
145 286 82
145 190 89
145 200 97
145 216 88
145 221 1
145 274 62
145 245 51
145 252 84
145 253 64
146 235 49
146 265 83
146 275 69
146 207 60
146 214 21
146 219 64
146 220 33
146 249 98
147 271 15
147 276 9
147 159 66
147 161 37
147 165 89
147 173 55
147 188 37
147 196 28
147 216 29
147 235 62
148 266 77
148 275 2
148 280 45
148 281 45
148 166 42
148 168 40
148 171 3
148 191 4
148 221 10
148 226 90
149 272 49
149 232 98
149 266 71
149 151 28
149 189 30
149 211 41
149 183 84
149 152 81
149 239 43
149 156 86
149 213 9
150 256 62
150 295 59
150 167 73
150 205 49
150 206 93
150 180 17
150 186 77
151 268 84
151 271 85
151 275 75
151 277 34
151 159 93
151 290 28
151 155 55
151 292 4
151 169 34
151 175 87
151 184 44
151 188 1
151 211 13
151 217 82
151 221 17
151 232 27
151 241 76
151 247 7
152 260 43
152 273 96
152 281 7
152 155 62
152 285 34
152 287 22
152 294 11
152 180 77
152 181 57
152 283 22
152 185 38
152 188 45
152 191 10
152 208 25
152 212 73
152 228 91
153 258 100
153 263 55
153 273 44
153 274 2
153 276 47
153 277 53
153 158 44
153 291 81
153 171 98
153 197 8
153 209 70
153 163 65
153 243 43
153 245 91
153 254 89
154 266 96
154 275 100
154 277 65
154 161 32
154 164 46
154 296 85
154 190 25
154 191 100
154 197 75
154 201 91
154 202 56
154 230 100
154 237 70
154 238 58
154 244 6
154 249 47
154 251 73
155 271 89
155 273 31
155 284 38
155 248 71
156 269 10
156 160 84
156 175 94
156 182 89
156 186 17
156 197 25
156 202 93
156 222 24
156 231 87
156 235 88
157 198 56
157 262 22
157 296 91
157 220 98
157 177 34
157 187 54
157 285 18
158 164 100
158 177 93
158 197 45
158 212 44
158 220 34
158 227 52
158 236 44
158 243 38
159 266 28
159 276 100
159 281 35
159 282 20
159 164 17
159 170 11
159 197 24
159 227 97
159 241 15
159 248 40
160 264 90
160 274 72
160 278 21
160 279 61
160 281 77
160 286 29
160 289 21
160 198 68
160 169 75
160 184 77
160 185 65
160 233 74
160 241 58
161 259 92
161 170 66
161 175 31
161 197 11
161 198 42
161 212 41
161 225 40
161 231 6
161 239 26
162 265 71
162 269 29
162 166 52
162 295 21
162 298 22
162 172 18
162 173 1
162 176 38
162 181 11
162 190 11
162 177 90
162 214 18
162 219 13
162 220 39
162 236 79
162 210 27
162 170 8
162 254 2
163 262 11
163 265 22
163 291 83
163 171 24
163 172 79
163 223 72
163 244 92
163 246 60
164 278 78
164 165 55
164 294 46
164 295 94
164 169 52
164 175 100
164 177 46
164 184 95
164 186 5
164 190 71
164 193 19
164 207 49
164 222 76
164 224 82
164 241 20
164 249 19
164 250 60
164 251 97
165 263 41
165 266 62
165 289 80
165 292 46
165 167 83
165 177 3
165 200 81
165 219 73
165 234 79
165 238 100
165 243 20
165 251 42
166 286 99
166 298 75
166 173 27
166 186 99
166 266 49
166 203 98
166 221 84
166 226 84
166 236 18
166 210 90
166 239 28
166 254 87
167 192 6
167 264 100
167 272 40
167 291 15
167 183 27
167 189 22
167 196 96
167 198 37
167 215 1
167 216 11
167 220 64
167 230 37
167 295 30
167 236 46
167 248 67
167 254 76
168 288 52
168 169 16
168 212 61
168 227 12
168 233 68
168 250 89
169 269 52
169 271 73
169 281 31
169 286 76
169 183 63
169 190 82
169 202 37
169 221 45
169 224 51
169 227 13
169 244 58
169 255 92
170 263 30
170 238 20
170 282 95
170 175 100
170 181 97
170 188 19
170 193 3
170 195 86
170 215 69
170 224 60
170 225 68
170 227 84
170 231 13
170 255 19
171 263 95
171 271 10
171 293 8
171 180 8
171 181 30
171 207 34
171 276 17
171 249 97
171 252 92
172 267 26
172 260 18
172 288 15
172 185 20
172 197 68
172 203 20
172 206 9
172 269 26
172 220 34
172 221 62
172 234 45
172 239 19
173 269 36
173 272 16
173 288 28
173 178 4
173 194 52
173 203 67
173 204 47
173 255 85
173 213 45
174 260 29
174 258 2
174 273 15
174 179 8
174 245 4
174 199 81
174 200 61
174 204 52
174 234 34
174 235 14
174 243 36
175 279 55
175 195 84
175 245 8
175 266 81
175 261 51
176 264 95
176 277 14
176 296 15
176 202 1
176 210 83
176 212 61
176 225 98
176 233 96
176 234 61
176 253 39
176 247 81
177 257 86
177 264 56
177 277 72
177 283 95
177 293 69
177 299 2
177 197 40
177 201 26
177 270 24
177 222 68
177 229 15
177 230 29
177 249 26
177 253 66
178 256 50
178 259 91
178 261 31
178 269 22
178 273 98
178 180 27
178 189 50
178 207 43
178 210 53
178 221 19
178 225 57
178 247 37
179 289 41
179 298 76
179 269 84
179 277 46
179 214 84
179 283 95
179 220 50
179 286 92
180 264 21
180 291 36
180 190 89
180 197 39
180 208 61
180 210 92
180 223 96
180 231 91
180 238 5
180 244 4
180 245 15
181 299 81
181 262 69
181 267 81
181 268 86
181 291 96
181 292 27
181 213 60
181 223 67
181 224 42
181 236 97
181 237 33
181 251 4
181 253 78
182 263 77
182 264 94
182 279 6
182 292 66
182 185 57
182 209 49
182 210 24
182 213 33
182 224 20
182 232 10
182 235 39
182 238 62
182 241 48
183 260 12
183 262 21
183 265 91
183 206 11
183 241 25
183 276 50
183 233 72
183 267 7
183 283 22
184 263 21
184 268 100
184 271 38
184 280 66
184 281 82
184 284 90
184 199 68
184 216 29
184 221 16
184 226 100
184 235 18
185 256 11
185 258 47
185 285 56
185 299 71
185 205 26
185 208 85
185 238 21
185 247 43
185 252 86
186 269 66
186 289 18
186 292 11
186 298 19
186 195 17
186 208 29
186 222 89
186 224 79
186 240 94
187 256 48
187 257 64
187 262 47
187 271 62
187 275 11
187 277 12
187 279 62
187 293 58
187 285 43
187 189 4
187 193 36
187 202 70
187 219 29
187 220 65
187 224 44
187 235 20
187 240 25
187 245 75
188 270 32
188 272 50
188 277 98
188 284 66
188 232 66
188 195 31
188 202 60
188 241 94
188 247 1
189 259 54
189 265 53
189 276 51
189 296 53
189 193 98
189 201 78
189 203 62
189 209 99
189 218 32
189 221 40
189 234 81
189 245 48
190 289 95
190 299 4
190 202 25
190 203 89
190 213 76
190 214 35
190 220 38
190 292 97
190 230 10
191 260 63
191 272 90
191 265 38
191 213 46
191 215 26
191 217 53
191 219 91
191 224 68
191 234 13
191 237 18
191 238 99
191 249 3
192 194 82
192 296 72
192 221 96
192 213 34
192 214 23
192 251 43
192 284 70
193 276 51
193 279 70
193 284 97
193 196 82
193 206 91
193 208 39
193 224 13
193 228 15
193 229 97
193 236 42
193 248 50
193 253 94
194 261 72
194 264 28
194 266 11
194 280 54
194 286 6
194 222 90
194 246 62
194 247 20
194 251 83
195 259 73
195 276 39
195 278 16
195 282 52
195 284 52
195 288 70
195 291 17
195 294 17
195 296 28
195 263 100
195 209 95
195 221 83
195 235 82
196 288 51
196 209 6
196 219 40
196 223 85
196 225 83
196 239 82
196 245 44
196 251 70
197 270 71
197 272 11
197 279 69
197 283 73
197 293 61
197 298 96
197 199 58
197 290 28
197 214 88
197 215 70
197 292 81
197 227 3
197 232 5
197 242 19
197 243 87
197 234 12
198 271 43
198 281 69
198 295 8
198 299 92
198 226 23
198 232 58
198 236 49
198 237 64
198 240 45
198 243 4
198 247 67
198 254 95
199 260 11
199 261 90
199 264 25
199 269 86
199 282 55
199 284 88
199 294 94
199 227 37
199 236 93
199 246 53
199 248 93
199 250 1
200 259 20
200 218 71
200 208 1
200 229 54
200 232 49
200 238 46
200 249 66
200 252 55
201 260 4
201 267 23
201 290 31
201 268 44
201 202 21
201 215 52
201 235 100
201 236 80
201 243 25
201 253 11
202 290 57
202 230 32
202 206 44
202 208 23
202 215 3
202 228 69
202 282 58
202 286 44
203 266 56
203 281 62
203 287 32
203 290 49
203 212 20
203 217 79
203 207 38
203 240 91
203 245 33
204 267 47
204 271 100
204 276 48
204 246 79
204 215 54
204 253 64
205 287 66
205 292 99
205 207 8
205 216 1
205 222 94
205 225 26
205 226 87
205 239 37
205 243 26
206 264 19
206 265 42
206 297 4
206 224 72
206 222 87
206 213 64
206 216 98
206 227 19
206 234 55
207 259 100
207 284 15
207 286 88
207 294 80
207 240 47
207 233 24
208 265 7
208 280 33
208 286 20
208 227 45
208 229 0
208 233 7
208 234 29
208 236 98
208 240 36
209 262 71
209 289 0
209 290 47
209 291 40
209 218 79
209 220 0
209 228 17
209 235 46
209 255 11
210 257 56
210 277 29
210 282 34
210 284 42
210 217 71
210 222 70
210 293 2
210 224 29
210 225 23
210 250 44
211 280 79
211 288 95
211 293 58
211 216 16
211 231 100
211 235 93
211 242 92
211 244 44
211 245 85
212 256 60
212 267 61
212 278 91
212 287 3
212 292 3
212 233 32
212 295 44
212 252 33
213 263 65
213 273 66
213 286 25
213 293 91
213 296 88
213 298 32
213 257 82
213 223 32
213 214 43
213 231 69
214 283 44
214 289 63
214 293 24
214 223 96
214 243 71
215 258 17
215 285 89
215 293 71
215 294 67
215 296 8
215 299 52
215 222 78
215 234 55
215 241 36
216 259 65
216 261 99
216 269 93
216 289 93
216 290 34
216 218 21
216 229 69
216 244 44
216 250 19
216 253 7
217 261 67
217 262 92
217 264 62
217 283 74
217 224 2
217 228 48
217 234 88
218 256 44
218 281 40
218 288 95
218 266 53
218 223 0
218 228 10
218 241 16
218 254 34
219 268 30
219 273 6
219 276 91
219 277 99
219 282 52
219 291 42
219 295 43
219 220 56
219 235 40
219 237 89
219 246 62
220 279 98
220 294 24
220 297 54
220 265 84
220 248 45
220 223 13
220 231 19
220 295 21
220 274 36
220 246 100
220 247 10
220 249 9
220 250 78
221 258 43
221 262 15
221 270 65
221 289 34
221 227 32
221 228 78
221 231 97
221 239 18
222 267 53
222 292 37
222 230 88
222 232 86
222 239 71
222 253 16
223 298 32
223 230 4
223 235 10
223 244 7
224 256 82
224 259 10
224 279 78
224 278 35
224 281 73
224 283 4
224 296 49
224 240 37
225 268 7
225 275 35
225 277 81
225 281 25
225 295 88
225 296 97
225 247 38
226 257 53
226 298 22
226 276 68
227 265 65
227 269 82
227 285 19
227 290 39
227 293 87
227 295 43
227 228 74
227 237 70
227 244 31
227 245 4
227 248 44
227 253 34
228 256 3
228 257 36
228 260 64
228 271 28
228 284 0
228 288 81
228 245 11
228 255 5
229 235 43
229 271 74
229 277 92
229 252 14
230 265 50
230 266 87
230 273 49
230 234 71
230 248 0
230 254 14
231 257 45
231 265 8
231 266 80
231 274 55
231 277 17
231 279 24
231 288 67
231 238 25
231 298 67
232 266 87
232 269 67
232 275 59
232 279 35
232 292 61
232 297 11
232 270 55
232 254 34
233 290 17
233 251 39
233 238 77
233 265 59
233 286 72
234 268 93
234 236 91
234 249 97
235 278 47
235 279 3
235 293 50
235 249 42
236 267 43
236 284 58
236 287 5
236 299 63
236 276 97
237 264 80
237 271 30
237 282 13
237 289 27
237 293 39
237 298 57
237 239 26
237 251 88
237 252 54
238 262 97
238 268 78
238 252 20
238 254 87
239 256 8
239 272 65
239 280 29
239 246 57
240 261 95
240 298 53
241 284 22
241 293 31
242 260 53
242 266 30
242 268 71
242 292 67
242 297 16
242 245 19
242 255 68
243 291 58
243 255 19
243 245 65
243 297 75
244 285 89
244 292 1
244 250 78
244 255 5
245 263 59
245 273 49
246 273 85
246 275 49
246 282 44
246 297 41
247 259 62
247 261 13
247 265 47
247 268 96
247 270 65
247 277 92
247 281 76
247 284 5
247 288 99
247 298 23
247 299 3
248 257 58
248 260 8
248 270 91
248 291 13
248 298 53
248 251 14
248 254 33
248 255 36
249 269 27
249 281 31
249 292 4
249 251 50
250 290 2
250 271 32
251 259 5
251 292 29
251 252 75
252 258 14
252 299 43
252 260 5
253 260 65
253 273 61
253 274 91
253 275 53
253 280 35
253 295 90
253 297 0
253 265 30
253 254 9
253 255 78
254 256 82
254 257 91
254 259 39
254 264 14
254 273 83
254 274 24
255 273 67
255 292 24
256 263 55
256 282 56
256 289 11
257 272 87
257 288 27
257 292 67
258 274 0
258 282 1
258 287 36
258 291 68
258 295 7
258 299 95
258 265 22
259 274 41
259 284 37
259 287 82
259 293 81
259 290 17
260 265 87
260 272 25
260 290 99
260 297 45
261 297 72
261 268 13
261 265 37
262 276 34
262 285 17
262 293 41
263 269 33
263 270 38
263 272 1
263 284 88
263 295 37
264 283 91
265 274 29
265 289 62
266 273 51
266 279 63
266 289 41
267 288 51
267 270 33
267 281 65
267 287 8
268 271 20
268 275 19
268 280 2
268 282 85
269 286 34
270 272 57
270 292 41
271 282 80
272 291 77
272 292 51
273 274 50
273 276 97
273 277 20
273 297 49
273 299 61
274 296 21
275 283 52
275 287 22
275 292 48
276 280 25
276 283 38
276 281 35
277 292 35
277 296 0
278 281 20
278 282 5
278 293 80
278 288 74
279 280 28
279 281 21
279 282 76
279 285 17
280 284 81
281 293 57
282 284 61
282 290 80
282 293 80
283 284 23
283 287 39
284 290 85
284 294 61
284 297 71
285 293 96
287 295 55
287 296 65
288 294 34
291 296 70
292 295 98
295 296 45
