300 4000
0 129 94
0 262 22
0 135 87
0 268 35
0 19 29
0 283 50
0 159 1
0 160 5
0 112 75
0 293 50
0 298 17
0 45 8
0 176 57
0 52 48
0 56 69
0 193 40
0 195 28
0 205 17
0 79 41
0 208 47
0 226 67
0 100 12
0 230 34
0 104 34
0 237 86
0 240 12
0 117 73
0 249 7
0 125 40
0 126 36
0 127 14
1 257 35
1 258 22
1 8 7
1 272 23
1 17 10
1 19 37
1 21 7
1 151 14
1 157 53
1 36 97
1 38 11
1 296 59
1 169 87
1 45 23
1 50 95
1 51 10
1 53 39
1 60 35
1 65 1
1 200 3
1 202 88
1 98 64
1 93 38
1 144 52
1 226 22
1 107 5
1 238 39
1 118 51
1 121 57
2 132 16
2 134 37
2 14 7
2 17 60
2 149 64
2 154 0
2 27 55
2 282 32
2 287 77
2 40 53
2 43 40
2 58 98
2 189 3
2 75 43
2 76 7
2 211 6
2 94 29
2 97 1
2 100 7
2 232 29
2 109 16
2 110 13
2 111 96
2 127 29
2 21 31
3 256 37
3 289 87
3 123 67
3 131 82
3 179 53
3 134 48
3 40 89
3 202 35
3 172 15
3 45 66
3 110 70
3 238 7
3 177 7
3 19 11
3 213 51
3 219 59
3 283 81
3 284 50
3 191 19
4 256 6
4 15 98
4 18 28
4 20 3
4 153 28
4 156 65
4 287 96
4 167 57
4 171 50
4 48 52
4 49 87
4 50 73
4 51 70
4 55 89
4 184 69
4 61 84
4 194 90
4 73 50
4 203 7
4 77 88
4 211 71
4 92 13
4 238 36
4 117 0
4 123 1
5 142 50
5 146 84
5 149 60
5 30 44
5 159 70
5 163 7
5 292 79
5 295 60
5 169 99
5 185 11
5 64 24
5 74 17
5 75 59
5 206 83
5 211 48
5 219 60
5 92 42
5 221 58
5 94 72
5 224 55
5 225 37
5 228 48
5 231 48
5 232 29
5 106 7
5 237 43
5 120 58
5 249 84
5 122 68
5 21 77
6 263 92
6 139 31
6 12 2
6 22 10
6 28 48
6 286 54
6 287 51
6 288 29
6 292 22
6 165 71
6 42 38
6 175 48
6 179 30
6 55 22
6 87 81
6 62 45
6 191 73
6 192 57
6 160 9
6 73 5
6 207 2
6 81 87
6 215 8
6 90 81
6 79 15
6 94 8
6 115 33
6 190 30
6 255 93
7 11 22
7 12 87
7 142 5
7 272 29
7 274 91
7 277 13
7 89 72
7 155 39
7 162 31
7 35 69
7 295 58
7 170 29
7 50 85
7 60 24
7 190 12
7 63 15
7 139 96
7 69 77
7 199 68
7 72 58
7 79 9
7 80 47
7 87 37
7 217 25
7 218 68
7 225 91
7 231 83
7 125 92
8 265 26
8 267 14
8 268 80
8 273 75
8 276 92
8 280 93
8 154 7
8 283 4
8 288 9
8 174 53
8 51 12
8 184 67
8 186 5
8 192 10
8 64 21
8 66 51
8 11 16
8 70 94
8 199 0
8 75 1
8 83 13
8 88 27
8 219 77
8 235 79
8 113 98
8 211 48
8 117 95
8 247 31
8 122 66
8 127 21
8 125 2
8 254 35
8 255 14
9 192 42
9 136 69
9 268 61
9 14 94
9 144 2
9 23 6
9 286 42
9 33 56
9 292 36
9 37 93
9 170 61
9 182 50
9 56 56
9 187 26
9 64 41
9 197 39
9 70 25
9 200 10
9 224 9
9 225 82
9 239 98
9 241 67
9 247 0
9 123 88
9 42 56
10 256 12
10 133 17
10 135 68
10 264 61
10 276 33
10 151 69
10 283 36
10 30 64
10 161 14
10 164 49
10 296 46
10 42 77
10 173 22
10 176 32
10 136 38
10 186 90
10 62 21
10 63 63
10 195 3
10 72 69
10 202 26
10 80 45
10 88 85
10 228 6
10 102 36
10 243 93
10 120 17
10 20 87
10 255 49
11 32 14
11 80 14
11 219 77
11 278 81
11 297 48
11 266 69
11 267 56
11 140 77
11 174 11
11 157 93
11 48 3
11 86 57
11 120 2
11 89 51
11 27 91
11 28 30
11 253 69
11 254 16
11 31 7
12 132 77
12 172 62
12 142 24
12 19 16
12 276 42
12 279 41
12 152 55
12 26 58
12 160 97
12 36 49
12 294 1
12 44 33
12 49 17
12 51 97
12 182 56
12 183 11
12 184 42
12 189 8
12 200 86
12 75 14
12 81 73
12 210 24
12 85 84
12 216 42
12 292 96
12 95 54
12 209 92
12 235 47
12 117 61
12 121 63
12 122 91
12 126 78
13 224 62
13 32 64
13 290 56
13 201 64
13 197 98
13 166 18
13 233 81
13 170 22
13 92 73
13 195 33
13 180 13
13 54 55
13 41 82
13 26 30
13 283 61
13 188 48
13 102 4
13 16 23
14 51 4
14 50 68
14 131 91
14 230 32
14 38 46
14 42 0
14 226 50
14 206 62
14 180 51
14 152 45
14 146 23
14 19 52
14 105 6
14 94 83
14 24 28
14 23 71
14 248 100
14 121 94
14 185 43
15 282 85
15 264 82
15 146 63
15 148 38
15 277 28
15 25 40
15 154 100
15 157 70
15 158 59
15 34 29
15 44 93
15 183 62
15 67 78
15 77 17
15 208 44
15 249 66
15 80 88
15 228 100
15 101 31
15 237 64
15 238 93
15 113 76
15 20 29
15 123 3
16 271 30
16 272 14
16 20 2
16 153 57
16 27 25
16 286 3
16 161 87
16 162 51
16 184 66
16 60 84
16 61 75
16 65 43
16 68 49
16 197 37
16 70 13
16 91 39
16 92 89
16 223 41
16 102 39
16 105 54
16 238 7
16 243 58
16 245 82
16 248 70
16 126 64
17 129 63
17 136 51
17 142 42
17 23 22
17 163 71
17 172 14
17 175 97
17 49 76
17 57 13
17 66 52
17 70 24
17 205 45
17 270 59
17 214 80
17 87 38
17 93 49
17 97 99
17 102 50
17 245 5
17 118 3
17 264 10
17 127 73
18 225 30
18 102 83
18 134 55
18 40 96
18 138 3
18 43 52
18 110 24
18 207 92
18 113 14
18 146 99
18 56 45
18 63 25
18 287 62
19 258 74
19 129 51
19 265 12
19 266 40
19 269 39
19 35 24
19 293 22
19 297 90
19 174 76
19 51 49
19 188 36
19 61 7
19 268 70
19 207 75
19 80 74
19 86 27
19 216 3
19 95 5
19 233 9
19 243 64
19 105 72
19 122 27
19 254 89
20 262 38
20 263 24
20 139 64
20 145 82
20 21 76
20 26 19
20 239 31
20 29 89
20 287 17
20 166 34
20 40 93
20 299 45
20 177 100
20 180 4
20 186 38
20 64 39
20 200 85
20 73 18
20 75 63
20 84 52
20 96 89
20 229 76
20 233 52
20 106 23
20 111 83
20 113 82
20 123 87
21 259 34
21 260 94
21 272 25
21 146 15
21 153 98
21 287 70
21 38 51
21 178 35
21 222 75
21 183 50
21 62 100
21 181 22
21 192 15
21 199 48
21 72 57
21 76 40
21 81 4
21 212 51
21 94 63
21 226 53
21 104 84
21 240 20
21 114 10
21 247 94
22 129 9
22 151 90
22 269 74
22 273 74
22 23 78
22 28 91
22 285 51
22 286 98
22 31 92
22 32 25
22 134 95
22 284 0
22 175 29
22 178 53
22 52 23
22 58 95
22 64 77
22 195 91
22 73 51
22 209 0
22 211 76
22 217 30
22 90 67
22 101 68
22 230 54
22 234 16
22 120 47
22 122 41
22 253 100
22 127 70
23 155 54
23 275 54
23 152 2
23 175 47
23 90 55
23 35 53
23 36 97
23 166 83
23 41 0
23 172 92
23 47 8
23 180 27
23 53 4
23 60 88
23 192 88
23 197 12
23 70 77
23 205 12
23 83 64
23 218 57
23 221 3
23 101 39
23 236 25
23 237 46
23 244 88
23 246 17
23 297 55
23 122 77
24 128 75
24 259 45
24 134 69
24 139 16
24 272 64
24 273 24
24 278 60
24 218 31
24 32 2
24 164 53
24 298 97
24 176 57
24 185 46
24 186 27
24 72 43
24 77 8
24 207 95
24 208 2
24 82 83
24 90 44
24 224 59
24 225 34
24 101 66
24 105 60
24 237 57
24 125 98
25 135 91
25 268 100
25 271 11
25 274 45
25 275 22
25 150 91
25 29 16
25 35 66
25 296 49
25 41 0
25 178 0
25 197 97
25 74 48
25 83 20
25 213 77
25 222 65
25 104 41
25 107 33
25 237 32
25 40 14
25 248 63
26 64 13
26 226 36
26 201 4
26 101 72
26 72 11
26 233 62
26 75 67
26 46 17
26 207 3
26 272 1
26 248 59
26 245 73
26 151 72
26 280 27
26 281 24
26 154 34
26 91 34
26 95 21
27 133 80
27 269 12
27 279 79
27 282 34
27 161 27
27 164 62
27 37 57
27 46 72
27 175 72
27 185 58
27 151 5
27 195 86
27 74 88
27 77 76
27 212 86
27 213 86
27 87 38
27 216 38
27 221 81
27 227 67
27 100 91
27 126 28
28 129 56
28 268 92
28 142 24
28 274 43
28 154 95
28 163 16
28 293 21
28 170 47
28 178 18
28 51 31
28 54 100
28 56 67
28 60 78
28 69 17
28 73 14
28 77 80
28 206 43
28 79 62
28 219 90
28 96 10
28 97 78
28 98 49
28 102 74
28 234 60
28 108 20
28 125 37
29 256 46
29 260 69
29 272 7
29 145 61
29 275 49
29 278 24
29 157 14
29 286 19
29 292 82
29 165 6
29 297 47
29 175 69
29 49 50
29 58 4
29 117 44
29 195 49
29 207 99
29 79 70
29 88 76
29 91 63
29 94 35
29 234 85
29 113 18
29 243 41
29 245 27
29 169 97
29 124 83
30 133 43
30 263 11
30 153 85
30 282 21
30 162 52
30 295 64
30 168 78
30 175 7
30 180 53
30 184 26
30 52 10
30 187 56
30 138 20
30 190 54
30 69 6
30 201 2
30 77 59
30 206 47
30 218 80
30 223 46
30 231 94
30 112 71
30 40 44
30 245 63
31 278 64
31 277 44
31 160 40
31 162 67
31 35 43
31 38 22
31 167 1
31 296 2
31 170 24
31 175 83
31 183 9
31 57 11
31 61 64
31 201 73
31 202 71
31 75 87
31 211 74
31 212 56
31 96 72
31 105 23
31 110 84
31 112 57
31 245 1
31 119 93
31 123 68
31 253 58
32 258 96
32 267 72
32 275 76
32 148 79
32 161 10
32 298 80
32 183 37
32 184 38
32 65 94
32 196 1
32 70 35
32 73 50
32 76 81
32 207 49
32 83 51
32 91 69
32 92 15
32 221 75
32 103 4
32 105 15
32 114 94
32 147 68
32 118 72
32 251 67
33 257 75
33 273 63
33 276 32
33 288 39
33 289 86
33 35 89
33 292 39
33 48 38
33 42 39
33 114 30
33 176 74
33 186 69
33 189 29
33 63 70
33 79 23
33 81 47
33 82 39
33 216 76
33 89 75
33 218 52
33 91 44
33 227 16
33 103 65
33 242 86
33 244 58
33 245 54
33 121 10
33 251 50
34 224 32
34 101 54
34 102 34
34 135 43
34 168 37
34 137 80
34 74 86
34 43 13
34 268 78
34 77 26
34 46 71
34 113 39
34 116 55
34 121 30
34 123 57
34 124 80
34 158 19
35 68 2
35 129 91
35 130 2
35 132 15
35 133 34
35 143 29
35 288 19
35 289 98
35 290 29
35 45 37
35 185 1
35 58 93
35 196 36
35 209 86
35 214 60
35 232 15
35 238 77
35 111 27
35 147 96
36 256 48
36 134 23
36 135 2
36 266 21
36 145 66
36 146 80
36 147 90
36 276 64
36 277 97
36 284 62
36 286 28
36 45 6
36 46 30
36 51 40
36 180 12
36 186 16
36 187 24
36 196 69
36 197 2
36 71 3
36 201 97
36 204 91
36 208 33
36 86 91
36 91 4
36 108 10
36 112 33
37 261 75
37 266 88
37 269 71
37 150 85
37 282 24
37 38 7
37 295 23
37 169 8
37 171 80
37 174 13
37 181 97
37 137 16
37 62 55
37 194 65
37 195 79
37 196 48
37 202 82
37 203 61
37 76 9
37 205 9
37 206 43
37 82 52
37 216 99
37 219 79
37 222 94
37 96 15
37 106 40
37 114 52
37 247 94
37 248 99
37 124 71
37 254 56
38 259 61
38 260 7
38 263 32
38 141 85
38 142 83
38 292 17
38 42 37
38 43 18
38 46 88
38 69 31
38 78 77
38 211 44
38 88 67
38 219 60
38 92 50
38 229 57
38 231 80
38 233 21
38 113 97
38 118 76
39 130 33
39 147 89
39 277 44
39 286 58
39 288 8
39 161 49
39 170 56
39 47 7
39 176 19
39 177 65
39 181 84
39 183 16
39 198 2
39 201 2
39 75 9
39 76 89
39 206 8
39 100 32
39 102 9
39 234 34
39 107 12
39 116 33
39 248 96
39 123 87
39 125 16
40 134 71
40 278 92
40 156 5
40 289 19
40 168 44
40 182 45
40 65 82
40 206 72
40 87 95
40 217 26
40 95 87
40 99 100
40 229 3
40 146 60
40 115 55
40 123 22
40 126 100
41 137 47
41 267 78
41 270 99
41 272 33
41 145 73
41 154 22
41 158 33
41 165 99
41 169 55
41 53 85
41 76 15
41 80 97
41 210 92
41 215 9
41 218 67
41 93 94
41 94 46
41 225 73
41 227 44
41 100 83
41 273 23
41 252 18
42 133 59
42 136 48
42 280 45
42 151 28
42 152 1
42 157 69
42 293 31
42 180 83
42 182 65
42 137 32
42 184 68
42 189 18
42 191 73
42 193 13
42 194 98
42 69 61
42 161 61
42 55 27
42 84 86
42 90 96
42 223 93
42 96 73
42 231 83
42 237 82
42 238 41
42 240 15
42 253 48
43 128 86
43 136 84
43 138 9
43 268 18
43 145 85
43 147 98
43 282 50
43 161 42
43 169 51
43 274 48
43 175 93
43 177 89
43 178 40
43 53 3
43 188 69
43 67 40
43 211 24
43 218 31
43 219 65
43 93 72
43 99 46
43 105 53
43 146 9
43 241 24
43 114 38
43 243 16
43 120 62
43 252 72
43 125 45
43 255 2
44 128 60
44 225 90
44 162 19
44 68 82
44 197 58
44 257 49
44 210 72
44 205 97
44 64 38
44 107 19
44 141 10
44 161 0
44 189 57
44 242 47
44 277 26
44 86 0
44 100 15
44 47 24
44 285 11
45 258 30
45 146 36
45 157 61
45 160 32
45 297 49
45 53 92
45 55 57
45 56 34
45 190 37
45 66 30
45 195 42
45 72 68
45 100 87
45 117 61
45 169 53
45 120 4
45 249 89
45 125 64
46 116 36
46 163 7
46 101 4
46 199 37
46 173 89
46 270 98
46 115 8
46 177 66
46 82 3
46 67 95
46 244 32
46 292 59
46 152 88
46 153 83
46 286 94
46 223 92
47 266 51
47 142 6
47 271 93
47 144 26
47 147 19
47 154 88
47 155 71
47 292 93
47 170 17
47 173 11
47 179 99
47 181 70
47 57 37
47 58 16
47 194 56
47 89 52
47 210 0
47 211 65
47 88 35
47 217 2
47 223 27
47 99 59
47 238 81
47 114 64
47 118 51
47 248 35
48 259 86
48 102 52
48 294 23
48 167 49
48 296 58
48 297 90
48 136 29
48 107 74
48 180 40
48 182 12
48 57 65
48 120 50
48 249 2
48 282 83
48 54 94
48 231 100
48 95 46
49 259 61
49 132 15
49 133 67
49 264 88
49 270 38
49 272 24
49 148 91
49 277 77
49 295 92
49 177 100
49 182 36
49 56 13
49 57 55
49 78 1
49 80 25
49 85 18
49 217 18
49 92 9
49 223 81
49 225 88
49 127 30
49 108 6
49 117 7
49 123 28
49 125 18
49 255 22
50 130 96
50 262 59
50 145 100
50 277 80
50 283 41
50 162 51
50 292 57
50 167 66
50 121 33
50 93 59
50 223 35
50 103 51
50 233 24
50 239 38
50 245 29
50 105 45
50 249 12
50 255 11
51 258 86
51 274 95
51 279 46
51 282 97
51 286 31
51 289 93
51 291 51
51 167 62
51 296 16
51 298 23
51 270 22
51 186 83
51 189 22
51 140 27
51 76 27
51 77 71
51 79 37
51 211 56
51 212 65
51 142 20
51 86 87
51 97 87
51 101 92
51 233 92
51 234 77
51 239 82
51 242 95
51 245 72
51 251 2
52 129 30
52 258 28
52 54 29
52 193 11
52 60 52
52 171 18
52 143 80
52 241 42
52 242 41
52 85 5
52 151 57
52 248 75
52 124 46
52 125 20
53 131 68
53 265 70
53 269 65
53 271 20
53 145 21
53 286 15
53 275 50
53 154 58
53 158 30
53 161 51
53 164 62
53 296 3
53 172 46
53 181 38
53 190 8
53 192 92
53 198 13
53 203 60
53 79 32
53 81 72
53 212 100
53 88 48
53 231 2
53 236 65
53 245 42
53 255 77
54 260 41
54 134 90
54 268 38
54 272 74
54 147 71
54 148 80
54 277 85
54 151 74
54 281 51
54 282 66
54 161 23
54 168 35
54 297 19
54 55 1
54 184 76
54 190 55
54 96 78
54 66 91
54 69 100
54 71 15
54 212 58
54 224 32
54 105 19
54 112 35
54 245 11
54 276 19
55 261 51
55 277 87
55 282 88
55 161 77
55 290 12
55 113 91
55 296 50
55 172 32
55 174 72
55 193 38
55 214 67
55 98 18
55 109 45
55 168 29
55 244 15
55 254 91
55 249 56
55 251 76
55 126 69
56 129 30
56 299 45
56 137 55
56 140 27
56 147 7
56 279 85
56 280 80
56 155 80
56 290 56
56 156 30
56 171 24
56 184 39
56 57 38
56 71 27
56 73 94
56 203 9
56 204 82
56 205 47
56 87 42
56 89 38
56 219 90
56 222 56
56 95 49
56 225 87
56 99 57
56 228 54
56 231 38
56 236 49
56 274 94
56 110 49
56 240 62
56 122 88
56 252 29
57 128 66
57 274 68
57 277 54
57 91 4
57 164 57
57 168 67
57 169 80
57 61 26
57 66 24
57 205 86
57 82 46
57 219 11
57 223 66
57 225 1
57 273 70
57 237 7
57 111 60
57 113 49
57 116 60
57 124 2
58 258 30
58 260 27
58 133 96
58 264 74
58 267 30
58 154 54
58 287 11
58 168 100
58 179 57
58 188 50
58 198 67
58 291 39
58 88 20
58 93 85
58 233 97
58 110 77
58 246 86
58 119 61
59 295 63
59 199 9
59 296 22
59 297 41
59 74 86
59 299 24
59 172 69
59 109 56
59 238 57
59 209 4
59 274 99
59 180 74
59 174 66
59 248 43
59 152 67
59 123 54
59 125 16
60 256 58
60 289 23
60 291 55
60 292 31
60 284 73
60 174 34
60 182 53
60 61 13
60 66 55
60 200 15
60 76 63
60 88 92
60 89 15
60 93 84
60 110 12
60 247 97
61 258 91
61 264 2
61 268 81
61 141 96
61 260 40
61 288 40
61 165 83
61 169 5
61 174 41
61 136 61
61 181 48
61 187 86
61 62 73
61 71 23
61 208 19
61 211 83
61 212 92
61 216 74
61 90 43
61 222 35
61 83 97
62 267 17
62 141 87
62 270 65
62 272 92
62 159 76
62 170 31
62 175 74
62 65 43
62 66 15
62 196 73
62 198 60
62 199 78
62 84 60
62 215 87
62 89 88
62 226 18
62 101 95
62 103 98
62 105 87
62 106 9
62 111 37
62 241 55
62 118 8
62 121 97
62 124 40
63 263 29
63 267 4
63 274 15
63 276 79
63 283 47
63 284 5
63 157 49
63 288 32
63 293 68
63 169 89
63 173 2
63 185 56
63 67 48
63 197 1
63 208 74
63 209 79
63 83 97
63 86 22
63 222 10
63 236 96
63 111 50
63 112 36
63 241 81
63 122 87
63 251 97
63 252 25
63 126 86
64 133 31
64 275 6
64 149 4
64 154 49
64 286 95
64 294 74
64 167 61
64 168 60
64 178 92
64 74 7
64 65 31
64 66 84
64 197 20
64 202 74
64 203 94
64 76 27
64 207 53
64 211 98
64 86 25
64 216 29
64 95 99
64 103 42
64 235 74
64 115 27
64 118 86
64 123 94
65 138 89
65 237 22
65 146 100
65 149 1
65 165 36
65 166 87
65 242 17
65 72 73
65 73 20
65 205 78
65 92 93
65 94 71
65 95 63
65 230 94
65 234 55
65 109 54
65 114 47
65 122 54
66 261 46
66 264 11
66 275 54
66 153 5
66 160 94
66 294 30
66 177 99
66 198 44
66 200 55
66 86 51
66 215 98
66 96 44
66 227 90
66 104 15
66 188 95
66 107 24
66 112 24
66 116 12
67 194 94
67 228 5
67 69 26
67 166 30
67 226 58
67 207 16
67 92 20
67 209 10
67 274 35
67 212 9
67 137 69
67 197 73
67 282 3
67 220 73
67 94 47
67 293 27
68 172 56
68 130 65
68 131 77
68 129 65
68 170 69
68 236 51
68 76 91
68 274 98
68 179 39
68 244 95
68 149 69
68 150 73
68 201 50
68 184 33
68 121 70
68 90 12
68 255 32
68 191 30
69 129 45
69 132 50
69 271 95
69 272 100
69 273 34
69 280 93
69 283 100
69 287 94
69 163 5
69 295 68
69 169 76
69 172 33
69 175 79
69 178 82
69 185 56
69 187 58
69 189 20
69 191 42
69 208 50
69 91 97
69 257 75
69 97 18
69 226 42
69 106 18
69 113 95
69 242 46
69 243 20
69 118 50
69 170 62
69 127 64
70 139 54
70 147 50
70 278 6
70 158 8
70 172 80
70 176 71
70 178 80
70 184 48
70 72 78
70 73 62
70 86 71
70 215 21
70 90 34
70 222 66
70 223 66
70 229 44
70 242 70
70 246 62
71 256 46
71 259 25
71 134 18
71 270 47
71 145 37
71 131 30
71 276 27
71 279 99
71 162 14
71 165 60
71 166 95
71 298 24
71 172 93
71 173 9
71 72 17
71 200 2
71 290 24
71 208 1
71 184 57
71 83 21
71 88 6
71 104 49
71 108 28
71 253 95
71 115 71
71 248 16
71 121 39
71 125 96
71 126 58
71 255 18
72 139 12
72 276 93
72 156 63
72 161 11
72 162 32
72 164 47
72 296 62
72 169 92
72 192 4
72 205 57
72 104 99
72 240 3
72 114 22
73 257 24
73 153 78
73 289 42
73 165 5
73 296 55
73 169 86
73 171 9
73 172 4
73 178 56
73 185 16
73 288 42
73 198 87
73 203 80
73 76 48
73 80 0
73 210 83
73 211 25
73 93 35
73 100 76
73 103 62
73 245 46
73 246 11
73 148 82
74 256 18
74 132 45
74 133 7
74 275 72
74 282 38
74 157 2
74 190 38
74 79 52
74 220 11
74 222 9
74 99 88
74 231 58
74 104 25
74 233 38
74 234 86
74 242 92
74 116 10
75 261 78
75 264 3
75 141 61
75 143 35
75 146 23
75 278 66
75 151 94
75 289 62
75 296 95
75 298 49
75 176 89
75 178 56
75 180 49
75 185 47
75 198 52
75 161 55
75 87 20
75 217 75
75 94 85
75 223 95
75 227 29
75 103 22
75 233 10
75 109 26
75 243 2
75 246 60
75 123 63
76 256 10
76 264 24
76 137 91
76 139 59
76 258 27
76 145 28
76 275 33
76 157 8
76 290 89
76 173 15
76 181 18
76 182 71
76 195 1
76 118 72
76 141 16
76 83 16
76 88 32
76 89 87
76 221 72
76 106 22
76 241 68
76 115 93
76 244 99
76 246 47
76 119 84
77 256 16
77 259 17
77 264 51
77 139 98
77 140 40
77 147 32
77 157 28
77 180 10
77 286 52
77 202 14
77 290 59
77 78 13
77 213 30
77 271 25
77 93 70
77 95 11
77 99 25
77 101 79
77 108 69
77 114 17
77 249 69
77 250 87
77 255 41
78 227 81
78 102 29
78 235 47
78 204 61
78 80 50
78 145 18
78 179 92
78 222 16
78 87 16
78 280 7
78 281 64
78 93 15
78 190 32
79 145 44
79 146 41
79 281 37
79 283 27
79 284 28
79 165 0
79 166 3
79 168 99
79 175 31
79 182 34
79 196 7
79 80 60
79 209 74
79 220 78
79 224 69
79 226 74
79 109 62
79 243 24
79 247 50
79 251 21
80 256 67
80 290 37
80 291 41
80 233 56
80 143 51
80 241 33
80 275 62
80 121 76
80 169 56
80 266 62
80 287 92
81 264 99
81 267 8
81 154 65
81 156 39
81 286 3
81 134 76
81 166 35
81 190 84
81 204 95
81 211 16
81 93 51
81 102 4
81 108 100
81 109 49
81 110 42
81 114 84
81 243 63
81 121 64
82 258 87
82 260 7
82 269 39
82 272 86
82 274 32
82 147 50
82 132 51
82 158 11
82 162 35
82 184 64
82 186 60
82 208 72
82 210 52
82 214 53
82 219 74
82 221 30
82 106 16
82 239 6
82 241 45
82 244 15
82 117 87
82 127 79
83 145 71
83 156 81
83 163 60
83 171 20
83 222 22
83 187 91
83 192 35
83 204 87
83 202 50
83 207 91
83 208 39
83 87 91
83 94 90
83 95 74
83 96 94
83 98 49
83 244 61
84 258 63
84 261 66
84 135 85
84 264 89
84 143 94
84 280 69
84 152 73
84 289 65
84 290 21
84 167 41
84 298 56
84 171 11
84 183 62
84 190 86
84 196 57
84 161 34
84 210 73
84 221 78
84 99 44
84 236 86
84 237 79
85 192 81
85 129 98
85 196 86
85 263 47
85 236 8
85 202 65
85 269 58
85 211 41
85 212 95
85 149 31
85 249 83
85 88 25
85 248 79
85 120 57
86 132 4
86 260 4
86 274 10
86 281 28
86 111 54
86 289 97
86 295 16
86 296 42
86 299 4
86 247 55
86 205 77
86 215 31
86 96 39
86 103 17
86 104 72
86 231 83
86 239 17
86 115 22
86 119 12
86 248 19
87 286 14
87 290 22
87 175 35
87 182 99
87 185 53
87 193 56
87 199 73
87 212 94
87 214 50
87 90 64
87 91 54
87 93 6
87 104 84
87 115 83
87 122 98
87 251 45
88 257 95
88 258 53
88 259 30
88 133 42
88 139 74
88 140 96
88 269 3
88 131 86
88 277 56
88 175 54
88 158 82
88 159 91
88 161 8
88 291 63
88 297 13
88 298 63
88 176 41
88 198 58
88 207 62
88 209 63
88 213 93
88 95 22
88 166 85
88 116 65
88 250 6
88 255 7
88 253 67
88 127 85
89 258 63
89 265 77
89 141 58
89 144 96
89 150 24
89 282 31
89 283 41
89 285 38
89 165 86
89 184 35
89 191 42
89 192 77
89 195 12
89 205 31
89 215 99
89 93 26
89 98 98
89 231 33
89 233 91
89 235 34
89 242 37
89 246 76
89 252 85
90 135 60
90 141 18
90 274 44
90 149 70
90 157 69
90 158 93
90 292 82
90 293 56
90 294 45
90 167 8
90 168 32
90 175 89
90 201 4
90 204 71
90 95 46
90 228 93
90 235 79
90 237 46
90 244 39
91 128 55
91 261 92
91 135 7
91 149 88
91 155 19
91 284 65
91 166 52
91 169 13
91 196 52
91 198 57
91 207 31
91 210 64
91 213 82
91 214 65
91 231 79
91 234 2
91 237 48
91 239 63
91 116 65
91 246 79
92 129 76
92 137 3
92 281 23
92 158 23
92 168 81
92 299 24
92 178 74
92 180 38
92 183 12
92 203 20
92 216 49
92 93 52
92 224 4
92 101 53
92 231 34
92 106 70
92 236 16
93 128 16
93 299 70
93 134 90
93 272 78
93 281 29
93 156 28
93 291 43
93 175 62
93 179 98
93 183 54
93 185 9
93 202 32
93 211 57
93 220 39
93 221 73
93 223 4
93 225 94
93 188 22
93 239 74
93 120 17
94 258 82
94 143 73
94 145 50
94 281 88
94 154 20
94 288 100
94 167 5
94 296 69
94 299 61
94 207 25
94 221 25
94 224 3
94 226 4
94 249 68
94 123 77
95 130 84
95 262 17
95 135 68
95 160 0
95 299 58
95 172 71
95 223 58
95 99 56
95 228 65
95 105 96
95 108 29
95 115 18
95 252 75
96 141 46
96 143 70
96 273 86
96 274 59
96 147 3
96 288 80
96 291 27
96 156 98
96 178 80
96 191 65
96 182 77
96 202 85
96 210 26
96 228 95
96 230 11
96 232 18
96 106 78
96 245 93
96 123 53
96 253 21
96 254 0
97 290 12
97 131 15
97 147 28
97 133 89
97 102 48
97 296 96
97 141 62
97 175 2
97 180 24
97 196 61
97 179 40
97 285 83
98 176 37
98 130 57
98 131 22
98 295 46
98 200 100
98 240 12
98 173 85
98 162 89
98 175 3
98 272 3
98 141 14
98 150 56
98 152 45
98 103 23
98 287 82
99 256 64
99 263 52
99 269 7
99 143 6
99 276 33
99 151 47
99 153 18
99 165 25
99 166 81
99 170 7
99 223 42
99 187 93
99 190 52
99 198 82
99 202 20
99 207 81
99 210 66
99 227 86
99 244 38
99 118 95
99 120 80
99 281 62
100 272 20
100 273 32
100 157 65
100 178 45
100 203 12
100 207 3
100 209 13
100 213 66
100 216 65
100 217 87
100 145 28
100 231 71
100 112 33
100 124 26
101 263 73
101 276 43
101 280 68
101 156 39
101 287 51
101 166 55
101 180 92
101 184 93
101 186 27
101 194 16
101 205 89
101 271 29
101 240 2
101 246 14
101 252 51
101 126 3
101 127 78
102 262 64
102 263 25
102 265 27
102 277 4
102 280 11
102 293 32
102 185 72
102 188 48
102 196 76
102 204 80
102 209 26
102 211 12
102 213 50
102 218 3
102 145 29
102 232 36
102 239 56
102 251 84
102 255 85
103 132 77
103 262 70
103 138 58
103 267 95
103 144 55
103 282 37
103 283 54
103 160 98
103 199 73
103 209 40
103 222 69
103 272 85
103 235 28
103 238 96
103 240 8
103 113 45
103 117 59
104 136 67
104 139 50
104 268 64
104 194 79
104 161 25
104 295 67
104 195 85
104 205 23
104 206 94
104 209 92
104 234 51
104 111 22
104 113 80
105 264 67
105 271 46
105 146 50
105 160 63
105 290 85
105 165 65
105 294 86
105 169 27
105 177 34
105 214 56
105 222 7
105 228 95
105 233 73
105 111 12
105 118 12
105 124 50
106 262 6
106 263 33
106 141 72
106 150 41
106 289 74
106 166 39
106 296 32
106 176 44
106 177 12
106 205 8
106 210 40
106 214 39
106 218 27
106 219 46
106 229 85
106 249 26
106 127 97
107 128 83
107 130 59
107 260 93
107 269 99
107 149 33
107 132 90
107 285 26
107 158 85
107 289 2
107 292 62
107 172 47
107 179 85
107 187 26
107 189 67
107 193 2
107 194 71
107 205 10
107 206 32
107 210 27
107 164 2
107 221 81
107 222 17
107 226 100
107 237 1
107 112 29
107 113 76
107 242 0
108 137 14
108 139 2
108 275 69
108 161 89
108 291 75
108 165 26
108 299 80
108 172 7
108 186 43
108 208 11
108 249 21
108 122 7
108 232 62
108 121 14
108 250 47
109 258 70
109 145 7
109 279 87
109 285 44
109 286 15
109 159 2
109 288 62
109 292 87
109 299 4
109 174 18
109 197 20
109 207 38
109 225 96
109 228 59
109 230 79
109 238 56
109 121 32
109 124 8
109 126 30
110 129 13
110 265 82
110 275 36
110 148 93
110 149 28
110 283 75
110 248 83
110 162 29
110 175 59
110 200 27
110 290 100
110 211 26
110 218 80
110 226 89
110 117 13
110 118 22
110 120 9
110 276 30
110 253 71
111 266 56
111 281 63
111 153 17
111 290 46
111 298 11
111 195 45
111 201 27
111 204 19
111 231 61
111 232 21
111 238 30
111 116 66
111 120 95
111 251 98
111 253 80
111 126 86
112 262 16
112 143 13
112 148 79
112 154 3
112 285 36
112 169 73
112 174 69
112 215 24
112 220 88
112 114 4
112 115 19
112 246 18
112 247 68
113 135 28
113 149 39
113 281 39
113 283 93
113 287 56
113 291 83
113 293 69
113 294 81
113 174 11
113 264 30
113 155 95
113 203 13
113 183 20
113 207 44
113 208 87
113 271 22
113 221 18
113 166 91
113 274 86
113 124 6
113 254 14
113 255 11
114 128 87
114 260 62
114 263 94
114 266 38
114 144 12
114 174 6
114 192 47
114 229 44
114 209 7
114 234 77
114 246 11
114 249 42
114 253 30
115 258 4
115 137 6
115 140 13
115 151 37
115 281 8
115 161 50
115 163 38
115 293 95
115 298 100
115 171 78
115 173 40
115 176 10
115 177 26
115 179 19
115 180 59
115 193 58
115 221 46
115 225 3
115 236 78
115 250 61
116 136 27
116 272 15
116 275 55
116 284 13
116 290 10
116 167 36
116 168 32
116 171 53
116 172 55
116 191 72
116 200 64
116 162 68
116 212 52
116 224 16
116 227 60
116 232 66
116 296 2
116 244 30
117 257 45
117 134 80
117 140 8
117 271 31
117 274 31
117 147 85
117 279 16
117 153 97
117 154 12
117 284 39
117 296 3
117 178 67
117 204 55
117 212 0
117 216 18
117 225 82
117 210 48
117 239 9
117 123 21
117 252 56
118 261 96
118 141 37
118 147 85
118 149 83
118 287 63
118 169 14
118 170 82
118 173 50
118 191 16
118 192 18
118 198 69
118 206 60
118 207 41
118 238 13
118 120 89
118 122 68
118 255 82
119 282 41
119 165 87
119 263 50
119 174 51
119 145 40
119 123 47
119 180 91
119 181 22
119 251 0
119 250 100
120 132 25
120 263 4
120 151 56
120 152 31
120 153 34
120 282 0
120 154 17
120 287 21
120 160 18
120 162 38
120 166 34
120 295 40
120 135 40
120 267 7
120 230 18
120 241 19
120 243 4
120 122 70
120 255 10
121 133 4
121 134 88
121 275 23
121 158 44
121 292 80
121 294 16
121 168 64
121 179 22
121 182 75
121 183 97
121 188 92
121 140 91
121 238 36
122 280 52
122 285 61
122 288 69
122 162 94
122 165 52
122 296 75
122 187 80
122 195 57
122 232 2
122 238 89
122 123 5
123 138 32
123 273 2
123 275 74
123 151 33
123 155 41
123 161 6
123 188 2
123 189 60
123 197 64
123 198 49
123 290 64
123 209 65
123 224 80
123 236 95
123 253 10
124 259 90
124 262 75
124 136 98
124 266 45
124 142 21
124 143 93
124 156 11
124 159 24
124 166 31
124 295 78
124 172 41
124 175 48
124 178 52
124 134 2
124 192 96
124 212 59
124 219 98
124 222 51
124 243 41
124 251 99
125 129 24
125 260 32
125 261 8
125 135 26
125 138 99
125 173 3
125 272 4
125 299 20
125 257 93
125 179 89
125 183 53
125 187 64
125 190 30
125 191 60
125 196 86
125 202 98
125 204 42
125 214 17
125 143 95
125 226 20
125 228 1
125 230 57
125 233 32
125 239 34
126 276 15
126 160 61
126 283 92
126 292 97
126 165 99
126 179 12
126 182 16
126 187 50
126 202 38
126 217 40
126 250 44
127 256 97
127 269 6
127 271 49
127 273 39
127 148 99
127 285 19
127 296 28
127 174 59
127 188 76
127 205 39
127 217 51
127 219 24
127 224 96
127 237 59
127 168 89
127 251 91
128 130 100
128 132 47
128 138 92
128 274 96
128 275 37
128 155 1
128 287 69
128 169 95
128 186 67
128 198 1
128 207 69
128 218 68
128 232 35
128 241 27
129 261 95
129 177 73
129 171 34
129 237 85
129 154 83
129 255 75
130 230 40
130 203 44
130 141 71
130 239 4
130 180 82
130 277 81
130 191 36
130 252 29
131 262 40
131 259 79
131 278 91
131 296 46
131 172 67
131 173 46
131 177 79
131 189 49
131 203 10
131 206 29
131 210 43
131 213 54
131 236 23
131 246 7
132 133 6
132 136 25
132 270 56
132 148 79
132 150 1
132 281 46
132 282 83
132 158 56
132 287 51
132 291 37
132 171 4
132 286 28
132 200 64
132 212 3
132 215 8
132 219 26
132 226 52
132 251 70
132 253 21
133 261 40
133 141 3
133 273 92
133 278 57
133 168 19
133 174 25
133 181 77
133 182 70
133 220 8
133 231 37
133 242 93
133 251 100
134 256 7
134 262 69
134 138 17
134 142 94
134 145 90
134 282 37
134 286 18
134 161 36
134 176 15
134 178 95
134 191 83
134 182 91
134 201 44
134 202 70
134 204 64
134 225 31
134 209 42
135 256 91
135 264 46
135 139 27
135 146 74
135 148 87
135 278 27
135 151 100
135 288 40
135 173 86
135 210 91
135 214 31
135 223 66
135 236 22
135 276 43
135 252 49
135 253 24
136 141 8
136 148 9
136 149 1
136 150 63
136 282 75
136 159 69
136 291 36
136 166 5
136 295 55
136 168 21
136 178 76
136 184 29
136 196 20
136 204 66
136 224 81
136 235 58
136 240 72
136 252 52
137 258 56
137 259 5
137 151 0
137 279 39
137 160 14
137 295 39
137 175 41
137 243 33
137 198 32
137 162 62
137 205 66
137 214 4
137 234 12
137 238 90
137 242 29
137 245 16
137 253 23
138 139 42
138 141 65
138 149 70
138 155 84
138 158 42
138 160 53
138 185 25
138 194 61
138 196 71
138 202 3
138 234 96
138 231 76
138 146 42
138 240 32
138 241 15
138 254 39
139 257 35
139 155 6
139 158 100
139 159 54
139 283 48
139 295 63
139 298 11
139 200 11
139 190 21
139 194 22
139 203 37
139 222 98
139 248 84
140 258 16
140 267 78
140 195 29
140 201 2
140 175 33
140 240 19
140 212 18
140 281 28
140 286 74
140 287 37
141 267 3
141 146 88
141 275 96
141 154 52
141 162 4
141 177 3
141 198 83
141 226 61
141 215 79
141 216 28
141 241 76
141 245 80
141 247 29
141 249 57
142 290 50
142 207 20
142 243 65
142 297 91
142 272 49
142 215 93
142 248 35
142 255 49
142 191 75
143 267 22
143 144 86
143 146 19
143 277 96
143 160 29
143 179 98
143 181 77
143 184 67
143 191 6
143 200 89
143 215 25
143 216 86
143 232 8
143 234 71
143 274 33
144 256 67
144 258 93
144 230 5
144 264 25
144 188 62
144 236 23
144 270 88
144 185 10
144 220 45
144 268 22
145 161 16
145 167 59
145 196 45
145 242 96
145 250 49
146 264 57
146 269 58
146 287 6
146 172 60
146 175 64
146 176 8
146 200 8
146 204 87
146 205 52
146 210 53
146 216 53
146 225 99
146 236 50
146 168 80
147 272 51
147 275 34
147 276 0
147 151 17
147 283 57
147 159 47
147 293 51
147 169 1
147 172 63
147 177 42
147 181 22
147 187 61
147 189 100
147 202 29
147 204 38
147 209 33
147 216 59
147 220 77
147 222 9
147 229 16
147 240 96
148 266 61
148 238 52
148 164 8
148 293 62
148 190 54
148 288 54
148 199 61
148 203 32
148 204 71
148 217 40
148 271 28
148 221 82
148 230 92
148 245 68
148 252 32
149 277 76
149 150 70
149 151 64
149 287 76
149 288 37
149 292 13
149 171 76
149 214 61
149 239 20
149 248 68
149 253 3
150 289 14
150 163 64
150 257 65
150 265 12
150 237 21
150 239 68
150 177 81
150 179 13
150 212 92
150 155 34
150 202 82
150 255 34
151 258 54
151 260 79
151 262 90
151 268 92
151 272 16
151 154 33
151 159 88
151 288 14
151 161 68
151 162 59
151 257 87
151 185 78
151 194 8
151 202 56
151 210 36
151 212 15
151 219 70
151 243 26
152 289 61
152 187 37
152 229 90
152 198 78
152 203 1
152 174 19
152 216 15
152 217 85
152 293 7
152 253 90
152 159 23
153 161 86
153 260 71
153 184 50
153 268 16
153 241 30
153 182 79
153 228 40
153 155 32
153 220 36
154 159 84
154 290 47
154 296 3
154 298 90
154 171 37
154 174 81
154 184 100
154 186 89
154 187 41
154 194 68
154 206 66
154 207 59
154 246 23
154 249 10
155 258 49
155 259 99
155 268 76
155 271 67
155 163 30
155 166 2
155 168 82
155 170 91
155 175 23
155 222 47
155 235 9
155 246 49
155 254 60
156 225 60
156 281 36
156 164 52
156 263 37
156 265 70
156 257 67
156 205 3
156 201 99
156 191 4
157 264 7
157 265 73
157 274 94
157 295 68
157 181 37
157 202 2
157 208 36
157 211 64
157 220 36
157 237 21
157 242 31
157 191 60
158 261 42
158 280 91
158 281 56
158 218 57
158 162 29
158 297 33
158 171 82
158 173 38
158 188 57
158 189 87
158 207 79
158 215 35
158 244 1
158 248 5
159 284 14
159 182 63
159 184 86
159 194 92
159 198 41
159 203 5
159 206 44
159 220 74
159 231 61
159 235 88
159 249 100
160 256 50
160 262 43
160 263 19
160 269 16
160 273 60
160 274 32
160 276 58
160 254 35
160 284 17
160 288 90
160 161 38
160 183 17
160 186 31
160 187 4
160 189 18
160 197 98
160 203 13
160 209 81
160 210 24
160 227 46
160 234 89
160 245 29
160 246 77
160 250 34
161 259 23
161 261 33
161 263 38
161 272 69
161 277 33
161 280 8
161 294 59
161 297 64
161 173 44
161 219 47
161 183 52
162 256 65
162 271 96
162 166 25
162 298 33
162 200 40
162 180 28
162 194 53
162 196 60
162 225 1
162 227 6
162 229 84
162 232 38
162 241 82
162 251 12
163 256 43
163 195 6
163 260 35
163 230 18
163 209 11
163 296 56
163 215 92
163 284 38
163 254 24
164 226 82
164 203 100
164 229 10
164 294 14
164 233 2
164 204 6
164 206 3
164 207 49
164 245 84
164 285 56
164 222 14
165 261 49
165 273 55
165 289 53
165 180 32
165 185 80
165 204 19
165 210 75
165 212 18
165 169 70
165 189 13
165 255 38
166 266 54
166 268 68
166 171 52
166 177 55
166 188 74
166 192 28
166 227 16
166 212 26
166 217 3
166 225 71
166 231 55
167 288 72
167 180 36
167 184 67
167 170 16
167 235 86
167 278 22
167 280 64
167 187 81
167 188 55
167 287 0
168 283 34
168 193 12
168 194 97
168 221 31
168 222 85
168 224 38
168 229 9
168 241 96
168 242 78
168 252 58
169 276 39
169 185 58
169 205 87
169 206 87
169 210 30
169 237 69
169 239 34
169 241 53
169 255 56
170 264 42
170 273 70
170 173 62
170 192 34
170 194 34
170 197 90
170 223 64
170 239 89
170 246 17
171 256 49
171 276 36
171 284 61
171 176 80
171 187 0
171 190 67
171 197 59
171 207 34
171 214 15
171 225 69
171 227 30
171 232 34
171 237 66
171 241 82
172 256 50
172 261 11
172 265 80
172 283 93
172 286 32
172 180 55
172 191 18
172 212 18
172 222 90
172 223 94
172 224 93
172 234 37
172 240 94
172 247 61
172 248 35
172 250 82
173 192 2
173 202 4
173 207 39
173 212 10
173 215 65
173 229 67
173 253 12
173 247 43
174 260 15
174 270 79
174 276 46
174 278 66
174 297 47
174 298 29
174 178 100
174 181 77
174 183 18
174 187 63
174 193 95
174 208 47
174 222 82
174 244 73
174 251 28
175 261 23
175 264 75
175 269 11
175 294 5
175 176 4
175 177 82
175 179 27
175 203 35
175 205 58
175 227 36
175 246 76
175 253 2
176 257 42
176 262 70
176 274 21
176 285 2
176 292 49
176 186 23
176 200 95
176 205 75
176 212 25
176 214 56
176 225 81
176 232 61
176 233 68
177 266 81
177 278 87
177 293 81
177 180 28
177 217 23
177 219 90
177 220 84
177 241 74
177 251 24
178 262 90
178 273 100
178 275 16
178 296 11
178 184 80
178 186 95
178 229 93
178 230 40
178 231 35
178 237 62
178 242 39
178 250 88
179 263 74
179 270 30
179 275 98
179 277 61
179 288 6
179 295 13
179 180 47
179 193 83
179 232 0
179 238 4
179 221 41
179 250 56
180 288 88
180 291 23
180 294 34
180 189 84
180 200 67
180 258 57
180 209 11
180 249 28
181 251 54
181 273 72
181 296 33
181 238 97
181 209 76
181 276 92
181 249 46
182 273 93
182 284 18
182 286 38
182 287 6
182 290 45
182 196 48
182 200 56
182 214 7
182 216 45
182 207 19
182 237 39
183 290 47
183 188 74
183 237 22
183 270 68
183 284 19
184 258 91
184 266 18
184 298 71
184 186 0
184 200 34
184 206 9
184 215 80
184 272 91
184 226 60
184 228 85
184 243 50
184 249 37
185 205 70
185 216 68
185 236 11
185 239 15
185 244 69
185 247 84
186 262 53
186 281 54
186 288 65
186 297 46
186 198 23
186 205 77
186 210 5
186 212 46
186 223 65
186 227 2
186 230 62
186 234 70
186 237 40
187 235 2
187 291 90
187 294 29
187 298 97
187 194 87
187 199 68
187 202 68
187 209 60
187 211 2
187 212 12
187 220 98
187 223 92
187 248 10
188 260 0
188 274 30
188 200 3
188 202 98
188 238 51
188 239 31
188 240 76
188 250 5
188 252 83
188 253 2
189 268 2
189 209 66
189 251 51
189 234 71
189 237 79
189 241 38
189 253 66
190 269 77
190 272 37
190 278 43
190 282 76
190 286 85
190 289 9
190 213 69
190 218 26
190 221 100
190 223 65
190 276 11
190 244 100
190 212 54
191 265 74
191 259 49
191 282 1
191 286 17
191 296 90
191 297 4
191 192 7
191 222 85
191 225 98
191 247 81
191 252 15
192 265 64
192 271 12
192 282 60
192 285 49
192 193 29
192 208 12
192 209 11
192 294 15
192 233 92
192 235 8
193 256 60
193 264 23
193 270 77
193 286 87
193 292 30
193 293 19
193 296 36
193 247 19
193 251 63
193 298 100
193 255 43
194 270 9
194 200 99
194 228 87
194 229 34
194 246 25
195 270 19
195 285 54
195 288 41
195 297 72
195 201 53
195 200 31
195 204 3
195 208 11
195 291 96
195 216 41
195 250 82
195 222 19
195 227 4
195 238 81
195 240 82
195 242 76
195 245 40
196 257 86
196 264 59
196 272 82
196 277 19
196 287 82
196 298 21
196 204 48
196 292 75
196 224 88
196 234 42
196 239 68
196 245 52
196 249 17
197 258 42
197 276 80
197 279 31
197 287 97
197 293 42
197 297 76
197 200 12
197 215 19
197 234 32
197 235 66
197 248 53
197 251 28
198 268 62
198 273 51
198 286 49
198 287 94
198 295 71
198 297 36
198 204 17
198 212 17
198 228 71
198 230 41
198 237 84
198 251 89
199 288 24
199 227 72
199 292 81
199 200 90
199 279 74
199 268 54
199 273 31
199 216 15
199 201 78
200 259 59
200 271 27
200 216 5
200 217 63
200 245 97
201 267 5
201 276 82
201 296 33
201 203 48
201 214 47
201 219 89
201 248 78
201 249 3
202 256 48
202 267 52
202 276 72
202 283 3
202 293 63
202 294 83
202 295 69
202 224 81
202 225 27
202 241 38
202 244 35
203 268 48
203 271 48
203 206 34
203 226 84
203 243 20
204 256 11
204 278 26
204 289 16
204 210 4
204 228 82
204 236 8
204 248 4
205 235 68
205 260 0
205 266 16
205 273 48
205 214 40
205 228 79
205 229 44
205 250 85
206 265 93
206 272 64
206 282 29
206 284 53
206 289 1
206 214 12
206 227 46
206 236 46
206 242 2
207 237 51
207 280 62
207 275 58
207 276 7
207 243 14
207 271 36
207 220 63
207 224 82
207 232 41
207 233 38
207 244 15
207 254 76
207 255 71
208 291 82
208 212 1
208 271 21
208 221 66
208 223 59
208 250 29
209 274 72
209 295 41
209 212 9
209 214 41
209 217 45
209 219 85
209 229 19
209 251 15
210 274 9
210 287 11
210 299 27
210 215 19
210 223 67
210 234 62
210 253 13
210 242 98
211 269 47
211 273 16
211 286 36
211 295 53
211 223 63
212 263 97
212 280 53
212 288 18
212 298 87
212 223 45
212 255 69
213 260 39
213 294 3
213 231 34
213 297 4
213 266 4
213 235 60
213 268 15
213 237 13
213 240 37
213 252 9
214 265 55
214 289 14
214 224 84
214 226 1
214 240 97
215 257 51
215 259 15
215 279 97
215 293 76
215 296 28
215 298 59
215 248 21
215 250 44
216 257 46
216 259 61
216 279 31
216 284 0
216 222 18
216 225 44
216 239 86
216 248 77
216 255 5
217 219 92
217 234 48
217 254 41
217 241 37
217 244 11
217 245 33
217 250 20
218 289 75
218 226 30
218 228 95
218 236 86
218 272 49
218 285 29
219 299 43
219 223 96
219 231 5
219 240 83
219 255 47
220 258 93
220 242 34
220 248 44
220 255 78
221 264 5
221 276 42
221 290 12
221 295 87
221 298 44
221 239 59
221 242 4
221 247 40
222 264 35
222 276 100
222 287 78
222 298 19
222 231 15
222 254 77
223 265 64
223 271 29
223 297 21
223 224 56
223 246 21
223 254 48
224 256 12
224 259 70
224 266 54
224 267 85
224 268 39
224 277 100
224 251 63
224 229 49
224 252 28
225 259 12
225 261 52
225 267 27
225 268 7
225 292 18
225 298 72
225 234 74
225 241 33
225 249 95
226 262 87
226 274 58
226 280 39
226 284 35
226 285 93
226 294 12
226 299 33
226 237 4
226 250 88
227 268 89
227 273 60
227 277 12
227 229 85
227 238 50
227 243 80
227 249 14
228 262 95
228 270 4
228 276 87
228 284 4
228 294 96
228 297 67
229 259 82
229 265 90
229 274 11
229 277 87
229 246 71
229 252 97
230 262 33
230 274 1
230 275 51
230 283 2
230 292 0
230 293 69
230 294 36
230 234 8
230 245 29
230 276 2
230 250 40
231 268 81
231 271 100
231 261 5
231 293 91
231 297 3
231 233 11
231 253 49
232 257 77
232 239 25
232 244 20
232 285 72
232 255 78
233 287 5
233 298 88
233 269 54
233 236 73
233 237 90
233 248 47
234 285 18
234 286 58
234 291 68
235 272 28
235 285 74
235 289 44
235 294 63
235 241 94
235 243 19
235 254 24
235 255 28
236 256 18
236 279 84
236 287 44
236 296 72
236 297 58
236 251 0
236 237 70
237 258 77
237 262 30
237 263 4
237 270 36
237 273 34
237 299 27
237 246 24
237 253 81
238 266 55
238 269 85
238 279 57
238 286 83
238 272 9
238 240 57
238 251 70
238 252 3
239 258 37
239 286 33
239 297 3
239 240 69
239 250 40
240 263 69
240 276 46
240 281 20
240 287 80
240 264 68
240 243 69
240 248 75
241 270 42
241 272 16
241 298 96
241 243 16
242 256 54
242 258 68
242 259 55
242 272 90
242 273 44
242 274 69
242 289 77
243 261 22
243 273 42
243 274 25
243 283 51
243 296 28
243 270 67
243 244 68
243 248 31
244 273 83
244 278 33
245 265 49
245 272 80
245 251 51
246 262 51
246 263 49
246 267 39
246 282 31
247 278 37
247 259 52
247 270 79
247 271 18
248 271 55
248 277 96
248 286 44
248 288 44
248 289 90
248 252 23
249 256 53
249 259 19
249 275 96
249 278 19
249 285 97
249 288 2
249 290 27
249 292 51
249 255 88
250 260 64
250 261 37
250 280 35
250 286 30
250 296 91
251 259 48
251 260 70
251 283 55
251 297 50
251 298 11
251 289 63
251 290 93
252 256 57
252 299 88
252 273 61
252 290 74
252 298 27
253 270 12
253 279 21
253 288 93
253 295 21
254 288 52
254 262 96
254 263 14
254 268 47
254 271 6
255 278 3
255 295 61
256 264 52
256 268 68
256 271 18
256 273 71
256 260 95
256 284 49
256 287 98
257 261 4
257 263 95
257 275 40
257 278 14
257 297 48
258 281 94
258 268 46
259 271 26
259 277 28
259 291 0
259 293 44
259 283 20
260 279 6
260 289 47
260 281 36
261 266 79
261 276 7
261 282 8
261 283 65
262 263 30
262 264 64
262 277 91
263 270 19
263 277 95
263 278 90
263 282 26
264 274 62
264 283 83
265 296 54
265 270 88
265 287 95
266 269 59
266 273 35
266 288 88
266 294 95
267 290 41
267 271 9
267 287 25
268 279 64
269 290 6
269 280 11
270 271 94
270 293 54
270 298 58
271 283 33
271 297 79
272 281 83
275 283 50
275 293 16
278 283 79
278 295 57
279 282 27
279 285 51
279 287 48
279 293 92
279 299 62
280 282 65
281 283 84
281 289 99
281 286 20
282 291 14
282 293 36
282 298 54
285 292 100
285 298 43
288 289 21
288 293 3
288 294 69
288 298 70
289 291 12
289 293 34
289 297 34
289 299 50
290 293 19
290 297 62
294 295 31
