300 4000
0 257 15
0 258 27
0 273 99
0 20 84
0 21 38
0 280 75
0 25 96
0 284 28
0 157 55
0 291 87
0 296 70
0 170 17
0 43 0
0 55 76
0 186 96
0 67 60
0 198 3
0 201 93
0 74 28
0 77 18
0 83 7
0 85 11
0 152 21
0 225 32
0 98 54
0 228 53
0 103 55
0 231 84
0 112 41
0 114 93
0 243 56
0 244 64
0 124 24
1 3 77
1 6 31
1 65 90
1 8 10
1 265 62
1 14 2
1 19 3
1 153 28
1 27 60
1 284 75
1 30 40
1 32 30
1 291 80
1 164 72
1 295 2
1 43 66
1 49 82
1 155 48
1 181 25
1 63 71
1 193 41
1 67 66
1 199 13
1 201 96
1 204 37
1 206 8
1 36 69
1 222 61
1 97 6
1 227 63
1 102 64
1 107 24
1 249 33
1 191 88
1 252 38
1 127 86
2 129 43
2 130 34
2 12 12
2 16 38
2 283 97
2 288 97
2 33 100
2 35 29
2 167 20
2 169 67
2 47 66
2 50 29
2 180 90
2 191 57
2 66 62
2 69 3
2 200 5
2 140 32
2 80 20
2 211 23
2 213 77
2 217 69
2 220 40
2 96 74
2 98 86
2 236 64
2 114 92
2 268 88
2 127 52
3 259 1
3 6 91
3 140 84
3 269 64
3 146 24
3 19 67
3 20 20
3 279 49
3 31 32
3 160 44
3 36 5
3 134 58
3 167 4
3 169 30
3 172 72
3 45 72
3 50 5
3 53 28
3 184 69
3 60 5
3 197 89
3 70 100
3 72 7
3 221 43
3 97 39
3 229 8
3 102 85
3 109 13
3 243 66
3 116 64
4 131 99
4 6 55
4 138 66
4 141 43
4 14 25
4 15 66
4 16 58
4 273 83
4 19 52
4 21 77
4 150 86
4 23 54
4 153 32
4 154 10
4 155 10
4 28 97
4 158 55
4 160 86
4 37 32
4 166 53
4 168 62
4 173 97
4 174 43
4 47 53
4 49 12
4 200 62
4 201 2
4 45 94
4 79 92
4 83 9
4 216 53
4 89 31
4 224 32
4 99 19
4 103 60
4 105 3
4 238 87
4 149 12
5 256 47
5 259 97
5 265 60
5 139 38
5 274 95
5 21 45
5 29 78
5 159 17
5 32 59
5 38 16
5 298 83
5 44 39
5 178 55
5 182 89
5 59 8
5 189 42
5 190 6
5 73 35
5 207 72
5 82 29
5 83 43
5 214 50
5 217 12
5 229 77
5 108 84
5 109 22
5 240 35
5 245 88
5 247 52
5 122 9
6 265 39
6 12 33
6 271 77
6 273 57
6 274 56
6 149 54
6 281 71
6 153 17
6 286 93
6 165 75
6 166 13
6 295 93
6 297 83
6 174 60
6 61 94
6 119 7
6 224 58
6 102 36
6 18 79
6 247 28
7 224 71
7 66 76
7 164 23
7 147 48
7 294 77
7 199 40
7 74 61
7 159 94
7 48 6
7 17 36
7 83 83
7 121 90
7 248 88
7 153 62
7 123 34
7 234 71
7 88 18
7 223 41
8 133 6
8 266 81
8 143 41
8 272 82
8 18 60
8 24 38
8 160 97
8 167 1
8 168 98
8 298 59
8 44 49
8 180 25
8 184 54
8 193 71
8 66 29
8 198 22
8 72 37
8 83 86
8 271 17
8 99 14
8 109 45
8 240 96
8 116 63
8 119 70
8 120 27
8 249 48
8 251 31
9 132 90
9 135 79
9 15 2
9 154 55
9 287 55
9 161 4
9 40 72
9 41 1
9 263 5
9 177 9
9 51 59
9 180 12
9 185 56
9 66 6
9 91 17
9 93 65
9 223 67
9 97 72
9 230 40
9 122 83
9 124 89
9 126 48
10 132 1
10 139 81
10 13 64
10 271 97
10 148 87
10 281 47
10 280 86
10 25 63
10 282 84
10 28 83
10 26 4
10 291 98
10 284 29
10 188 21
10 61 54
10 192 62
10 74 67
10 77 34
10 269 22
10 209 21
10 211 12
10 85 54
10 215 43
10 216 100
10 218 67
10 227 27
10 232 90
10 108 90
10 240 93
10 247 21
10 121 61
11 132 92
11 264 39
11 144 76
11 260 77
11 156 2
11 285 45
11 286 56
11 32 22
11 33 11
11 39 22
11 116 85
11 65 84
11 198 72
11 202 11
11 206 0
11 84 78
11 85 59
11 88 1
11 212 97
11 240 51
11 244 89
11 121 67
11 251 70
12 264 77
12 13 36
12 14 76
12 146 45
12 24 25
12 239 95
12 284 53
12 32 24
12 283 80
12 168 0
12 170 32
12 44 59
12 179 15
12 182 47
12 200 2
12 126 59
12 210 5
12 90 96
12 222 92
12 223 78
12 102 30
12 105 42
12 234 45
12 111 3
12 114 88
12 245 99
12 252 59
12 106 56
12 254 26
13 256 92
13 257 28
13 258 37
13 260 91
13 133 49
13 139 12
13 141 25
13 15 69
13 150 54
13 29 87
13 31 32
13 295 5
13 41 63
13 45 40
13 157 100
13 176 12
13 186 84
13 189 93
13 63 10
13 192 50
13 194 0
13 196 70
13 198 82
13 78 11
13 212 1
13 93 48
13 222 76
13 100 85
13 231 38
13 103 41
13 238 49
13 243 72
13 126 71
14 256 90
14 129 73
14 131 28
14 136 90
14 15 52
14 17 42
14 146 11
14 174 32
14 279 9
14 156 76
14 164 28
14 297 67
14 43 93
14 44 94
14 45 34
14 46 59
14 183 0
14 187 8
14 204 64
14 205 84
14 207 62
14 210 79
14 84 41
14 292 60
14 218 63
14 143 95
14 135 97
14 222 6
14 95 82
14 126 56
14 246 54
14 212 66
14 254 88
15 51 0
15 290 96
15 196 34
15 102 6
15 167 59
15 267 12
15 271 97
15 273 47
15 243 26
15 152 32
15 58 75
15 31 52
15 30 15
15 127 22
16 137 30
16 268 64
16 18 18
16 20 21
16 217 34
16 280 59
16 285 52
16 287 60
16 291 14
16 42 16
16 46 14
16 49 42
16 182 38
16 74 66
16 88 67
16 89 82
16 90 27
16 94 15
16 95 57
16 100 89
16 102 89
16 274 41
17 107 95
17 134 1
17 140 49
17 147 46
17 148 29
17 153 54
17 154 15
17 293 20
17 295 25
17 170 39
17 172 17
17 178 1
17 51 88
17 56 7
17 189 93
17 67 74
17 196 76
17 69 60
17 200 72
17 201 51
17 184 12
17 217 72
17 93 53
17 234 29
17 235 72
17 61 80
17 243 26
18 130 17
18 267 25
18 142 82
18 146 34
18 149 6
18 24 22
18 25 6
18 154 52
18 287 23
18 33 100
18 44 98
18 174 49
18 178 41
18 139 65
18 197 87
18 75 44
18 204 77
18 206 29
18 89 69
18 218 26
18 97 23
18 99 18
18 228 73
18 102 18
18 103 52
18 104 35
18 238 30
18 244 22
18 251 46
18 124 95
18 253 66
19 138 17
19 141 21
19 274 100
19 131 5
19 22 86
19 24 81
19 90 26
19 287 65
19 44 94
19 178 44
19 179 62
19 182 90
19 185 72
19 187 58
19 188 62
19 191 90
19 208 34
19 82 16
19 88 85
19 217 65
19 218 49
19 100 91
19 105 36
19 106 99
19 236 22
19 119 29
20 263 95
20 137 65
20 143 13
20 146 0
20 280 53
20 282 52
20 285 81
20 160 41
20 165 89
20 175 51
20 181 89
20 61 92
20 69 18
20 202 66
20 211 36
20 84 10
20 229 100
20 102 64
20 250 77
21 264 22
21 267 19
21 173 79
21 144 63
21 277 74
21 22 80
21 27 43
21 156 73
21 31 6
21 160 36
21 162 97
21 292 17
21 39 63
21 45 18
21 48 28
21 184 99
21 188 13
21 66 82
21 200 40
21 206 14
21 79 63
21 84 19
21 93 16
21 229 75
21 234 51
21 235 60
21 236 41
21 110 37
21 247 87
21 120 8
22 258 49
22 259 66
22 270 54
22 143 11
22 272 55
22 88 25
22 150 76
22 281 29
22 161 69
22 34 55
22 291 43
22 164 50
22 37 96
22 169 41
22 47 16
22 187 95
22 189 33
22 63 39
22 68 0
22 216 68
22 226 99
22 99 63
22 100 13
22 231 20
22 108 21
22 110 77
23 266 18
23 278 96
23 24 38
23 284 75
23 158 80
23 289 100
23 171 75
23 175 81
23 177 4
23 191 35
23 64 94
23 66 82
23 72 57
23 77 78
23 82 6
23 94 72
23 96 70
23 231 54
23 236 90
23 238 22
23 113 60
23 114 11
23 116 9
23 122 85
23 254 83
24 257 94
24 263 39
24 138 84
24 139 97
24 158 97
24 32 61
24 36 7
24 146 76
24 168 75
24 169 97
24 44 61
24 175 59
24 264 87
24 50 9
24 180 38
24 87 69
24 187 9
24 191 79
24 65 20
24 206 43
24 82 21
24 213 70
24 214 96
24 215 97
24 217 49
24 105 71
24 274 40
24 110 35
24 296 88
24 246 58
25 133 79
25 264 5
25 143 10
25 279 34
25 288 25
25 170 59
25 171 94
25 51 88
25 57 71
25 186 87
25 187 6
25 63 49
25 64 79
25 65 71
25 70 62
25 75 66
25 207 64
25 208 89
25 83 11
25 95 94
25 99 9
25 105 13
25 109 50
25 114 85
25 248 18
26 299 23
26 264 6
26 265 5
26 269 60
26 271 13
26 276 71
26 196 37
26 165 3
26 295 81
26 43 66
26 136 36
26 184 60
26 190 68
26 191 92
26 195 34
26 68 47
26 73 96
26 85 1
26 97 29
26 103 82
26 107 82
26 237 17
26 111 66
26 117 10
26 118 66
26 148 97
26 126 12
27 260 49
27 261 50
27 265 59
27 139 72
27 285 43
27 30 77
27 287 56
27 289 9
27 164 99
27 169 30
27 170 65
27 43 62
27 179 11
27 182 27
27 185 38
27 191 96
27 71 75
27 203 49
27 208 53
27 211 73
27 220 32
27 218 20
27 92 10
27 221 63
27 236 82
27 111 90
27 121 8
27 63 33
27 124 31
28 227 2
28 246 40
28 166 1
28 233 67
28 29 48
28 237 43
28 109 36
28 280 13
28 274 40
28 243 8
28 149 74
28 150 64
28 248 9
28 86 36
28 285 55
28 134 25
28 31 81
29 32 12
29 65 39
29 34 14
29 36 17
29 68 14
29 137 41
29 173 32
29 270 64
29 81 36
29 37 61
29 142 25
29 246 27
29 297 86
29 153 93
29 201 94
29 61 2
29 94 18
29 165 56
30 260 48
30 257 30
30 269 97
30 146 41
30 276 84
30 150 51
30 159 68
30 291 17
30 58 93
30 189 8
30 63 17
30 196 35
30 73 100
30 83 50
30 212 21
30 96 46
30 97 99
30 233 42
30 236 39
30 117 98
30 119 10
31 263 58
31 264 25
31 266 41
31 151 33
31 279 25
31 152 36
31 33 29
31 290 70
31 163 2
31 292 65
31 38 4
31 167 7
31 296 66
31 47 46
31 178 88
31 179 16
31 53 90
31 184 32
31 73 35
31 81 75
31 83 0
31 212 47
31 87 20
31 164 89
31 218 61
31 230 10
31 231 98
31 109 56
31 243 95
31 117 83
32 258 44
32 133 37
32 154 52
32 290 71
32 164 100
32 38 21
32 167 12
32 172 12
32 176 10
32 185 25
32 77 100
32 81 26
32 82 7
32 88 55
32 222 100
32 99 2
32 230 87
32 106 1
32 110 47
32 114 14
32 234 85
32 125 91
32 255 98
33 263 41
33 150 91
33 151 76
33 152 36
33 282 14
33 156 80
33 160 26
33 41 16
33 51 47
33 182 29
33 287 99
33 194 1
33 139 67
33 54 19
33 198 29
33 205 10
33 81 54
33 219 10
33 224 37
33 236 80
34 96 97
34 161 36
34 194 41
34 115 94
34 100 2
34 182 79
34 243 72
34 118 31
34 171 30
34 203 79
34 125 54
34 157 61
34 136 10
34 82 45
34 179 28
34 213 72
34 91 50
34 255 52
35 129 81
35 258 24
35 134 95
35 263 89
35 138 55
35 140 78
35 146 68
35 275 22
35 149 53
35 150 42
35 280 46
35 160 15
35 290 14
35 164 11
35 262 27
35 60 54
35 189 64
35 63 25
35 66 97
35 195 74
35 88 90
35 220 63
35 96 84
35 245 52
35 121 47
35 191 36
35 124 52
36 260 100
36 135 38
36 136 41
36 270 94
36 275 64
36 149 28
36 151 41
36 153 78
36 283 44
36 287 8
36 44 85
36 175 80
36 176 41
36 49 83
36 53 58
36 84 59
36 227 92
36 114 48
36 122 77
36 124 68
36 127 5
37 128 67
37 131 52
37 133 35
37 134 19
37 135 80
37 195 20
37 281 24
37 155 63
37 156 64
37 285 88
37 297 78
37 174 53
37 48 95
37 180 91
37 59 72
37 60 14
37 62 51
37 191 59
37 67 17
37 68 30
37 201 5
37 204 12
37 212 31
37 99 74
37 102 15
37 243 24
37 244 99
37 123 6
38 134 74
38 265 31
38 140 44
38 147 21
38 278 92
38 157 62
38 40 72
38 170 27
38 45 12
38 48 0
38 179 22
38 54 58
38 192 96
38 204 75
38 205 0
38 209 68
38 90 83
38 229 17
38 104 17
38 238 37
38 126 42
39 128 1
39 131 71
39 134 66
39 143 46
39 259 96
39 277 72
39 158 94
39 159 3
39 290 75
39 293 78
39 42 18
39 176 27
39 182 37
39 202 1
39 65 36
39 194 2
39 70 70
39 74 89
39 75 20
39 88 1
39 90 47
39 91 3
39 98 7
39 233 42
39 235 5
39 109 65
39 110 77
39 245 48
39 126 54
40 133 4
40 48 87
40 107 90
40 69 99
40 71 5
40 74 85
40 139 10
40 236 52
40 80 13
40 152 24
40 114 98
40 179 58
40 148 51
40 87 32
40 184 67
40 90 19
40 92 67
40 286 51
40 295 48
41 131 78
41 138 65
41 139 0
41 142 70
41 147 12
41 287 12
41 291 0
41 43 55
41 172 21
41 174 13
41 47 26
41 48 39
41 50 11
41 51 72
41 181 76
41 182 87
41 289 59
41 82 68
41 89 9
41 94 77
41 223 7
41 97 23
41 98 74
41 110 70
41 113 18
42 135 32
42 137 76
42 143 60
42 147 21
42 171 53
42 173 62
42 176 49
42 180 57
42 52 92
42 189 45
42 193 96
42 199 97
42 74 66
42 78 11
42 210 58
42 221 83
42 144 73
42 229 39
42 105 80
42 234 26
42 295 64
42 125 84
42 253 39
42 126 23
43 290 25
43 194 65
43 267 97
43 109 29
43 125 88
43 50 67
43 243 50
43 155 47
43 246 55
43 283 75
43 89 48
43 186 99
43 253 82
43 254 15
44 134 21
44 143 59
44 145 17
44 148 84
44 282 47
44 287 54
44 294 10
44 167 82
44 159 13
44 223 78
44 264 51
44 181 68
44 187 57
44 198 65
44 292 47
44 209 19
44 210 37
44 212 56
44 217 17
44 222 35
44 95 77
44 226 55
44 231 24
44 233 96
44 239 79
44 244 95
45 256 21
45 262 51
45 265 65
45 273 47
45 276 50
45 151 36
45 164 83
45 293 30
45 167 100
45 297 67
45 50 61
45 54 66
45 62 28
45 68 62
45 203 55
45 206 91
45 85 32
45 88 99
45 222 100
45 227 23
45 231 33
45 233 66
45 106 88
45 236 12
45 127 36
46 133 8
46 139 69
46 140 94
46 273 42
46 149 74
46 157 59
46 288 64
46 290 11
46 173 26
46 285 58
46 49 21
46 53 63
46 187 47
46 61 16
46 191 37
46 181 22
46 200 82
46 92 57
46 224 27
46 225 12
46 102 76
46 145 40
46 109 47
46 247 25
46 123 30
47 261 76
47 141 12
47 142 73
47 281 98
47 155 9
47 284 11
47 290 32
47 293 49
47 296 55
47 297 50
47 177 69
47 61 11
47 63 36
47 206 58
47 88 56
47 221 70
47 251 13
47 230 91
47 104 45
47 110 25
47 245 33
47 247 41
47 191 65
47 213 68
48 259 17
48 136 29
48 271 12
48 154 73
48 171 30
48 174 42
48 192 83
48 196 93
48 197 74
48 71 81
48 205 0
48 212 100
48 215 22
48 218 67
48 220 69
48 228 17
48 237 5
48 244 25
48 297 31
48 252 8
49 129 26
49 265 97
49 138 12
49 139 39
49 270 45
49 277 96
49 152 34
49 284 38
49 158 60
49 288 37
49 172 91
49 266 86
49 191 50
49 212 33
49 85 2
49 292 2
49 97 85
49 102 97
49 236 94
49 240 51
49 114 76
49 123 74
50 128 22
50 129 89
50 171 2
50 137 34
50 138 90
50 278 81
50 279 56
50 158 69
50 164 46
50 293 31
50 294 81
50 174 29
50 186 11
50 59 10
50 64 86
50 203 44
50 68 92
50 75 10
50 209 60
50 223 66
50 98 25
50 231 25
50 105 59
50 109 28
50 120 71
51 129 32
51 266 31
51 286 88
51 167 30
51 297 75
51 171 87
51 181 68
51 265 48
51 184 54
51 60 3
51 118 37
51 199 64
51 72 100
51 201 69
51 76 0
51 207 21
51 92 94
51 82 14
51 86 32
51 71 42
51 219 48
51 220 34
51 94 40
51 230 10
51 145 32
51 235 57
51 237 82
51 111 68
51 117 18
51 246 93
51 251 32
51 127 64
52 128 9
52 290 15
52 195 1
52 196 6
52 228 25
52 166 26
52 231 97
52 296 95
52 105 50
52 276 85
52 237 84
52 104 51
52 178 33
52 275 71
52 148 55
52 83 75
52 121 94
52 220 60
52 94 10
52 255 91
53 258 65
53 260 3
53 136 46
53 141 4
53 272 53
53 146 71
53 278 11
53 298 67
53 56 28
53 189 93
53 62 97
53 63 61
53 195 7
53 71 97
53 72 52
53 204 60
53 184 16
53 85 17
53 88 50
53 93 97
53 96 54
53 234 32
53 236 89
53 237 37
53 110 17
53 61 26
53 170 15
54 290 35
54 259 20
54 214 5
54 263 85
54 234 31
54 225 31
54 273 42
54 243 1
54 276 81
54 181 78
54 150 17
54 215 55
54 130 84
54 230 16
54 202 67
54 287 32
55 288 95
55 66 34
55 166 98
55 134 93
55 167 86
55 168 22
55 268 71
55 111 75
55 209 0
55 146 50
55 116 15
55 280 57
55 186 71
55 59 45
55 220 92
55 282 31
55 254 7
55 197 83
56 256 26
56 268 34
56 142 38
56 164 61
56 297 45
56 299 54
56 179 39
56 184 14
56 189 18
56 64 16
56 193 22
56 75 40
56 77 7
56 209 81
56 292 44
56 93 75
56 95 47
56 224 29
56 98 14
56 145 16
56 104 46
56 235 23
56 114 62
57 128 69
57 225 70
57 163 98
57 198 91
57 113 16
57 296 93
57 106 80
57 138 83
57 177 31
57 158 62
57 254 74
57 216 63
57 184 47
57 92 0
57 285 7
57 190 54
58 263 76
58 264 85
58 268 64
58 142 60
58 151 14
58 153 39
58 284 92
58 288 74
58 293 80
58 183 52
58 67 36
58 199 12
58 73 25
58 212 30
58 96 60
58 124 95
58 106 48
58 108 87
58 113 23
58 243 26
58 245 49
58 247 3
58 122 92
58 281 45
59 193 3
59 98 5
59 129 41
59 205 58
59 147 42
59 278 44
59 151 92
59 249 48
59 155 64
59 284 29
59 61 9
59 62 72
60 128 61
60 290 25
60 259 68
60 232 73
60 262 11
60 205 71
60 78 85
60 242 46
60 181 9
60 216 16
60 95 53
60 253 58
60 223 78
61 264 26
61 146 1
61 277 54
61 152 90
61 284 0
61 160 67
61 162 12
61 166 9
61 169 36
61 180 93
61 181 75
61 183 83
61 62 59
61 66 10
61 74 40
61 209 58
61 297 37
61 94 93
61 225 69
61 101 47
61 145 51
61 107 94
61 117 21
61 118 96
61 247 28
61 254 59
62 260 23
62 276 43
62 149 21
62 157 98
62 286 81
62 287 17
62 288 79
62 169 36
62 176 89
62 178 3
62 183 11
62 201 94
62 202 58
62 206 2
62 212 69
62 213 6
62 215 67
62 96 20
62 97 81
62 230 1
62 102 97
62 234 20
62 236 46
62 114 11
62 252 38
62 253 65
62 254 11
63 264 69
63 139 39
63 143 89
63 274 96
63 284 43
63 159 15
63 289 62
63 290 48
63 294 93
63 167 47
63 176 59
63 197 74
63 203 5
63 77 80
63 213 87
63 216 99
63 91 86
63 95 12
63 231 1
63 116 15
63 250 34
63 125 50
64 257 96
64 131 63
64 133 0
64 259 34
64 285 96
64 168 21
64 299 91
64 172 51
64 183 75
64 188 77
64 72 4
64 74 85
64 99 42
64 84 45
64 226 30
64 227 31
64 100 3
64 102 52
64 239 3
64 244 65
64 118 43
64 251 4
64 253 90
64 126 87
65 194 23
65 291 100
65 100 81
65 209 3
65 139 70
65 204 67
65 115 36
65 106 28
65 216 82
65 251 38
65 92 65
65 125 25
66 259 55
66 133 20
66 143 82
66 272 49
66 152 56
66 287 65
66 291 87
66 186 32
66 194 34
66 67 32
66 200 94
66 77 58
66 212 83
66 87 73
66 89 82
66 90 86
66 220 22
66 94 53
66 102 57
66 108 93
66 240 22
66 242 1
66 251 93
66 125 46
67 263 43
67 272 82
67 148 2
67 151 63
67 280 36
67 288 89
67 163 21
67 297 36
67 194 6
67 69 95
67 199 0
67 200 94
67 75 55
67 208 14
67 88 56
67 225 21
67 100 87
67 233 16
67 235 40
67 239 6
68 131 78
68 140 6
68 269 29
68 147 31
68 289 39
68 165 62
68 294 54
68 295 69
68 296 0
68 170 8
68 178 81
68 188 85
68 195 1
68 196 61
68 73 24
68 202 1
68 204 6
68 79 1
68 210 79
68 85 77
68 118 64
68 120 70
69 256 54
69 132 93
69 138 14
69 269 77
69 152 97
69 282 94
69 70 73
69 173 29
69 177 44
69 179 87
69 182 35
69 184 25
69 192 69
69 198 91
69 77 9
69 78 68
69 79 55
69 213 98
69 86 51
69 273 42
69 232 21
69 241 0
69 115 70
69 117 97
69 118 23
69 276 26
70 261 45
70 138 83
70 273 83
70 275 11
70 148 20
70 282 4
70 154 62
70 163 4
70 294 40
70 169 14
70 157 34
70 72 81
70 188 15
70 196 8
70 200 71
70 81 8
70 83 80
70 87 74
70 218 62
70 227 42
70 102 1
70 167 82
70 109 63
70 247 88
70 251 62
71 272 58
71 258 31
71 294 8
71 243 50
71 136 51
71 233 40
71 202 27
71 268 51
71 145 57
71 143 45
71 88 14
71 280 72
71 249 15
71 216 40
71 72 59
72 258 0
72 260 71
72 264 75
72 143 73
72 280 58
72 153 11
72 156 63
72 291 40
72 165 32
72 166 5
72 168 2
72 174 45
72 186 56
72 205 99
72 81 59
72 85 18
72 214 75
72 88 35
72 217 85
72 102 74
72 106 13
72 236 21
72 109 44
72 240 34
72 250 8
72 124 28
73 130 22
73 131 11
73 262 85
73 267 67
73 270 41
73 271 36
73 147 54
73 148 90
73 283 34
73 158 58
73 288 10
73 162 78
73 163 33
73 165 22
73 170 45
73 171 91
73 94 54
73 190 59
73 200 19
73 82 24
73 83 48
73 86 69
73 216 70
73 220 15
73 222 45
73 100 51
73 229 82
73 231 91
73 233 48
73 238 82
73 105 24
73 124 0
74 136 80
74 271 72
74 149 45
74 166 13
74 172 64
74 243 54
74 180 67
74 199 69
74 85 93
74 90 76
74 229 61
74 231 59
74 104 24
74 108 79
74 237 56
74 115 24
74 118 59
74 248 41
75 267 33
75 271 55
75 144 65
75 274 41
75 218 9
75 285 80
75 288 34
75 237 9
75 290 54
75 189 20
75 83 93
75 213 81
75 87 94
75 90 43
75 224 81
75 97 1
75 226 1
75 236 86
75 115 13
75 120 71
75 249 32
75 250 94
76 257 93
76 136 16
76 147 63
76 151 30
76 152 17
76 281 77
76 158 93
76 167 38
76 92 41
76 298 88
76 178 73
76 182 43
76 199 92
76 202 63
76 79 19
76 220 23
76 221 91
76 105 25
76 107 39
76 236 47
76 240 81
76 244 44
76 251 79
77 257 63
77 259 45
77 141 69
77 275 32
77 148 30
77 284 28
77 160 39
77 162 91
77 292 76
77 168 78
77 170 51
77 198 69
77 199 72
77 204 60
77 82 88
77 211 46
77 214 66
77 164 77
77 91 42
77 92 3
77 93 45
77 123 4
77 251 12
78 129 3
78 261 3
78 265 13
78 138 56
78 152 95
78 274 19
78 280 88
78 154 6
78 285 40
78 159 78
78 289 44
78 290 43
78 166 45
78 173 10
78 206 90
78 207 95
78 81 53
78 89 75
78 79 54
78 109 9
78 112 24
78 243 13
78 123 66
79 160 79
79 100 15
79 126 94
79 259 87
79 101 71
79 103 58
79 200 74
79 266 27
79 239 74
79 178 64
79 206 6
79 247 54
79 293 31
79 156 70
79 254 19
80 96 37
80 97 91
80 194 60
80 196 21
80 133 20
80 81 57
80 199 64
80 296 56
80 172 34
80 268 56
80 221 9
80 272 28
80 243 54
80 292 19
80 250 74
80 168 68
80 188 33
80 273 53
80 254 55
81 264 22
81 271 14
81 146 84
81 277 89
81 287 54
81 162 47
81 299 1
81 174 42
81 161 38
81 209 91
81 210 93
81 84 3
81 88 37
81 218 63
81 227 44
81 100 58
81 103 18
81 116 22
81 245 55
81 120 19
82 138 99
82 140 43
82 145 27
82 281 65
82 159 69
82 160 32
82 170 22
82 177 17
82 182 55
82 189 27
82 205 84
82 208 99
82 214 75
82 92 49
82 235 38
82 243 39
82 244 24
82 126 56
82 124 41
82 254 15
83 131 7
83 264 64
83 279 62
83 154 86
83 284 10
83 164 49
83 294 87
83 263 11
83 178 49
83 202 59
83 88 44
83 229 66
83 230 93
83 237 61
83 113 77
83 244 72
83 153 71
83 254 8
83 255 75
84 128 10
84 131 62
84 266 62
84 269 17
84 273 38
84 150 1
84 154 72
84 155 17
84 283 84
84 179 71
84 186 12
84 194 42
84 139 54
84 203 28
84 209 94
84 211 66
84 217 85
84 91 93
84 225 91
84 102 39
84 237 74
84 116 43
84 249 23
85 132 39
85 263 7
85 136 99
85 266 72
85 139 84
85 145 53
85 282 29
85 283 9
85 289 5
85 157 88
85 176 51
85 180 32
85 188 57
85 204 92
85 215 14
85 217 57
85 218 76
85 225 78
85 101 96
85 240 58
86 176 33
86 227 88
86 196 29
86 261 95
86 230 55
86 297 69
86 299 100
86 269 48
86 206 32
86 240 13
86 241 29
86 146 22
86 94 93
86 185 35
86 223 31
86 126 28
86 287 60
87 293 54
87 292 40
87 165 9
87 103 0
87 266 25
87 162 63
87 143 32
87 246 68
87 215 20
87 154 45
87 91 20
87 188 82
87 125 21
87 190 80
88 129 85
88 263 95
88 271 39
88 146 78
88 281 75
88 158 2
88 289 99
88 189 69
88 191 98
88 197 94
88 221 85
88 101 87
88 235 95
88 236 0
89 135 91
89 138 37
89 283 7
89 287 33
89 161 68
89 175 22
89 188 89
89 195 54
89 198 10
89 289 63
89 201 22
89 210 15
89 94 57
89 223 14
89 229 61
89 110 10
89 114 62
89 120 33
89 126 52
90 128 23
90 135 39
90 239 99
90 287 6
90 296 43
90 170 4
90 172 37
90 215 1
90 216 69
90 93 26
90 94 89
90 123 84
90 104 81
90 235 93
90 111 25
90 117 68
90 247 100
90 249 31
90 251 0
91 135 69
91 136 84
91 271 99
91 150 8
91 155 99
91 289 59
91 164 16
91 169 30
91 172 27
91 174 81
91 188 95
91 189 76
91 192 45
91 214 0
91 219 84
91 95 60
91 224 11
91 99 82
91 232 83
91 233 6
91 106 32
91 235 54
91 243 43
91 122 93
91 255 74
92 260 46
92 266 70
92 140 9
92 145 87
92 277 97
92 166 23
92 175 74
92 177 77
92 203 71
92 215 85
92 221 54
92 102 81
92 108 16
92 114 45
92 244 76
92 248 85
92 254 92
93 257 79
93 130 23
93 263 51
93 137 30
93 143 75
93 152 85
93 153 23
93 159 3
93 166 8
93 192 95
93 194 17
93 199 30
93 203 54
93 208 56
93 210 13
93 219 38
93 220 66
93 222 33
93 273 27
93 235 33
93 110 50
93 239 1
93 115 30
93 246 49
93 248 25
94 263 92
94 280 26
94 289 69
94 290 32
94 188 74
94 190 33
94 213 86
94 227 81
94 232 50
94 235 57
94 243 50
94 118 12
94 169 87
94 120 5
94 123 34
95 292 92
95 134 88
95 105 8
95 127 89
95 280 79
95 243 42
95 276 52
95 214 48
95 279 70
95 153 6
95 189 46
96 129 40
96 132 18
96 258 92
96 151 47
96 152 82
96 155 37
96 174 24
96 178 67
96 185 26
96 245 87
96 193 69
96 195 35
96 200 58
96 203 52
96 209 94
96 211 49
96 224 68
96 105 74
96 117 28
96 118 33
97 130 43
97 132 17
97 264 7
97 140 70
97 269 1
97 287 44
97 291 33
97 173 12
97 179 97
97 137 47
97 189 43
97 194 62
97 202 67
97 208 26
97 230 91
97 102 50
97 234 80
97 237 22
97 238 98
97 248 61
97 254 80
98 129 64
98 229 21
98 230 73
98 168 36
98 199 78
98 236 12
98 145 52
98 248 44
98 250 60
98 167 97
99 130 67
99 259 12
99 133 45
99 275 20
99 174 3
99 177 52
99 180 34
99 195 43
99 203 63
99 206 28
99 214 47
99 217 20
99 223 44
99 232 23
99 106 22
99 236 52
99 238 1
99 114 14
99 248 41
99 254 74
100 129 99
100 137 86
100 290 75
100 140 39
100 274 80
100 149 56
100 279 42
100 282 20
100 292 61
100 165 71
100 191 32
100 205 22
100 210 15
100 222 55
100 227 96
100 105 4
100 115 58
100 254 91
100 277 78
101 240 77
101 230 41
101 194 42
101 232 80
101 105 87
101 157 8
101 141 14
101 142 95
101 272 22
101 273 89
101 243 44
101 278 31
101 111 10
101 156 70
101 253 98
101 190 28
101 127 50
102 261 53
102 148 25
102 165 50
102 294 41
102 170 93
102 173 42
102 179 0
102 181 49
102 205 48
102 210 97
102 249 87
103 258 18
103 136 18
103 139 69
103 142 33
103 260 50
103 285 47
103 286 39
103 298 44
103 172 67
103 175 7
103 196 98
103 223 56
103 109 98
103 124 15
104 267 31
104 167 15
104 171 23
104 204 14
104 176 11
104 184 80
104 106 54
104 149 9
104 215 0
104 217 43
104 156 19
104 157 56
105 128 76
105 132 87
105 140 61
105 270 58
105 161 52
105 165 50
105 176 32
105 177 80
105 200 37
105 209 5
105 216 36
105 218 25
105 232 50
105 234 31
105 235 43
105 239 40
105 249 2
105 126 36
106 135 15
106 109 43
106 144 53
106 146 64
106 282 32
106 284 87
106 164 82
106 187 50
106 247 17
106 210 98
106 107 47
106 237 89
106 111 76
106 241 85
106 251 73
106 249 19
106 122 35
106 123 84
106 253 53
106 254 6
107 258 91
107 227 6
107 263 99
107 265 58
107 204 51
107 176 43
107 177 39
107 146 99
107 195 83
107 116 33
107 247 48
107 153 20
107 283 69
107 281 10
108 131 59
108 260 14
108 139 4
108 269 57
108 142 46
108 237 74
108 145 10
108 147 0
108 153 48
108 287 40
108 162 95
108 174 90
108 182 37
108 183 58
108 159 4
108 209 81
108 211 92
108 220 17
108 186 82
108 109 45
108 243 32
108 248 92
108 124 16
108 125 100
108 254 93
109 144 7
109 163 72
109 294 79
109 167 74
109 176 5
109 185 42
109 191 70
109 208 9
109 225 8
109 229 28
109 235 34
109 237 28
109 113 60
109 242 68
109 116 3
109 127 6
110 129 69
110 261 22
110 262 34
110 138 71
110 140 0
110 149 6
110 284 17
110 159 2
110 163 54
110 165 23
110 168 0
110 173 34
110 193 49
110 120 30
111 128 90
111 259 53
111 132 40
111 263 69
111 276 12
111 159 83
111 288 85
111 173 29
111 174 54
111 183 44
111 209 64
111 217 70
111 222 22
111 255 50
112 256 12
112 130 16
112 293 7
112 231 42
112 240 62
112 277 57
112 182 55
112 119 83
112 152 83
112 250 29
112 125 52
112 222 92
113 192 75
113 136 50
113 296 65
113 265 56
113 298 77
113 267 16
113 254 39
113 117 39
113 159 96
113 281 35
113 222 76
113 181 23
114 142 50
114 144 72
114 146 77
114 275 19
114 148 18
114 150 4
114 155 64
114 284 71
114 163 39
114 174 55
114 183 94
114 185 11
114 189 86
114 192 97
114 202 2
114 168 14
114 117 86
114 249 14
114 124 64
114 253 10
115 264 4
115 145 66
115 274 15
115 150 18
115 151 89
115 152 25
115 157 100
115 160 70
115 298 51
115 175 99
115 136 5
115 202 10
115 195 81
115 222 52
115 273 94
115 221 2
116 258 23
116 147 7
116 149 12
116 282 4
116 286 65
116 170 88
116 299 80
116 210 38
116 221 71
116 229 54
116 230 65
116 236 77
116 240 40
116 242 96
116 247 39
117 158 47
117 149 95
117 163 53
117 299 20
117 175 62
117 176 5
117 181 67
117 205 12
117 211 82
117 236 65
117 249 7
117 123 38
118 133 94
118 267 56
118 271 30
118 149 83
118 196 64
118 283 90
118 286 95
118 291 28
118 166 39
118 295 63
118 177 30
118 184 90
118 198 5
118 204 22
118 125 68
119 263 69
119 270 9
119 157 3
119 289 4
119 199 22
119 240 82
119 175 68
119 179 35
119 158 27
119 191 31
119 198 6
119 161 72
119 207 64
119 212 8
119 228 10
119 233 19
119 127 52
120 256 46
120 270 84
120 273 72
120 277 11
120 279 53
120 289 31
120 290 99
120 292 71
120 182 21
120 185 36
120 216 68
120 225 98
120 252 43
120 253 74
121 133 45
121 134 25
121 135 60
121 140 29
121 151 2
121 153 0
121 154 94
121 164 44
121 172 59
121 183 18
121 187 19
121 195 69
121 201 24
121 211 35
121 232 51
121 235 21
121 238 63
121 239 61
121 249 67
121 124 62
121 125 80
122 258 46
122 294 92
122 262 89
122 134 65
122 183 22
122 140 54
122 170 59
122 245 83
122 282 30
122 261 51
123 261 61
123 134 71
123 280 60
123 293 21
123 167 100
123 170 99
123 299 9
123 179 89
123 186 33
123 196 41
123 197 5
123 177 6
123 209 27
123 218 85
123 221 86
123 237 32
123 243 48
124 128 63
124 135 94
124 150 73
124 159 33
124 165 80
124 294 11
124 170 69
124 299 8
124 194 50
124 202 28
124 186 5
124 228 37
124 234 46
125 128 5
125 266 36
125 140 27
125 155 55
125 186 74
125 190 94
125 268 49
125 160 45
125 237 21
125 239 71
126 129 93
126 132 44
126 261 36
126 257 49
126 266 89
126 273 89
126 151 31
126 287 64
126 163 23
126 169 31
126 170 48
126 188 33
126 198 56
126 200 67
126 201 13
126 203 41
126 234 88
126 235 87
126 238 17
127 138 84
127 284 44
127 161 49
127 162 28
127 163 41
127 292 44
127 166 44
127 180 24
127 183 7
127 196 24
127 215 88
127 216 6
127 224 55
127 225 68
127 226 100
127 231 85
127 232 34
127 233 46
127 238 49
127 240 93
127 243 25
127 246 82
127 248 89
127 253 0
127 254 16
127 255 54
128 262 28
128 266 87
128 140 69
128 147 77
128 280 8
128 287 68
128 290 70
128 170 83
128 190 48
128 197 67
128 268 21
128 206 69
128 214 25
128 220 62
128 223 72
128 167 80
129 256 20
129 139 66
129 216 50
129 152 21
129 159 30
129 296 58
129 172 78
129 174 90
129 204 3
129 163 45
129 212 63
129 270 17
129 219 10
129 211 85
130 229 3
130 230 56
130 193 44
130 232 37
130 234 83
130 299 77
130 180 39
130 149 88
130 217 24
130 134 80
130 191 23
131 256 82
131 133 63
131 265 39
131 143 38
131 276 47
131 132 61
131 154 2
131 159 32
131 298 26
131 174 100
131 181 46
131 183 68
131 185 52
131 186 55
131 215 34
131 220 13
131 226 97
131 232 15
131 147 53
131 248 45
132 257 47
132 260 99
132 270 59
132 143 81
132 276 89
132 281 70
132 155 100
132 291 43
132 164 80
132 167 85
132 179 63
132 181 28
132 138 33
132 191 82
132 197 89
132 199 85
132 204 5
132 292 1
132 229 90
132 246 51
133 268 35
133 146 14
133 147 45
133 161 73
133 162 27
133 292 71
133 295 22
133 171 89
133 197 80
133 202 23
133 206 68
133 222 49
133 225 48
133 229 4
134 287 77
134 290 38
134 292 76
134 296 92
134 297 44
134 299 23
134 180 21
134 199 42
134 202 43
134 227 50
134 228 86
135 256 77
135 259 41
135 260 99
135 261 96
135 264 0
135 274 86
135 285 15
135 290 24
135 174 91
135 184 6
135 162 12
135 211 87
135 214 94
135 222 28
135 231 90
135 252 68
135 237 40
136 145 46
136 277 16
136 153 98
136 288 93
136 165 60
136 243 48
136 193 34
136 209 35
136 226 43
136 229 71
136 251 88
136 253 95
137 263 78
137 145 54
137 151 44
137 281 47
137 286 25
137 161 6
137 162 94
137 291 37
137 168 52
137 297 100
137 176 76
137 184 63
137 191 83
137 200 8
137 204 68
137 205 93
137 226 100
137 235 42
137 240 70
138 269 12
138 144 20
138 273 79
138 276 76
138 151 90
138 152 36
138 299 6
138 198 92
138 203 32
138 216 23
138 229 11
138 210 21
138 244 50
138 253 28
139 193 15
139 276 11
139 277 29
139 283 78
139 292 33
139 208 31
139 223 35
139 224 29
139 225 0
139 239 54
139 244 27
140 266 9
140 148 1
140 152 49
140 281 57
140 287 65
140 161 40
140 293 14
140 298 30
140 180 63
140 189 70
140 195 48
140 198 58
140 201 74
140 212 89
140 230 60
140 244 71
140 245 13
140 170 22
140 251 97
140 254 94
141 262 27
141 266 64
141 145 56
141 154 11
141 288 78
141 294 64
141 179 40
141 180 98
141 194 35
141 198 89
141 201 60
141 202 3
141 212 14
141 217 66
141 218 36
142 165 23
142 210 7
142 202 63
142 176 2
142 177 65
142 253 13
142 180 90
142 154 45
142 191 57
142 189 43
142 158 89
143 149 33
143 145 9
143 277 60
143 281 26
143 264 80
143 194 26
143 201 46
143 202 42
143 217 97
143 224 97
143 227 32
143 242 3
143 244 30
143 246 96
143 255 2
144 261 35
144 231 1
144 200 23
144 263 44
144 270 8
144 176 36
144 280 30
144 218 95
144 252 14
144 285 29
144 222 1
145 268 67
145 275 33
145 289 89
145 223 4
145 225 99
145 228 100
145 241 34
146 272 7
146 280 62
146 168 14
146 299 52
146 175 22
146 286 30
146 184 29
146 186 69
146 195 21
146 204 75
146 212 84
146 214 42
146 220 93
146 228 46
146 234 38
146 274 29
146 239 75
146 248 64
147 158 48
147 289 50
147 163 25
147 294 38
147 176 52
147 177 66
147 187 92
147 197 94
148 262 45
148 275 46
148 277 64
148 158 27
148 291 40
148 293 79
148 201 45
148 185 43
148 190 24
148 194 39
148 199 78
148 204 5
148 215 79
148 219 41
148 252 25
149 256 10
149 265 49
149 270 69
149 272 42
149 276 78
149 238 57
149 150 64
149 152 64
149 177 65
149 183 37
149 187 55
149 195 58
149 207 43
149 212 40
149 271 49
149 222 52
149 229 3
149 241 12
149 247 66
149 253 22
150 257 21
150 266 8
150 289 5
150 167 14
150 176 63
150 180 96
150 188 80
150 213 42
150 225 31
150 255 2
151 262 15
151 266 55
151 273 74
151 288 70
151 165 50
151 179 45
151 185 64
151 197 36
151 210 86
151 221 37
151 293 10
151 253 78
151 255 20
152 262 46
152 257 95
152 267 8
152 272 27
152 276 96
152 155 0
152 158 26
152 164 31
152 297 16
152 172 4
152 221 28
152 178 77
152 207 77
152 237 85
152 238 14
152 253 70
153 265 41
153 267 5
153 270 60
153 156 52
153 158 68
153 165 14
153 175 12
153 182 67
153 198 75
153 212 52
153 226 40
153 229 35
154 262 55
154 273 71
154 159 0
154 161 70
154 171 13
154 192 70
154 208 49
154 217 24
154 223 89
154 230 18
154 232 96
154 233 17
154 239 28
154 249 7
154 254 52
154 255 70
155 160 37
155 290 74
155 167 53
155 297 72
155 174 58
155 175 1
155 176 53
155 193 74
155 162 34
155 206 76
155 214 21
155 215 4
155 217 47
155 226 90
155 246 72
155 254 96
156 225 74
156 162 3
156 227 86
156 161 48
156 233 8
156 235 9
156 238 68
156 183 20
156 218 85
156 187 26
156 264 39
157 290 9
157 229 90
157 266 89
157 269 13
157 206 86
157 272 39
157 299 76
157 250 39
157 285 20
158 265 57
158 269 21
158 282 21
158 284 43
158 288 69
158 295 12
158 169 88
158 184 85
158 233 25
158 242 63
159 267 31
159 163 28
159 292 45
159 188 74
159 192 0
159 198 20
159 242 39
159 243 23
160 162 63
160 262 48
160 266 79
160 172 42
160 181 18
160 202 71
161 299 85
161 260 39
161 170 29
161 216 30
161 276 12
161 253 89
161 255 33
162 299 47
162 247 18
162 270 23
162 167 92
162 278 71
162 186 20
162 199 26
163 264 55
163 284 100
163 174 21
163 175 76
163 183 11
163 184 59
163 192 85
163 206 24
163 214 30
163 221 46
163 249 11
164 278 0
164 266 90
164 271 69
164 172 9
164 177 64
164 189 37
164 192 4
164 195 43
164 196 30
164 221 20
164 251 94
165 256 92
165 259 60
165 274 32
165 238 76
165 166 14
165 167 87
165 199 43
165 202 96
165 214 52
165 217 86
165 219 44
165 229 40
165 245 90
165 247 24
165 254 88
166 278 19
166 294 8
166 206 58
166 249 28
167 274 3
167 286 1
167 168 82
167 297 98
167 184 4
167 186 17
167 200 0
167 242 20
167 243 36
167 248 93
168 277 9
168 288 3
168 174 87
168 264 9
168 198 59
168 199 42
168 202 29
168 213 66
168 231 11
168 236 58
168 237 39
168 243 20
168 252 58
168 253 66
168 254 15
169 263 34
169 201 62
169 266 63
169 177 9
169 276 60
169 245 69
169 252 60
169 287 89
170 266 35
170 268 22
170 171 4
170 180 78
170 185 63
170 188 13
170 191 18
170 192 73
170 198 3
170 209 64
170 218 95
170 233 17
170 236 91
170 249 73
171 257 74
171 268 73
171 182 0
171 200 71
171 290 5
171 209 82
171 210 66
171 212 86
171 213 79
171 215 67
171 217 89
171 230 8
171 245 46
171 249 0
171 253 57
171 254 45
172 261 14
172 276 92
172 176 93
172 249 29
172 190 61
172 197 4
172 198 6
172 215 14
172 217 68
172 223 61
172 225 49
172 227 29
172 228 50
172 234 69
172 252 27
173 258 17
173 278 50
173 288 6
173 290 92
173 174 62
173 180 62
173 195 70
173 201 5
173 219 1
173 227 62
173 231 88
173 235 100
173 237 66
173 243 6
173 251 59
174 272 31
174 278 51
174 290 45
174 292 3
174 299 83
174 178 40
174 175 99
174 189 39
174 190 94
174 195 95
174 206 7
174 221 79
174 233 48
174 234 67
174 235 100
174 240 79
174 297 58
175 267 31
175 285 10
175 290 95
175 293 55
175 189 29
175 194 86
175 195 92
175 224 31
175 241 53
175 254 81
176 266 75
176 268 43
176 279 80
176 283 38
176 292 59
176 177 47
176 187 42
176 196 100
176 203 26
176 205 5
176 216 29
176 223 93
176 233 41
177 274 80
177 283 87
177 295 69
177 196 54
177 207 49
177 209 67
177 219 26
177 231 51
177 253 61
178 259 65
178 269 12
178 288 20
178 296 95
178 186 40
178 198 60
178 208 20
178 218 46
178 223 57
179 257 92
179 260 58
179 283 26
179 181 75
179 190 26
179 194 47
179 208 80
180 256 11
180 257 13
180 280 98
180 277 1
180 227 63
180 232 50
181 271 16
181 278 86
181 280 52
181 287 81
181 261 41
181 186 93
181 205 27
181 209 38
181 224 87
181 228 16
181 242 48
181 276 68
181 250 5
181 255 85
182 260 50
182 261 76
182 269 97
182 282 7
182 293 19
182 192 72
182 221 27
182 230 86
182 254 71
183 192 74
183 274 39
183 273 79
183 276 64
183 279 13
183 218 47
184 263 8
184 185 36
184 199 56
184 202 58
184 204 61
184 230 7
184 250 0
185 257 93
185 267 60
185 289 36
185 297 12
185 189 76
185 191 69
185 194 24
185 210 70
185 237 85
186 262 0
186 270 14
186 276 91
186 282 56
186 286 45
186 292 45
186 190 20
186 192 84
186 197 64
186 221 28
186 243 32
186 254 18
187 264 6
187 267 48
187 272 0
187 282 61
187 298 58
187 199 13
187 206 23
187 209 69
187 211 32
187 217 91
187 227 7
187 252 41
188 257 45
188 260 6
188 278 31
188 288 99
188 293 32
188 202 53
188 207 60
188 216 51
188 222 30
188 224 25
188 229 51
188 250 15
188 252 91
189 258 83
189 266 88
189 274 66
189 283 20
189 288 13
189 294 85
189 296 76
189 194 81
189 205 61
189 217 61
189 224 69
189 227 83
189 238 37
189 239 99
189 248 65
189 254 54
190 259 48
190 266 54
190 215 11
190 274 85
190 276 25
190 261 88
190 289 80
190 208 35
190 218 80
190 226 52
190 246 3
190 254 70
191 256 5
191 268 66
191 216 28
191 292 95
191 196 39
191 202 77
191 244 64
191 247 34
192 268 0
192 270 25
192 273 68
192 278 82
192 285 95
192 291 6
192 298 69
192 195 33
192 205 97
192 226 47
192 240 92
192 244 66
192 250 23
193 194 20
193 294 83
193 289 95
193 201 62
193 269 47
193 239 70
193 291 49
193 254 41
193 211 36
194 269 14
194 204 27
194 220 54
194 223 92
194 226 38
194 230 93
194 252 98
194 245 93
195 282 28
195 290 66
195 298 88
195 224 28
195 227 35
195 245 26
196 259 22
196 264 79
196 289 4
196 296 39
196 205 84
196 215 97
196 222 4
196 235 61
197 259 89
197 280 89
197 200 52
197 202 0
197 203 79
197 219 72
197 220 73
197 239 7
198 266 39
198 271 30
198 210 7
198 236 20
198 250 67
199 256 95
199 262 49
199 270 94
199 271 59
199 281 54
199 294 87
199 297 88
199 202 22
199 200 69
199 244 51
200 269 58
200 277 22
200 223 0
200 245 63
200 250 41
200 253 67
201 270 90
201 279 100
201 260 50
201 299 30
201 206 34
201 269 97
201 210 8
201 217 92
201 226 60
201 241 26
201 245 38
202 257 66
202 264 97
202 265 27
202 280 2
202 297 62
202 204 8
202 209 55
202 212 49
202 217 12
202 226 30
202 246 82
202 248 44
203 269 58
203 276 43
203 204 56
203 210 75
203 217 23
203 225 39
203 230 86
203 250 82
204 277 53
204 280 79
204 282 69
204 291 16
204 294 64
204 228 55
204 229 35
204 230 66
204 242 20
204 247 77
204 250 56
205 262 18
205 278 27
205 289 68
205 208 16
205 209 54
206 258 65
206 264 8
206 276 11
206 286 25
206 214 64
206 289 21
206 293 78
206 208 97
206 219 96
206 226 57
206 237 61
207 211 87
207 284 34
207 269 17
207 244 47
207 219 60
207 253 97
207 255 19
208 258 15
208 243 72
208 209 44
208 276 59
208 250 96
208 255 70
209 280 65
209 293 31
209 226 46
210 258 81
210 263 34
210 274 93
210 276 52
210 277 8
210 287 60
210 288 91
210 294 32
210 225 82
210 226 98
210 233 97
211 257 87
211 266 69
211 299 53
211 214 93
211 228 8
211 235 97
211 251 7
211 253 52
212 270 30
212 278 0
212 282 12
212 298 23
212 221 19
212 234 16
213 260 30
213 293 77
213 241 70
213 264 40
213 270 92
213 272 15
213 280 39
213 252 91
213 232 1
214 281 86
214 282 71
214 296 8
214 263 96
214 216 22
214 239 20
215 258 47
215 268 38
215 275 39
215 216 65
215 237 17
215 240 16
215 241 79
215 250 14
216 259 61
216 280 40
216 283 2
216 290 91
216 298 26
216 224 49
216 236 4
217 258 92
217 263 37
217 277 27
217 281 54
217 221 43
217 224 99
217 238 59
217 239 19
217 242 31
217 246 74
217 247 61
218 256 7
218 266 43
218 273 36
218 290 51
218 293 3
218 295 95
218 223 3
218 232 68
218 234 42
218 236 88
218 241 61
218 249 92
218 252 45
219 226 66
219 265 11
219 268 18
219 273 91
219 293 30
219 287 66
219 252 5
219 285 28
220 257 6
220 262 37
220 264 58
220 266 93
220 267 35
220 284 62
220 287 4
220 223 25
220 237 87
220 243 8
221 258 50
221 274 21
221 281 44
221 241 46
221 247 98
221 298 82
222 265 72
222 279 77
222 243 11
222 270 38
222 231 63
222 235 95
222 250 16
223 262 71
223 264 56
223 292 59
223 234 53
223 236 29
224 263 12
224 278 71
224 238 26
224 239 53
225 257 89
226 281 42
226 231 98
226 251 73
227 260 84
227 264 49
227 269 77
227 270 96
227 274 36
227 278 53
227 279 31
227 285 76
227 288 62
227 289 43
227 241 6
227 245 53
227 255 15
228 290 87
228 275 62
229 259 75
229 271 96
229 279 50
229 288 30
229 291 51
229 285 33
229 232 84
229 241 90
229 250 40
229 254 2
230 257 57
230 260 4
230 264 76
230 275 14
230 290 9
230 294 74
230 237 74
230 253 50
231 297 78
231 243 53
231 244 16
231 252 23
232 296 61
233 252 59
233 269 68
233 243 4
234 262 86
234 266 26
234 283 66
234 295 86
234 239 27
234 244 86
234 251 37
235 258 42
235 278 10
235 279 99
235 283 57
235 290 7
235 251 30
236 256 97
236 274 33
236 278 53
236 283 14
236 298 48
237 261 9
237 264 51
237 269 12
237 284 94
237 288 69
237 294 67
237 253 91
237 241 38
237 252 76
238 263 46
238 265 100
238 278 81
238 249 90
239 263 72
239 281 65
239 286 53
239 298 87
240 246 78
240 249 60
241 259 67
241 260 31
241 271 46
241 278 76
241 287 60
241 288 10
241 295 97
241 253 73
241 254 25
242 289 97
242 267 65
242 269 47
242 279 40
243 269 48
243 293 40
243 296 31
243 250 81
244 270 86
244 273 4
244 285 88
244 293 85
244 246 70
244 247 76
244 253 28
244 254 37
245 261 88
245 271 85
245 272 28
245 279 50
245 287 31
245 296 61
246 299 83
246 264 32
246 274 76
246 278 35
246 279 57
246 280 12
246 281 30
246 251 11
247 260 29
247 265 58
247 283 69
248 270 33
248 278 19
248 250 3
248 257 94
249 258 65
249 259 11
249 263 11
249 270 61
249 271 9
249 274 77
249 279 56
250 281 7
250 294 6
250 255 28
251 261 50
251 262 9
251 276 13
251 292 29
251 268 51
252 261 25
252 266 19
252 276 70
252 281 28
252 283 71
252 268 22
253 255 60
254 256 12
254 258 93
254 272 71
255 279 8
255 285 7
258 267 94
258 270 88
258 285 24
258 298 17
259 260 97
259 276 54
259 283 58
259 293 29
260 264 0
260 287 79
260 293 58
260 295 62
261 276 54
261 281 17
261 297 69
262 265 82
262 266 78
262 271 28
262 290 58
262 292 25
263 277 76
263 287 66
264 273 66
264 276 7
265 281 10
265 283 64
265 282 36
265 293 86
265 294 20
266 294 92
267 287 35
267 275 15
267 280 77
268 285 23
268 287 11
268 289 80
269 271 81
269 276 50
269 298 25
270 295 93
271 277 98
271 288 20
271 293 17
271 299 13
272 283 39
273 279 35
273 293 45
275 296 36
275 280 80
275 281 6
276 295 76
277 283 25
277 285 2
278 287 48
280 292 16
280 295 44
281 287 90
281 298 17
282 289 67
282 297 87
283 297 97
284 295 5
286 288 13
286 298 89
287 290 65
287 293 24
288 294 51
289 291 4
289 293 81
290 295 24
290 298 67
291 292 90
293 297 89
294 298 60
