300 4000
0 131 34
0 6 49
0 273 62
0 136 69
0 297 42
0 138 44
0 45 89
0 174 59
0 237 31
0 17 29
0 163 64
0 276 92
0 150 95
0 9 89
0 88 7
0 249 74
0 81 77
0 255 99
1 131 66
1 9 66
1 12 10
1 15 42
1 272 64
1 145 89
1 20 87
1 153 64
1 32 97
1 161 82
1 36 52
1 167 63
1 297 10
1 173 77
1 176 22
1 185 87
1 186 89
1 187 7
1 61 25
1 63 14
1 192 66
1 69 31
1 73 12
1 214 34
1 224 64
1 230 16
1 233 96
1 234 90
1 107 94
1 236 81
1 238 51
1 112 48
1 118 86
1 121 53
2 98 64
2 67 53
2 37 34
2 230 27
2 267 12
2 268 7
2 130 5
2 276 90
2 245 56
2 120 33
2 281 50
2 186 61
2 26 6
2 133 33
3 258 22
3 131 19
3 142 90
3 16 14
3 33 91
3 36 7
3 294 9
3 49 78
3 178 37
3 189 92
3 191 52
3 193 89
3 67 83
3 198 43
3 199 38
3 201 86
3 210 26
3 218 41
3 96 28
3 107 4
3 61 22
3 245 43
3 120 79
3 255 76
4 258 38
4 134 86
4 263 64
4 264 94
4 270 91
4 16 26
4 145 40
4 280 23
4 283 84
4 160 18
4 35 26
4 37 88
4 45 79
4 178 56
4 191 91
4 192 78
4 195 60
4 69 73
4 199 68
4 208 75
4 223 81
4 96 41
4 225 44
4 101 18
4 235 94
4 242 70
4 115 71
4 246 66
4 120 36
4 125 32
5 128 14
5 10 26
5 141 90
5 144 18
5 150 49
5 281 47
5 297 73
5 43 46
5 45 23
5 48 91
5 177 8
5 187 33
5 190 57
5 191 29
5 64 82
5 198 31
5 199 21
5 74 5
5 59 16
5 101 41
5 232 18
5 235 84
5 111 56
5 245 63
5 119 65
5 251 34
5 127 7
6 65 56
6 98 34
6 195 97
6 228 83
6 167 69
6 168 13
6 268 14
6 138 63
6 236 96
6 125 33
6 152 93
6 118 34
6 24 57
6 217 69
6 218 2
6 188 100
6 253 22
6 127 76
7 256 54
7 134 53
7 265 23
7 267 51
7 273 78
7 146 88
7 19 41
7 20 91
7 238 48
7 28 96
7 18 8
7 36 46
7 293 20
7 295 26
7 41 98
7 46 84
7 48 76
7 177 43
7 182 31
7 185 50
7 58 39
7 61 51
7 63 37
7 66 56
7 195 9
7 75 87
7 204 38
7 209 72
7 210 3
7 225 47
7 227 90
7 105 95
7 39 55
7 236 3
7 82 82
7 110 72
7 174 54
7 116 13
8 135 24
8 264 77
8 139 51
8 268 60
8 144 92
8 158 6
8 290 54
8 39 30
8 41 30
8 298 70
8 171 8
8 93 63
8 177 27
8 186 46
8 202 45
8 75 57
8 206 40
8 209 65
8 89 47
8 90 50
8 221 53
8 231 73
8 234 85
8 239 67
8 112 62
9 260 84
9 133 1
9 134 36
9 135 1
9 17 72
9 274 32
9 150 66
9 34 69
9 37 16
9 49 6
9 129 24
9 172 28
9 173 37
9 177 77
9 185 85
9 200 95
9 201 43
9 203 45
9 82 72
9 89 56
9 93 50
9 235 73
9 110 69
9 113 55
9 245 29
9 248 52
10 235 51
10 261 34
10 135 29
10 264 94
10 137 5
10 266 1
10 145 12
10 20 77
10 149 85
10 156 77
10 34 38
10 291 18
10 295 93
10 174 52
10 136 66
10 182 45
10 183 56
10 219 43
10 98 73
10 102 69
10 106 65
10 39 8
10 240 53
10 242 80
10 122 53
10 125 79
11 261 89
11 262 56
11 137 75
11 268 80
11 15 81
11 17 64
11 277 6
11 22 61
11 36 36
11 167 69
11 43 43
11 53 60
11 182 82
11 55 65
11 58 95
11 59 80
11 292 0
11 74 56
11 78 85
11 227 33
11 84 25
11 213 39
11 228 23
11 222 37
11 187 96
11 100 44
11 231 91
11 238 28
11 240 38
11 113 16
11 114 35
11 243 19
12 267 12
12 174 21
12 286 47
12 160 99
12 48 46
12 82 16
12 294 47
12 40 27
12 299 84
12 172 43
12 46 35
12 176 5
12 49 17
12 178 42
12 222 53
12 187 46
12 193 90
12 198 41
12 289 15
12 200 82
12 76 30
12 210 96
12 219 17
12 92 55
12 94 49
12 95 30
12 109 96
12 240 34
12 113 22
12 246 58
12 125 30
13 149 11
13 68 41
13 293 64
13 119 62
13 31 64
13 106 92
13 235 37
13 236 13
13 274 46
13 46 57
13 108 47
13 82 48
13 261 26
13 183 87
13 120 52
13 196 39
13 218 79
13 251 76
13 61 12
13 255 93
14 128 71
14 270 26
14 15 55
14 24 4
14 294 34
14 178 30
14 52 80
14 54 15
14 187 32
14 60 84
14 190 89
14 191 90
14 192 64
14 65 85
14 199 41
14 74 47
14 213 5
14 88 82
14 219 8
14 232 8
14 105 47
14 234 5
14 239 71
14 241 37
14 62 79
14 248 88
14 254 63
15 130 70
15 260 88
15 264 34
15 265 9
15 267 59
15 146 99
15 22 15
15 26 71
15 111 89
15 285 51
15 291 66
15 40 57
15 171 15
15 51 46
15 185 98
15 207 83
15 80 52
15 211 87
15 214 1
15 98 100
15 227 49
15 229 34
15 231 36
15 234 88
15 239 52
15 242 25
16 235 3
16 139 76
16 140 11
16 269 89
16 150 82
16 154 44
16 285 37
16 34 88
16 295 66
16 94 10
16 59 31
16 64 21
16 267 41
16 201 5
16 76 45
16 78 68
16 211 38
16 214 62
16 222 95
16 96 84
16 226 80
16 39 26
16 239 68
16 113 83
16 246 94
16 252 55
16 125 37
17 266 62
17 148 42
17 283 11
17 285 58
17 158 5
17 287 12
17 160 18
17 39 77
17 49 16
17 50 14
17 183 26
17 185 26
17 190 61
17 198 55
17 71 61
17 211 22
17 216 45
17 96 58
17 99 73
17 241 80
17 243 37
17 121 1
18 23 48
18 142 31
18 90 86
18 151 36
18 26 90
18 175 56
18 285 26
18 288 57
18 38 81
18 43 82
18 173 18
18 47 78
18 186 72
18 59 72
18 188 83
18 190 72
18 267 49
18 200 79
18 201 96
18 75 52
18 77 97
18 79 44
18 82 80
18 218 73
18 221 74
18 94 47
18 225 28
18 100 28
18 230 92
18 112 1
18 241 18
18 242 74
18 116 48
19 262 100
19 137 12
19 141 90
19 270 37
19 20 28
19 278 84
19 279 84
19 28 64
19 31 40
19 295 67
19 284 46
19 182 99
19 58 34
19 69 53
19 74 99
19 78 94
19 211 50
19 85 71
19 218 63
19 92 70
19 227 44
19 232 21
19 233 49
19 234 67
19 108 72
19 112 0
19 242 42
19 243 18
19 247 78
20 150 76
20 22 51
20 282 10
20 155 64
20 160 66
20 37 91
20 38 52
20 175 30
20 51 31
20 187 65
20 191 0
20 74 41
20 205 9
20 78 24
20 209 57
20 210 27
20 97 41
20 99 79
20 249 93
20 250 60
21 134 5
21 137 16
21 266 87
21 143 93
21 151 7
21 281 31
21 31 74
21 295 90
21 297 17
21 170 90
21 174 58
21 47 47
21 189 52
21 63 31
21 198 31
21 203 20
21 206 28
21 86 81
21 94 88
21 223 100
21 229 30
21 105 18
21 109 85
21 112 20
22 107 99
22 68 51
22 121 72
22 295 26
22 57 59
22 151 45
22 46 58
22 240 5
22 58 21
22 53 19
22 119 38
22 249 28
22 90 61
22 125 84
22 159 73
23 288 96
23 66 49
23 35 11
23 197 79
23 166 58
23 106 55
23 279 32
23 146 18
23 207 79
23 145 3
23 212 23
23 215 17
23 217 24
23 121 51
23 156 40
23 218 78
23 286 20
24 257 9
24 131 1
24 133 66
24 263 30
24 269 0
24 148 69
24 283 88
24 28 24
24 32 40
24 36 67
24 170 55
24 171 12
24 180 85
24 59 3
24 193 25
24 196 3
24 198 23
24 75 57
24 79 92
24 212 86
24 216 76
24 96 27
24 99 57
24 231 68
24 234 13
24 238 65
24 125 21
24 120 53
24 250 45
24 298 75
25 288 43
25 160 62
25 194 90
25 99 76
25 150 45
25 33 69
25 103 51
25 76 27
25 206 77
25 144 56
25 177 66
25 179 78
25 276 44
25 182 89
25 241 47
25 282 25
25 60 56
25 30 13
26 256 95
26 138 78
26 139 88
26 290 25
26 35 70
26 40 74
26 46 83
26 178 45
26 180 22
26 55 57
26 67 32
26 206 89
26 80 9
26 84 96
26 213 17
26 87 55
26 222 62
26 99 38
26 103 91
26 146 63
26 111 3
26 242 86
26 248 49
26 253 35
27 112 0
27 130 88
27 147 91
27 103 4
27 200 99
27 275 41
27 247 96
27 205 14
27 143 62
27 176 3
27 271 97
27 179 46
27 162 67
27 278 22
27 87 30
27 217 82
27 283 49
27 92 69
27 95 1
28 262 53
28 136 53
28 266 27
28 141 73
28 142 30
28 144 74
28 277 64
28 281 9
28 283 45
28 162 39
28 292 32
28 296 42
28 298 78
28 171 85
28 176 96
28 183 50
28 168 93
28 194 72
28 67 59
28 209 24
28 85 35
28 215 86
28 92 58
28 97 21
28 229 97
28 111 60
28 112 65
28 113 4
28 255 15
29 258 50
29 262 93
29 136 21
29 44 46
29 138 14
29 155 93
29 157 27
29 161 6
29 37 84
29 43 58
29 172 73
29 53 3
29 60 3
29 192 74
29 201 86
29 82 50
29 293 53
29 105 35
29 111 85
29 243 57
29 251 48
29 254 7
30 130 65
30 264 27
30 274 41
30 37 97
30 171 43
30 176 99
30 186 54
30 60 45
30 189 18
30 64 74
30 193 37
30 194 32
30 74 11
30 203 63
30 213 53
30 217 53
30 238 4
30 241 29
30 242 52
30 124 48
30 125 77
31 96 88
31 116 7
31 35 45
31 275 20
31 243 43
31 200 48
31 156 13
31 267 100
31 174 27
31 272 28
31 146 77
31 212 36
31 284 95
31 279 27
31 217 56
31 220 99
31 253 100
31 222 85
32 132 58
32 257 55
32 266 69
32 141 26
32 155 27
32 291 74
32 40 32
32 46 1
32 47 93
32 177 12
32 51 2
32 66 29
32 219 75
32 220 14
32 97 13
32 103 9
32 110 73
32 296 53
32 244 1
32 123 2
32 124 52
33 131 2
33 137 1
33 151 6
33 284 24
33 36 92
33 43 22
33 45 83
33 47 33
33 183 35
33 185 19
33 191 1
33 71 3
33 72 41
33 74 37
33 209 24
33 212 4
33 85 76
33 223 40
33 224 59
33 230 89
33 235 35
33 111 12
34 128 44
34 129 87
34 261 25
34 134 25
34 136 65
34 142 81
34 273 44
34 277 81
34 137 6
34 171 13
34 51 73
34 53 13
34 265 67
34 186 42
34 63 21
34 183 87
34 218 45
34 96 73
34 232 2
34 105 76
34 109 15
34 115 81
34 117 2
34 248 89
35 129 2
35 258 96
35 262 19
35 151 94
35 143 73
35 272 87
35 145 82
35 146 33
35 276 35
35 282 42
35 155 97
35 158 1
35 164 10
35 166 1
35 45 70
35 178 1
35 182 62
35 245 14
35 267 50
35 75 71
35 82 25
35 86 79
35 218 46
35 95 80
35 231 48
35 105 28
35 238 74
35 117 5
35 119 49
36 256 38
36 129 55
36 130 21
36 134 55
36 139 87
36 268 9
36 141 72
36 271 79
36 144 21
36 277 98
36 154 15
36 286 13
36 290 15
36 171 38
36 174 64
36 206 4
36 51 31
36 63 31
36 64 76
36 194 48
36 78 6
36 209 70
36 213 66
36 102 66
36 106 81
36 236 46
36 238 46
36 249 1
37 139 13
37 272 57
37 278 21
37 152 14
37 284 29
37 291 48
37 44 38
37 47 41
37 176 13
37 177 73
37 181 100
37 55 37
37 186 54
37 187 94
37 188 27
37 70 59
37 144 9
37 103 90
37 232 7
37 106 40
38 135 62
38 267 9
38 140 56
38 144 44
38 145 100
38 274 100
38 147 54
38 148 78
38 287 70
38 161 31
38 41 40
38 170 64
38 51 91
38 65 35
38 211 46
38 217 38
38 95 27
38 103 7
38 106 56
38 237 32
38 244 64
38 169 87
38 248 11
38 121 16
39 271 38
39 144 62
39 146 26
39 275 24
39 161 24
39 43 28
39 49 76
39 178 74
39 253 32
39 184 16
39 138 94
39 97 79
39 200 50
39 202 62
39 210 4
39 225 81
39 226 0
39 102 34
39 106 4
39 107 56
39 236 82
39 239 56
39 234 33
40 161 34
40 50 14
40 100 2
40 166 47
40 136 20
40 265 69
40 202 99
40 171 52
40 237 96
40 111 33
40 48 68
40 241 53
40 146 9
40 117 18
40 238 65
40 196 29
40 155 100
41 128 89
41 148 99
41 278 8
41 151 24
41 68 78
41 157 3
41 296 42
41 177 24
41 56 47
41 59 13
41 188 72
41 192 11
41 196 11
41 204 4
41 203 81
41 76 53
41 80 74
41 82 26
41 88 94
41 218 81
41 222 79
41 208 49
41 226 72
41 234 19
41 119 76
41 250 40
41 124 20
42 64 16
42 48 45
42 130 4
42 101 52
42 73 15
42 268 70
42 173 29
42 176 87
42 177 56
42 242 39
42 148 82
42 213 22
42 118 16
42 87 24
42 281 67
42 90 44
42 125 41
42 286 2
43 256 25
43 258 100
43 142 12
43 146 67
43 153 5
43 166 60
43 184 16
43 189 56
43 190 71
43 203 28
43 78 90
43 79 72
43 83 8
43 213 61
43 214 66
43 93 31
43 97 11
43 107 87
43 241 33
43 119 94
43 248 96
43 123 88
43 126 18
44 130 99
44 282 31
44 136 0
44 269 32
44 154 45
44 289 82
44 295 70
44 172 0
44 285 58
44 181 51
44 54 93
44 190 91
44 209 37
44 211 54
44 217 26
44 224 8
44 103 44
44 157 83
44 119 53
44 127 53
45 264 68
45 266 36
45 139 38
45 268 45
45 146 36
45 148 50
45 278 17
45 153 57
45 158 51
45 288 28
45 290 100
45 113 70
45 168 92
45 172 23
45 46 0
45 52 5
45 184 46
45 191 40
45 160 33
45 195 77
45 197 30
45 70 76
45 289 51
45 75 55
45 206 65
45 56 56
45 210 29
45 291 28
45 97 84
45 104 48
45 232 27
45 243 90
45 247 8
46 140 70
46 141 92
46 142 39
46 144 65
46 155 39
46 154 74
46 158 71
46 161 41
46 291 99
46 293 56
46 56 85
46 61 36
46 65 12
46 197 27
46 73 58
46 76 35
46 206 27
46 80 50
46 210 36
46 83 61
46 89 76
46 240 90
46 110 79
46 239 71
46 112 4
46 120 34
47 224 58
47 129 64
47 188 7
47 170 31
47 139 53
47 270 93
47 253 32
47 208 89
47 243 30
47 244 40
47 119 63
47 120 28
47 220 42
47 189 92
48 274 92
48 279 33
48 152 70
48 159 62
48 163 95
48 293 84
48 299 82
48 177 57
48 61 84
48 66 69
48 67 82
48 70 16
48 71 80
48 208 56
48 81 57
48 82 2
48 87 33
48 218 85
48 222 23
48 210 84
48 255 28
49 265 17
49 143 17
49 277 22
49 151 17
49 290 43
49 170 95
49 55 92
49 195 81
49 201 50
49 203 83
49 215 81
49 92 75
49 94 96
49 225 6
49 105 82
49 235 50
49 240 79
49 148 86
50 107 22
50 155 74
50 147 61
50 165 48
50 71 66
50 265 35
50 199 49
50 207 47
50 136 73
50 81 31
50 82 56
50 83 18
50 276 48
50 222 85
50 151 28
50 164 89
50 282 23
50 251 97
50 286 1
51 129 28
51 138 36
51 141 20
51 277 73
51 160 83
51 289 32
51 290 58
51 166 47
51 60 34
51 192 42
51 194 93
51 203 80
51 206 9
51 81 25
51 92 38
51 221 17
51 95 44
51 224 94
51 101 80
51 103 7
51 235 90
51 113 27
51 121 58
51 122 36
51 123 97
52 256 49
52 262 69
52 265 33
52 271 14
52 276 2
52 150 83
52 280 6
52 288 75
52 91 36
52 294 2
52 295 43
52 174 31
52 179 42
52 188 60
52 64 4
52 193 21
52 195 40
52 201 23
52 202 6
52 84 77
52 85 25
52 143 9
52 223 86
52 232 45
52 233 27
52 236 82
52 110 82
52 115 74
52 252 30
53 138 35
53 148 57
53 154 79
53 285 2
53 287 3
53 288 18
53 296 84
53 176 60
53 179 41
53 186 38
53 189 6
53 190 5
53 64 7
53 193 42
53 194 29
53 118 0
53 71 5
53 203 88
53 204 37
53 81 63
53 227 16
53 245 29
53 246 44
53 119 15
54 259 16
54 133 96
54 140 2
54 146 77
54 277 83
54 280 61
54 157 26
54 183 5
54 56 52
54 194 69
54 195 84
54 197 75
54 202 63
54 206 81
54 142 98
54 87 59
54 216 99
54 217 83
54 97 70
54 105 5
54 111 30
54 243 81
54 118 19
54 121 56
54 127 38
55 290 77
55 267 35
55 292 55
55 262 2
55 166 98
55 135 48
55 265 48
55 243 16
55 277 30
55 118 0
55 183 57
55 217 98
55 282 73
55 182 70
56 134 30
56 236 54
56 266 85
56 146 77
56 149 46
56 153 6
56 156 76
56 157 2
56 158 27
56 112 40
56 295 73
56 61 96
56 68 57
56 70 98
56 201 57
56 80 73
56 211 21
56 222 49
56 95 33
56 224 21
56 102 16
56 108 18
56 110 55
56 111 28
56 240 66
56 242 3
56 115 21
56 244 22
56 124 63
57 289 17
57 258 87
57 132 53
57 197 14
57 134 64
57 267 35
57 141 4
57 239 11
57 176 60
57 84 49
57 149 13
57 150 32
57 183 27
57 120 62
57 116 59
57 284 3
58 256 36
58 129 87
58 261 7
58 264 22
58 269 74
58 271 77
58 145 96
58 280 30
58 290 30
58 170 79
58 171 54
58 183 16
58 189 85
58 190 53
58 205 77
58 77 44
58 135 95
58 97 72
58 226 44
58 119 92
58 123 4
58 124 72
58 126 51
58 255 35
59 257 81
59 138 3
59 271 45
59 275 86
59 151 87
59 157 90
59 288 23
59 175 67
59 178 52
59 184 21
59 90 79
59 103 46
59 106 29
59 297 67
59 252 5
59 254 73
60 260 53
60 261 12
60 140 8
60 269 61
60 142 43
60 273 42
60 278 76
60 161 74
60 180 71
60 181 61
60 188 26
60 61 65
60 62 40
60 214 13
60 224 32
60 99 34
60 103 22
60 234 49
60 239 22
60 113 6
60 123 35
60 125 0
60 127 9
61 258 32
61 263 32
61 266 33
61 271 59
61 279 81
61 280 29
61 283 46
61 287 93
61 181 91
61 67 27
61 73 69
61 74 17
61 75 23
61 77 94
61 78 27
61 216 9
61 119 78
61 121 23
61 252 15
61 253 8
61 126 6
62 146 27
62 285 9
62 297 46
62 175 51
62 243 13
62 180 56
62 64 27
62 193 22
62 72 11
62 202 40
62 79 33
62 82 83
62 220 63
62 215 43
62 89 11
62 92 4
62 97 16
62 230 39
62 104 12
62 108 61
62 237 71
62 115 58
62 249 87
62 122 45
62 123 80
63 132 84
63 137 1
63 192 46
63 152 11
63 153 58
63 285 67
63 294 93
63 263 2
63 177 72
63 64 79
63 77 92
63 206 4
63 83 5
63 113 61
63 246 1
63 119 97
63 127 35
64 136 93
64 279 44
64 280 7
64 282 37
64 285 34
64 287 46
64 297 25
64 70 97
64 97 94
64 74 76
64 75 64
64 88 71
64 144 84
64 231 98
64 105 26
64 235 6
64 237 0
64 242 15
64 190 24
64 118 13
64 191 39
65 288 20
65 260 48
65 101 66
65 77 71
65 234 83
65 237 55
65 269 10
65 208 70
65 177 11
65 210 62
65 147 14
65 206 3
65 87 32
65 280 99
65 124 93
65 286 36
66 131 28
66 132 18
66 274 87
66 282 100
66 156 12
66 158 96
66 175 34
66 180 82
66 185 99
66 191 71
66 202 76
66 227 69
66 87 43
66 94 62
66 99 52
66 100 87
66 240 64
66 120 85
67 256 88
67 132 25
67 262 28
67 108 66
67 269 97
67 290 92
67 291 34
67 164 14
67 165 64
67 294 66
67 168 65
67 169 19
67 170 40
67 174 59
67 180 100
67 188 12
67 207 11
67 94 56
67 227 68
67 236 56
67 245 24
67 246 19
67 252 36
67 125 7
68 261 56
68 265 78
68 142 87
68 273 34
68 148 48
68 280 70
68 281 24
68 156 6
68 165 62
68 188 24
68 193 59
68 211 28
68 93 31
68 223 67
68 230 24
68 233 88
68 110 26
68 105 11
68 248 82
69 269 34
69 142 9
69 143 30
69 155 92
69 286 52
69 288 17
69 173 72
69 185 75
69 190 67
69 70 27
69 200 34
69 78 66
69 213 73
69 87 90
69 88 85
69 219 77
69 99 18
69 102 18
69 115 86
69 126 43
70 266 16
70 267 44
70 142 54
70 271 27
70 145 4
70 161 31
70 290 87
70 165 93
70 299 82
70 174 87
70 175 74
70 138 20
70 83 70
70 215 79
70 93 2
70 99 61
70 232 95
70 235 99
70 114 11
70 243 83
70 116 20
71 96 97
71 198 53
71 137 62
71 202 84
71 257 18
71 161 23
71 207 9
71 176 100
71 115 66
71 187 21
72 268 53
72 144 72
72 273 16
72 276 44
72 278 59
72 151 36
72 154 16
72 287 33
72 290 58
72 168 90
72 184 3
72 188 9
72 194 31
72 198 17
72 162 36
72 80 58
72 92 67
72 224 50
72 226 57
72 253 7
73 261 3
73 140 72
73 148 44
73 277 63
73 150 37
73 156 75
73 291 41
73 164 38
73 165 76
73 166 91
73 172 58
73 185 38
73 195 16
73 211 3
73 222 32
73 111 13
73 114 50
73 246 40
73 127 25
74 128 16
74 258 83
74 268 2
74 144 13
74 273 37
74 155 47
74 287 91
74 164 2
74 166 80
74 169 43
74 171 10
74 176 87
74 179 39
74 197 4
74 200 26
74 79 19
74 209 20
74 219 52
74 228 9
74 229 92
74 239 6
74 243 48
74 252 35
74 127 82
75 128 62
75 258 41
75 132 54
75 268 13
75 169 39
75 178 86
75 180 84
75 184 39
75 203 35
75 205 36
75 163 18
75 212 78
75 215 99
75 99 84
75 100 17
75 236 4
76 258 73
76 273 40
76 150 63
76 158 82
76 163 20
76 165 20
76 167 62
76 184 89
76 185 62
76 196 70
76 226 69
76 91 91
76 92 7
76 224 19
76 97 1
76 98 23
76 100 59
76 232 40
76 239 22
76 240 48
76 243 90
76 124 7
77 257 35
77 140 4
77 270 83
77 143 95
77 273 76
77 146 10
77 276 67
77 286 39
77 241 32
77 298 87
77 299 39
77 178 33
77 179 81
77 188 9
77 198 99
77 85 83
77 214 22
77 218 87
77 219 12
77 221 65
77 95 62
77 100 62
77 236 99
77 237 29
77 240 68
77 113 98
78 133 6
78 144 47
78 155 53
78 286 82
78 291 8
78 292 30
78 176 40
78 185 87
78 187 17
78 198 67
78 83 53
78 219 27
78 231 97
78 235 23
78 246 73
78 126 81
79 97 75
79 194 74
79 299 46
79 164 86
79 98 52
79 166 39
79 295 13
79 139 92
79 242 43
79 272 21
79 152 26
79 243 58
79 277 39
79 185 61
80 132 51
80 146 73
80 154 45
80 293 77
80 187 50
80 204 52
80 208 54
80 215 39
80 90 46
80 223 8
80 226 2
80 105 49
80 239 93
80 240 96
80 122 75
80 127 52
81 257 77
81 259 99
81 132 87
81 133 99
81 143 92
81 280 37
81 298 61
81 299 98
81 174 49
81 177 8
81 178 90
81 202 49
81 208 91
81 82 42
81 218 3
81 240 38
81 119 55
81 248 56
81 255 43
82 133 7
82 272 38
82 147 71
82 281 63
82 153 87
82 156 87
82 158 13
82 288 90
82 167 85
82 173 15
82 183 65
82 189 56
82 204 1
82 206 55
82 141 0
82 208 27
82 211 68
82 217 18
82 220 12
82 226 74
82 228 9
82 234 72
82 108 29
82 119 73
82 124 79
83 128 56
83 270 22
83 238 54
83 279 29
83 152 15
83 198 44
83 172 41
83 191 88
83 142 44
83 86 8
83 99 55
83 104 4
83 109 18
83 110 45
83 111 9
83 112 24
83 116 86
83 245 7
83 121 4
83 250 31
83 252 19
83 149 87
84 256 19
84 130 25
84 108 30
84 268 17
84 145 95
84 146 67
84 148 35
84 157 84
84 166 51
84 295 14
84 296 67
84 171 62
84 137 5
84 188 52
84 204 77
84 205 46
84 219 44
84 223 79
84 224 16
84 104 35
84 234 42
84 236 84
84 244 76
84 247 31
84 124 99
85 97 26
85 193 47
85 298 94
85 87 83
85 268 66
85 174 73
85 221 6
85 176 97
85 113 44
85 209 74
85 181 77
85 279 33
85 220 19
85 125 21
86 133 19
86 145 28
86 274 66
86 151 100
86 153 83
86 283 63
86 297 4
86 172 43
86 175 42
86 176 36
86 179 9
86 182 48
86 189 66
86 210 84
86 213 38
86 214 21
86 219 71
86 93 82
86 101 5
86 105 78
86 113 82
86 243 14
86 117 29
86 233 71
86 125 55
86 255 24
87 136 62
87 138 19
87 141 36
87 145 20
87 276 100
87 149 52
87 280 46
87 154 11
87 159 60
87 172 52
87 173 90
87 182 92
87 195 29
87 103 0
87 114 99
87 251 55
88 131 58
88 263 8
88 142 7
88 274 84
88 276 47
88 154 22
88 159 66
88 178 54
88 188 91
88 201 36
88 205 50
88 95 0
88 227 97
88 297 7
88 250 75
88 252 6
88 254 73
89 138 91
89 272 45
89 275 34
89 148 33
89 277 37
89 279 85
89 283 42
89 284 14
89 292 90
89 172 4
89 195 33
89 204 4
89 213 8
89 96 62
89 103 55
89 108 53
89 120 46
89 121 50
90 259 0
90 261 77
90 143 8
90 144 85
90 107 13
90 148 92
90 151 49
90 152 67
90 281 55
90 163 58
90 170 44
90 188 95
90 213 84
90 214 17
90 221 100
90 105 98
90 235 87
90 240 48
90 243 59
90 246 62
90 298 64
91 96 10
91 110 77
91 132 24
91 261 27
91 135 88
91 137 26
91 298 48
91 237 90
91 270 49
91 209 28
91 242 93
91 245 1
91 169 56
91 280 50
91 184 91
91 220 39
91 253 17
91 190 38
91 127 60
92 259 68
92 269 7
92 144 21
92 273 53
92 277 85
92 157 34
92 171 10
92 188 66
92 211 7
92 212 42
92 216 48
92 221 61
92 95 43
92 224 69
92 272 89
92 102 16
92 103 21
92 106 25
92 242 65
92 275 17
92 119 5
92 253 56
93 257 92
93 136 76
93 271 33
93 272 58
93 285 28
93 162 31
93 291 91
93 293 99
93 186 26
93 192 91
93 205 11
93 229 57
93 232 49
93 109 12
93 242 3
93 245 89
93 119 95
93 253 0
94 129 61
94 262 51
94 137 51
94 139 19
94 269 87
94 280 92
94 287 92
94 288 67
94 202 48
94 216 62
94 100 85
94 236 92
94 111 59
94 245 89
94 118 13
94 251 81
95 260 91
95 136 34
95 270 44
95 143 19
95 275 72
95 159 74
95 288 84
95 289 29
95 293 67
95 167 57
95 169 19
95 170 73
95 177 63
95 188 100
95 189 36
95 191 37
95 160 55
95 196 52
95 197 81
95 200 46
95 204 24
95 208 18
95 210 94
95 211 34
95 217 8
95 218 65
95 99 53
95 101 44
95 114 76
95 115 42
95 245 67
95 118 66
95 124 40
96 266 50
96 140 96
96 275 0
96 148 37
96 150 67
96 161 1
96 162 33
96 292 58
96 293 80
96 166 55
96 169 79
96 170 21
96 180 7
96 191 67
96 208 68
96 221 49
96 102 31
96 232 81
96 106 56
97 129 13
97 270 99
97 274 63
97 278 63
97 152 95
97 285 82
97 287 90
97 165 77
97 295 76
97 297 19
97 183 16
97 98 18
97 102 75
97 232 17
97 114 49
97 115 70
97 121 79
97 126 12
98 129 50
98 260 49
98 153 19
98 288 58
98 294 42
98 168 2
98 188 96
98 192 32
98 195 87
98 197 37
98 200 75
98 111 20
98 243 75
98 118 2
98 247 0
98 253 73
98 126 52
99 270 68
99 285 0
99 161 50
99 162 2
99 292 70
99 165 40
99 298 90
99 175 80
99 179 86
99 184 11
99 187 29
99 190 97
99 233 41
99 110 57
99 114 97
99 121 28
99 123 74
100 225 1
100 227 43
100 101 41
100 298 52
100 130 20
100 158 25
100 190 49
100 253 0
100 148 88
100 277 53
100 157 30
101 257 40
101 135 46
101 265 92
101 266 66
101 270 22
101 272 12
101 282 6
101 155 5
101 156 53
101 133 19
101 161 15
101 297 2
101 199 71
101 222 73
101 234 71
101 107 5
101 108 97
101 109 54
101 244 10
101 120 28
101 253 64
101 255 66
102 130 13
102 262 98
102 279 53
102 268 12
102 151 11
102 282 16
102 186 16
102 187 61
102 189 84
102 204 84
102 213 42
102 214 51
102 219 63
102 253 65
102 254 51
103 179 9
103 265 29
103 270 0
103 283 27
103 282 22
103 159 56
103 161 54
103 292 29
103 294 57
103 175 71
103 199 71
103 209 58
103 223 84
103 105 25
103 107 24
103 121 87
104 130 30
104 271 22
104 145 71
104 275 61
104 284 17
104 160 36
104 164 61
104 188 40
104 193 12
104 197 44
104 200 17
104 201 77
104 203 100
104 221 92
104 224 10
104 230 18
104 117 67
104 246 38
104 248 70
105 260 10
105 266 58
105 279 87
105 269 13
105 272 49
105 277 6
105 151 96
105 292 59
105 294 93
105 195 42
105 197 31
105 205 82
105 163 12
105 215 38
105 219 42
105 223 93
105 144 29
105 229 39
105 255 38
105 127 6
106 131 2
106 260 2
106 279 74
106 269 13
106 143 56
106 141 37
106 284 38
106 178 70
106 188 7
106 207 14
106 215 62
106 165 24
106 242 0
106 125 13
107 278 97
107 142 4
107 274 33
107 235 31
107 281 74
107 283 32
107 261 93
107 160 25
107 162 26
107 178 38
107 185 83
107 203 89
107 208 6
107 231 24
107 239 76
107 113 70
107 115 1
107 117 17
107 251 71
107 255 17
108 257 86
108 133 31
108 145 46
108 283 47
108 164 82
108 165 84
108 171 32
108 176 10
108 187 99
108 213 49
108 219 81
108 109 100
108 110 15
108 240 5
108 241 75
108 114 12
108 248 32
108 123 10
108 255 19
109 128 75
109 257 83
109 261 94
109 136 45
109 141 55
109 147 97
109 148 14
109 149 51
109 150 91
109 171 68
109 172 9
109 175 37
109 188 89
109 202 16
109 206 72
109 230 69
109 238 97
109 245 39
109 118 79
109 248 20
110 256 7
110 267 42
110 280 71
110 287 37
110 294 8
110 185 14
110 188 48
110 201 43
110 203 66
110 205 81
110 207 83
110 230 44
110 233 28
110 114 82
110 243 64
110 245 56
111 133 74
111 137 31
111 274 45
111 261 53
111 162 7
111 185 77
111 265 93
111 195 44
111 196 20
111 199 86
111 201 55
111 203 56
111 241 45
111 251 26
112 268 32
112 141 21
112 174 35
112 161 50
112 163 67
112 167 4
112 183 74
112 184 75
112 193 61
112 196 30
112 209 21
112 214 29
112 218 73
112 229 3
112 236 35
112 238 81
112 113 24
112 211 50
112 246 23
112 254 45
113 179 12
113 141 55
113 144 20
113 146 8
113 148 90
113 149 34
113 293 15
113 299 75
113 175 19
113 180 19
113 182 65
113 185 71
113 187 27
113 197 19
113 209 60
113 226 89
113 238 34
113 239 40
113 243 61
113 119 100
113 122 78
113 126 49
114 273 20
114 280 81
114 156 86
114 157 92
114 159 82
114 161 10
114 294 50
114 296 71
114 299 51
114 181 29
114 187 10
114 196 26
114 234 57
114 250 24
114 123 84
114 252 74
114 125 80
115 131 81
115 264 57
115 158 70
115 167 40
115 170 45
115 175 82
115 188 55
115 203 84
115 214 94
115 227 99
115 243 15
115 246 8
116 257 51
116 259 9
116 260 30
116 145 16
116 143 82
116 273 25
116 274 83
116 277 38
116 278 78
116 282 50
116 157 6
116 194 64
116 201 6
116 216 42
116 222 56
116 231 24
116 211 94
116 252 83
117 128 59
117 142 73
117 274 81
117 147 47
117 279 30
117 283 34
117 162 60
117 170 72
117 177 75
117 190 55
117 197 36
117 207 41
117 208 87
117 227 90
117 230 89
117 241 51
118 131 4
118 261 75
118 264 99
118 142 16
118 237 15
118 147 44
118 278 57
118 160 75
118 161 68
118 165 9
118 294 97
118 187 51
118 204 36
118 211 36
118 216 54
118 222 5
118 240 47
118 245 16
118 251 85
118 170 40
119 256 80
119 259 29
119 137 92
119 270 46
119 147 34
119 281 91
119 299 13
119 292 3
119 174 52
119 187 81
119 216 51
119 221 73
119 120 24
119 122 74
119 251 61
119 252 19
119 255 51
120 256 78
120 262 91
120 266 0
120 280 8
120 175 67
120 158 83
120 288 36
120 166 14
120 173 6
120 186 43
120 190 61
120 203 99
120 210 77
120 223 94
120 224 59
120 252 19
120 126 21
121 136 86
121 154 22
121 193 70
121 195 29
121 199 63
121 211 16
121 236 1
121 237 14
121 247 51
121 250 20
122 225 58
122 258 42
122 163 33
122 198 95
122 297 75
122 295 13
122 206 73
122 175 1
122 177 49
123 243 56
123 163 10
123 230 25
123 227 73
123 172 100
123 173 50
123 291 70
123 212 78
123 181 19
123 182 33
123 221 19
123 195 76
124 136 58
124 142 2
124 281 100
124 286 73
124 163 35
124 293 48
124 294 10
124 176 7
124 188 41
124 200 89
124 203 44
124 220 8
124 229 80
124 233 49
124 248 55
124 249 26
125 128 88
125 257 75
125 264 64
125 274 2
125 278 35
125 153 63
125 163 93
125 292 47
125 294 34
125 168 24
125 176 72
125 186 44
125 199 63
125 201 16
125 205 12
125 212 99
125 216 66
125 222 75
125 229 49
125 213 12
126 256 81
126 258 73
126 135 98
126 142 89
126 275 94
126 151 77
126 282 44
126 284 1
126 159 53
126 292 32
126 294 81
126 296 42
126 190 46
126 203 20
126 215 26
126 219 74
126 229 7
126 238 11
126 249 58
127 147 20
127 262 91
127 283 9
127 261 38
127 239 8
127 273 81
127 211 63
127 142 88
127 151 10
127 191 24
128 139 58
128 271 36
128 273 88
128 293 40
128 170 14
128 172 68
128 192 1
128 208 2
128 215 26
128 229 87
128 243 39
128 169 50
129 266 95
129 140 71
129 142 2
129 146 73
129 152 50
129 286 23
129 165 88
129 295 1
129 297 80
129 171 45
129 181 8
129 191 27
129 192 71
129 231 71
129 233 90
129 237 76
129 248 75
130 260 56
130 262 1
130 268 90
130 149 48
130 153 59
130 284 67
130 167 20
130 169 30
130 172 52
130 178 59
130 180 38
130 182 26
130 199 64
130 208 44
130 224 87
130 242 95
130 243 1
131 257 21
131 132 8
131 267 87
131 256 89
131 152 21
131 148 38
131 281 60
131 154 93
131 157 83
131 163 69
131 169 93
131 184 12
131 189 4
131 139 91
131 226 7
131 236 24
131 250 18
132 257 93
132 136 47
132 267 79
132 271 60
132 273 76
132 156 97
132 285 71
132 292 34
132 298 68
132 177 4
132 187 64
132 196 61
132 213 73
132 215 2
132 164 93
132 208 95
132 235 7
132 238 74
132 239 29
133 138 36
133 269 14
133 271 87
133 283 29
133 159 4
133 288 89
133 289 61
133 163 56
133 164 81
133 166 13
133 167 34
133 297 59
133 171 63
133 184 88
133 186 19
133 198 29
133 199 97
133 215 9
133 221 41
133 222 82
133 253 9
134 290 14
134 274 77
134 278 77
134 153 88
134 165 99
134 170 100
134 196 19
134 204 65
134 205 1
134 210 18
134 292 38
134 225 38
134 227 42
134 235 45
134 146 46
135 257 32
135 263 9
135 268 77
135 270 60
135 273 93
135 282 82
135 155 5
135 287 17
135 160 9
135 185 99
135 193 77
135 197 74
135 204 73
135 212 99
135 215 62
135 227 56
135 229 15
135 243 64
135 255 36
136 274 89
136 275 9
136 277 80
136 150 75
136 281 87
136 156 10
136 161 35
136 294 61
136 187 51
136 225 68
136 226 3
136 227 8
136 233 27
136 234 85
136 238 46
137 268 12
137 142 92
137 273 34
137 163 98
137 168 46
137 199 57
137 206 52
137 226 47
137 233 89
137 248 77
137 252 52
138 266 74
138 145 60
138 153 43
138 282 53
138 295 73
138 177 11
138 210 27
138 211 73
138 218 93
138 233 83
138 234 7
138 236 25
139 195 98
139 262 66
139 158 55
139 146 58
139 275 40
139 278 3
140 256 67
140 269 34
140 271 81
140 154 78
140 159 79
140 164 45
140 190 3
140 193 57
140 198 45
140 229 46
140 237 97
140 239 53
140 250 62
141 257 84
141 266 45
141 268 55
141 154 29
141 166 29
141 167 50
141 298 39
141 181 47
141 188 6
141 210 44
141 215 96
141 226 18
141 236 39
141 238 5
142 264 62
142 144 75
142 277 50
142 153 99
142 282 20
142 283 80
142 158 75
142 287 74
142 201 11
142 202 27
142 203 58
142 290 75
142 209 89
142 220 18
142 225 69
142 230 2
142 248 100
142 149 30
143 258 14
143 232 17
143 265 13
143 235 72
143 271 60
143 240 70
143 189 97
143 231 67
144 270 76
144 272 10
144 146 28
144 150 31
144 153 67
144 157 46
144 184 61
144 196 57
144 210 39
144 292 42
144 235 36
145 269 52
145 273 84
145 154 10
145 285 100
145 158 8
145 160 66
145 292 22
145 298 95
145 180 15
145 181 59
145 195 38
145 214 35
145 164 24
145 248 2
145 249 45
146 268 64
146 149 15
146 159 88
146 189 5
146 199 82
146 200 30
146 202 38
146 211 22
146 213 93
146 217 93
146 223 35
146 237 19
146 296 82
146 246 70
147 155 29
147 228 6
147 178 90
147 279 83
147 285 91
147 216 78
147 275 27
147 152 27
147 217 64
147 220 35
147 189 60
148 269 89
148 281 3
148 157 14
148 160 91
148 165 77
148 295 53
148 171 10
148 187 8
148 208 28
148 220 56
148 226 38
148 230 84
148 247 73
148 251 20
149 246 64
149 297 1
149 235 26
149 172 20
149 226 89
149 238 81
149 278 77
149 253 95
149 254 75
150 265 74
150 151 5
150 237 36
150 279 1
150 287 59
150 164 71
150 167 45
150 296 14
150 171 8
150 174 20
150 177 4
150 188 69
150 194 98
150 199 59
150 200 73
150 201 17
150 227 60
150 231 25
150 272 24
150 241 65
150 153 14
151 282 43
151 177 33
151 171 12
151 188 87
151 201 2
151 213 33
151 219 20
151 227 17
151 228 97
151 236 5
151 245 23
151 250 34
152 261 42
152 269 97
152 274 49
152 279 44
152 280 25
152 299 30
152 158 56
152 294 27
152 298 82
152 171 63
152 179 12
152 192 81
152 194 32
152 199 23
152 210 49
152 215 15
152 228 32
152 254 3
153 299 53
153 273 92
153 165 57
153 272 83
153 296 84
153 169 18
153 185 47
153 192 16
153 205 15
153 206 12
153 225 2
153 228 20
153 231 31
153 236 75
153 238 50
153 248 52
153 255 46
154 267 31
154 282 98
154 156 62
154 158 6
154 297 66
154 298 21
154 186 74
154 187 85
154 218 48
155 273 12
155 278 44
155 283 17
155 289 21
155 164 19
155 165 19
155 297 97
155 285 33
155 187 3
155 208 33
155 210 47
155 219 45
155 239 18
155 250 64
155 253 97
156 269 82
156 273 55
156 280 92
156 284 69
156 296 46
156 187 19
156 207 11
156 209 57
156 219 52
156 226 0
156 233 86
156 235 12
156 252 49
157 262 66
157 161 99
157 290 26
157 164 29
157 296 83
157 298 8
157 285 33
157 178 20
157 181 77
157 198 1
157 204 82
157 225 77
157 297 72
158 260 76
158 265 77
158 273 90
158 276 47
158 285 100
158 288 75
158 161 95
158 292 13
158 165 3
158 166 77
158 295 3
158 299 90
158 180 80
158 196 7
158 198 6
158 199 38
158 205 77
158 294 31
158 236 38
158 252 42
159 267 35
159 269 45
159 279 62
159 282 56
159 287 22
159 278 10
159 169 71
159 191 97
159 229 7
159 239 81
159 240 30
159 243 45
159 253 13
160 260 57
160 271 63
160 164 98
160 297 22
160 207 42
160 212 39
160 230 90
160 273 74
160 236 100
161 259 15
161 174 2
161 278 84
161 287 79
161 187 61
161 194 95
161 208 34
161 216 13
161 167 1
161 244 48
162 225 64
162 226 6
162 198 64
162 231 24
162 264 43
162 209 43
162 282 8
162 213 13
163 256 21
163 289 63
163 282 56
163 257 5
163 224 52
163 248 98
163 219 50
164 265 93
164 270 10
164 260 13
164 201 51
164 282 60
164 170 25
164 183 18
164 186 53
164 224 70
164 246 11
165 275 82
165 287 19
165 290 50
165 168 97
165 181 18
165 209 11
165 215 51
165 217 81
165 232 75
165 233 71
165 241 93
166 270 61
166 272 1
166 283 29
166 288 64
166 169 74
166 298 65
166 299 30
166 172 96
166 173 44
166 213 58
166 233 22
166 242 44
167 277 98
167 261 35
167 293 56
167 171 7
167 240 52
167 184 30
167 204 78
167 207 87
167 233 22
168 262 7
168 274 86
168 200 80
168 180 29
168 193 14
168 210 91
168 224 18
168 226 33
168 228 88
168 229 45
168 231 48
168 233 26
168 238 15
169 276 70
169 284 48
169 292 82
169 293 38
169 171 60
169 182 70
169 196 99
169 204 58
169 221 57
169 228 40
169 294 49
169 235 98
169 239 61
169 254 17
170 259 43
170 267 19
170 175 98
170 173 65
170 220 49
170 225 47
170 229 13
170 237 44
170 238 6
170 241 83
170 244 77
170 246 74
171 259 69
171 236 77
171 268 23
171 275 13
171 186 70
171 196 44
171 203 81
171 204 5
171 207 41
171 219 69
171 235 48
171 242 88
171 249 55
171 250 45
172 279 65
172 293 70
172 173 49
172 194 60
172 200 67
172 223 50
172 233 93
172 234 66
172 235 10
173 263 22
173 275 48
173 283 73
173 284 72
173 176 72
173 182 3
173 199 10
173 212 37
173 234 64
173 241 35
173 244 43
174 256 46
174 270 52
174 272 58
174 281 88
174 282 57
174 288 82
174 295 11
174 296 0
174 299 2
174 184 7
174 195 32
174 203 39
174 229 66
174 231 1
174 236 54
174 244 74
174 252 46
174 213 91
175 263 12
175 279 4
175 282 20
175 297 27
175 191 96
175 194 48
175 211 49
175 230 88
175 232 93
175 245 87
175 248 71
176 259 64
176 285 60
176 189 57
176 190 27
176 204 91
176 219 1
176 221 6
176 233 59
176 251 69
177 256 90
177 258 0
177 261 66
177 282 71
177 290 71
177 201 15
177 204 17
177 209 84
177 215 58
177 217 70
177 250 0
177 224 87
177 227 52
177 229 29
177 241 80
177 255 57
178 257 61
178 264 55
178 267 71
178 198 34
178 220 88
178 233 4
178 234 18
179 276 71
179 232 30
179 236 100
179 185 34
179 286 90
179 215 87
179 282 67
179 254 55
180 257 17
180 260 79
180 289 43
180 290 86
180 186 82
180 188 33
180 296 76
180 201 90
180 206 62
180 223 0
180 232 12
180 237 6
181 262 52
181 268 78
181 271 81
181 276 88
181 279 6
181 205 45
181 208 97
181 216 85
181 217 93
181 250 88
182 264 91
182 272 2
182 285 46
182 296 40
182 187 13
182 228 74
182 229 71
182 232 44
182 250 48
183 257 93
183 263 77
183 266 41
183 277 99
183 287 77
183 288 55
183 205 42
183 215 58
183 236 2
183 242 74
183 254 51
184 283 14
184 286 88
184 261 45
184 240 14
184 188 43
184 192 13
184 204 93
184 214 5
184 239 74
184 243 58
184 244 92
185 299 52
185 268 93
185 279 16
185 285 34
185 287 74
185 189 38
185 192 21
185 196 94
185 237 82
185 240 65
185 248 14
185 249 48
185 254 68
186 260 58
186 298 47
186 195 31
186 235 67
186 274 51
186 246 31
187 262 89
187 273 75
187 286 1
187 288 67
187 296 2
187 202 62
187 209 27
187 216 73
187 222 46
187 223 16
187 226 43
187 252 15
188 283 18
188 288 54
188 296 50
188 220 39
188 223 88
188 204 73
188 208 6
188 212 35
188 213 83
188 214 51
188 232 34
189 279 78
189 281 100
189 282 51
189 207 68
189 225 89
189 243 13
190 264 60
190 265 3
190 277 89
190 283 45
190 295 31
190 194 59
190 207 62
190 214 11
190 227 66
190 233 55
190 250 90
191 268 97
191 213 89
191 219 81
191 220 93
191 233 99
191 234 60
191 238 61
192 274 29
192 282 97
192 288 40
192 226 35
192 232 24
192 234 38
192 250 44
193 282 47
193 283 35
193 208 36
193 210 11
193 211 4
193 220 79
193 236 73
193 241 32
193 255 34
194 258 9
194 261 58
194 268 56
194 274 29
194 298 57
194 299 61
194 200 24
194 212 30
194 213 17
194 216 7
194 292 29
194 229 82
194 239 74
194 241 96
195 270 21
195 271 61
195 287 91
195 207 88
195 208 63
195 251 6
195 236 40
196 256 55
196 261 100
196 275 33
196 293 41
196 247 9
196 204 96
196 272 77
196 227 68
196 252 10
197 268 71
197 269 7
197 277 4
197 296 97
197 298 5
197 206 53
197 212 94
197 225 22
197 227 16
197 230 18
197 231 53
197 234 60
197 235 20
197 252 65
198 274 94
198 287 44
198 207 84
198 212 85
198 216 15
198 249 55
199 256 79
199 257 71
199 289 12
199 216 55
199 252 30
200 266 94
200 269 47
200 288 9
200 296 89
200 297 38
200 201 4
200 204 73
200 230 15
200 295 78
200 253 58
201 259 40
201 278 56
201 298 85
201 209 59
201 217 19
202 209 83
202 270 47
202 206 100
203 258 100
203 272 69
203 239 100
203 292 48
203 298 68
203 204 61
203 214 68
203 229 58
203 254 61
203 253 22
204 260 30
204 269 87
204 272 46
204 282 97
204 298 97
204 209 4
205 263 28
205 284 77
205 285 5
205 290 12
205 299 53
205 223 70
205 237 51
205 239 8
205 244 41
205 212 92
206 256 97
206 268 54
206 270 88
206 289 55
206 291 38
206 292 79
206 233 71
207 299 74
207 269 31
207 272 1
207 283 47
207 209 27
207 240 90
207 241 92
207 275 71
207 245 100
208 268 23
208 284 21
208 232 21
208 237 53
208 246 77
208 248 35
209 266 24
209 276 38
209 280 9
209 288 11
209 240 37
209 212 2
209 213 95
209 217 26
209 227 11
209 232 91
209 255 89
210 299 32
210 260 77
210 264 29
210 265 27
210 266 89
210 220 97
210 231 68
210 232 44
210 255 96
211 256 75
211 262 49
211 265 18
211 268 79
211 281 43
211 282 98
211 291 61
211 297 22
211 249 23
211 241 86
212 256 69
212 263 1
212 266 20
212 269 28
212 290 11
212 299 30
212 251 89
212 224 16
212 227 17
212 233 8
212 240 3
212 247 98
212 252 62
212 255 62
213 256 83
213 264 91
213 267 38
213 273 49
213 285 61
213 296 94
213 298 60
213 225 96
213 238 64
213 254 33
214 261 70
214 263 34
214 264 64
214 265 33
214 270 61
214 295 72
214 230 35
214 255 68
215 288 85
215 220 27
215 224 56
215 225 64
215 251 61
215 253 11
216 282 76
216 283 32
216 290 2
216 292 56
216 253 94
217 263 92
217 224 78
217 229 34
217 237 26
217 238 36
218 256 91
218 269 35
218 283 75
218 287 44
218 290 81
218 229 81
218 231 23
218 241 51
218 246 59
219 257 37
219 265 31
219 272 80
219 273 8
219 290 98
219 291 41
219 297 54
219 299 75
219 266 84
219 270 58
219 228 76
220 260 30
220 295 8
220 228 15
220 232 51
221 264 88
221 281 23
221 286 44
221 287 30
221 289 71
221 251 39
221 248 11
221 249 1
222 258 4
222 262 95
222 264 18
222 268 76
222 271 26
222 223 25
222 242 80
223 257 7
223 264 91
223 271 47
223 239 2
223 242 29
223 244 40
223 246 67
223 277 85
224 261 60
224 262 12
224 263 4
224 264 81
224 267 84
224 272 33
224 293 43
224 294 65
224 297 71
224 226 14
225 276 87
225 277 19
225 281 20
225 291 22
225 227 37
225 241 16
226 270 58
226 241 74
226 228 93
226 229 89
226 248 13
227 265 57
227 272 74
227 282 59
227 287 14
227 299 95
227 275 58
227 271 47
227 248 98
228 265 30
228 272 13
228 264 95
228 286 90
228 297 50
229 264 1
229 231 24
229 238 64
229 241 22
229 243 56
229 253 60
230 262 72
230 271 59
230 281 95
230 283 45
230 285 73
230 232 12
230 243 56
231 260 96
231 266 44
231 267 69
231 274 59
231 277 45
231 293 75
231 233 50
231 246 5
231 251 38
231 252 91
232 259 97
232 267 78
232 291 59
232 296 80
232 275 51
232 250 12
233 261 30
233 266 41
233 271 0
233 246 67
233 248 82
234 277 94
234 299 24
234 275 27
234 245 68
235 257 87
235 265 19
235 273 25
235 283 14
235 238 54
235 243 32
235 251 41
236 258 16
236 285 87
236 248 3
236 253 92
237 260 93
237 262 32
237 268 31
237 272 66
237 241 57
237 244 11
237 249 33
238 284 87
238 285 76
238 249 33
239 264 67
239 279 7
239 240 86
239 248 99
239 249 90
240 259 51
240 285 13
240 298 88
240 267 77
241 276 11
241 277 76
241 243 0
241 248 26
241 252 44
242 261 8
242 278 30
242 282 33
242 283 29
242 252 18
243 257 63
243 260 29
243 284 9
243 287 41
243 244 3
244 261 11
244 260 11
244 262 82
244 271 84
244 248 17
244 252 65
245 274 48
245 282 60
245 290 33
245 298 2
245 265 30
246 258 43
246 264 75
246 285 80
246 249 70
247 293 89
247 276 78
247 277 10
247 267 47
247 282 32
247 251 53
247 255 96
248 263 5
248 264 10
248 287 45
248 294 86
248 257 70
249 264 41
249 254 66
249 251 91
250 290 71
250 272 87
250 296 87
251 256 45
251 287 91
251 288 12
251 276 91
252 280 18
252 281 33
252 287 86
252 254 55
253 266 27
253 285 65
253 286 86
253 289 88
253 291 69
253 295 3
254 291 7
254 293 48
254 268 31
255 264 72
255 259 16
255 276 28
255 280 33
256 262 7
256 270 29
256 278 78
256 289 9
256 297 20
257 259 83
257 297 90
257 299 88
257 288 68
258 269 89
258 273 4
258 282 66
258 286 13
258 288 10
258 290 54
258 292 27
258 296 40
258 297 0
259 267 0
259 275 39
259 277 13
259 278 6
259 284 21
260 269 72
260 281 23
260 296 21
260 298 69
262 271 72
262 273 20
262 277 54
262 280 80
262 283 91
262 287 73
262 267 10
263 267 41
263 278 17
263 299 27
263 287 84
264 268 4
264 269 38
264 294 56
264 296 20
265 278 22
265 268 78
265 273 33
265 289 42
265 293 88
265 296 67
265 297 40
266 276 37
266 281 34
266 285 72
266 295 59
266 284 14
267 268 51
267 269 89
267 286 47
267 292 76
268 278 94
268 290 63
268 298 0
269 274 20
269 273 63
270 280 75
270 275 34
271 289 99
271 293 87
271 297 14
272 274 44
272 291 20
272 295 6
272 298 91
272 293 65
274 281 95
274 293 93
276 283 66
276 294 87
276 298 29
279 280 4
280 290 29
280 294 15
280 297 0
280 298 47
281 290 62
281 295 3
281 284 14
282 295 8
282 298 14
282 287 100
282 290 9
283 285 9
283 292 97
283 297 92
284 285 73
284 294 59
285 287 59
285 291 40
285 297 0
285 298 59
286 287 93
287 288 51
287 293 13
287 298 98
289 290 80
289 295 42
291 294 38
295 298 95
