300 4000
0 256 8
0 128 60
0 43 71
0 260 17
0 134 62
0 7 17
0 8 93
0 3 62
0 26 17
0 27 1
0 30 12
0 288 57
0 35 86
0 165 45
0 38 10
0 169 33
0 171 14
0 44 3
0 45 100
0 177 0
0 58 18
0 187 63
0 60 13
0 74 63
0 98 88
0 103 57
0 235 0
0 252 92
0 125 28
1 129 71
1 261 98
1 7 59
1 266 9
1 12 73
1 269 1
1 273 79
1 147 37
1 148 21
1 280 65
1 281 71
1 283 25
1 28 39
1 296 15
1 43 93
1 46 64
1 47 54
1 180 90
1 53 68
1 183 83
1 193 90
1 197 43
1 71 73
1 73 44
1 204 67
1 214 37
1 89 42
1 90 89
1 95 93
1 97 0
1 117 30
1 247 80
2 257 19
2 268 86
2 14 27
2 271 29
2 17 26
2 18 58
2 19 54
2 23 64
2 28 40
2 158 91
2 289 12
2 293 34
2 294 94
2 173 42
2 175 19
2 51 35
2 30 52
2 182 80
2 57 32
2 187 35
2 60 74
2 189 92
2 192 47
2 54 64
2 209 67
2 210 73
2 85 2
2 95 96
2 225 64
2 98 40
2 227 41
2 101 81
2 110 41
2 112 75
2 247 43
2 122 37
3 261 93
3 137 21
3 266 69
3 279 87
3 283 98
3 288 53
3 37 1
3 294 16
3 296 72
3 43 86
3 265 55
3 199 32
3 78 21
3 207 54
3 80 10
3 209 26
3 88 74
3 94 98
3 101 4
3 106 68
3 235 25
3 113 80
3 243 53
3 244 74
3 122 100
4 5 90
4 135 31
4 8 55
4 138 54
4 270 3
4 19 67
4 154 85
4 29 3
4 161 24
4 169 34
4 7 4
4 53 58
4 69 20
4 201 76
4 213 9
4 92 37
4 227 96
4 234 0
4 243 41
4 117 44
4 246 34
4 252 17
5 263 88
5 23 79
5 31 30
5 291 30
5 37 0
5 41 17
5 172 74
5 50 3
5 51 79
5 53 32
5 184 41
5 185 81
5 287 8
5 191 91
5 206 44
5 208 56
5 85 14
5 221 54
5 225 89
5 187 32
5 114 42
5 243 91
5 245 61
5 118 80
5 250 35
6 129 96
6 194 87
6 67 17
6 69 42
6 230 78
6 231 44
6 252 88
6 106 84
6 39 32
6 12 56
6 237 67
6 270 64
6 205 57
6 50 64
6 91 89
6 105 96
6 248 97
6 58 59
6 59 94
6 284 82
6 221 88
7 257 73
7 136 74
7 139 49
7 16 24
7 17 62
7 23 16
7 284 90
7 30 25
7 168 48
7 172 76
7 49 90
7 80 31
7 87 87
7 88 20
7 219 65
7 221 100
7 94 54
7 236 32
7 237 82
7 125 96
7 255 31
8 256 70
8 268 13
8 272 19
8 20 57
8 277 76
8 27 9
8 284 51
8 291 45
8 292 34
8 297 62
8 51 52
8 188 53
8 203 97
8 73 14
8 75 79
8 80 91
8 83 47
8 88 15
8 218 21
8 230 97
8 104 66
8 105 63
8 255 41
8 123 31
8 21 48
9 224 27
9 144 86
9 34 24
9 164 84
9 230 34
9 103 90
9 105 47
9 225 65
9 13 68
9 45 36
9 174 98
9 109 66
9 240 61
9 18 1
9 115 90
9 244 45
9 46 54
9 154 29
9 285 57
9 126 79
9 253 58
10 136 16
10 141 88
10 270 10
10 278 28
10 282 50
10 30 50
10 291 87
10 298 75
10 176 97
10 180 21
10 185 32
10 60 59
10 189 87
10 78 99
10 101 26
10 229 80
10 104 46
10 105 47
10 106 77
10 110 40
10 113 2
10 246 86
11 128 54
11 17 100
11 164 14
11 212 76
11 278 16
11 38 32
11 39 58
11 296 2
11 266 33
11 289 23
11 110 76
11 241 99
11 275 74
11 52 81
11 46 60
11 219 39
11 55 3
11 281 55
11 26 25
11 283 45
11 234 35
12 256 47
12 258 60
12 129 54
12 264 41
12 14 82
12 18 47
12 275 32
12 281 50
12 158 7
12 159 73
12 293 61
12 42 17
12 43 62
12 175 32
12 176 50
12 177 59
12 186 61
12 82 67
12 83 93
12 89 65
12 101 46
12 104 18
12 252 29
12 106 13
12 108 50
12 241 80
12 243 86
12 244 22
12 122 31
12 251 85
12 124 25
13 261 79
13 270 44
13 17 62
13 18 53
13 147 56
13 155 4
13 133 45
13 295 11
13 168 90
13 47 16
13 183 8
13 184 84
13 187 29
13 189 62
13 190 21
13 191 88
13 66 28
13 31 69
13 205 70
13 79 96
13 211 70
13 84 30
13 225 57
13 226 38
13 39 59
13 237 87
13 117 55
13 249 1
13 255 88
14 132 14
14 262 94
14 264 38
14 141 32
14 142 25
14 272 74
14 273 69
14 146 18
14 23 70
14 280 37
14 29 94
14 294 19
14 295 33
14 296 2
14 175 74
14 179 86
14 180 42
14 61 96
14 201 22
14 206 86
14 81 59
14 82 60
14 144 72
14 17 54
14 104 33
14 105 91
14 112 53
14 116 74
14 246 63
15 130 6
15 263 16
15 269 48
15 143 49
15 144 29
15 27 78
15 28 12
15 30 67
15 159 38
15 33 75
15 284 26
15 170 89
15 45 98
15 50 39
15 54 26
15 63 50
15 68 50
15 72 38
15 76 50
15 207 74
15 84 22
15 88 40
15 90 1
15 94 84
15 238 1
15 247 69
16 129 69
16 264 6
16 273 58
16 146 6
16 23 88
16 29 15
16 32 88
16 289 62
16 295 17
16 40 76
16 169 1
16 57 96
16 58 97
16 188 60
16 61 82
16 191 75
16 64 5
16 195 54
16 196 58
16 69 25
16 202 19
16 228 22
16 239 45
16 115 86
16 246 15
17 256 39
17 271 15
17 145 70
17 150 95
17 151 23
17 24 71
17 153 54
17 154 57
17 29 66
17 158 6
17 36 4
17 45 30
17 178 24
17 72 20
17 88 63
17 89 22
17 228 14
17 230 79
17 102 29
17 105 39
17 106 16
17 243 60
17 244 26
17 126 29
18 135 68
18 139 54
18 270 100
18 20 66
18 278 54
18 279 90
18 154 14
18 32 23
18 33 20
18 163 85
18 293 4
18 295 6
18 40 61
18 299 53
18 181 58
18 68 92
18 165 61
18 227 16
18 100 72
18 239 31
18 168 70
18 118 95
18 253 45
19 267 68
19 269 72
19 146 83
19 285 14
19 30 68
19 35 37
19 38 6
19 39 63
19 297 64
19 56 53
19 70 68
19 202 7
19 208 35
19 210 5
19 214 93
19 91 50
19 92 6
19 223 47
19 238 55
19 241 86
19 115 71
19 120 73
19 122 95
19 126 66
20 129 2
20 143 16
20 276 49
20 21 37
20 89 80
20 24 52
20 296 40
20 178 10
20 51 37
20 181 11
20 187 21
20 70 40
20 201 18
20 205 27
20 79 98
20 80 5
20 217 88
20 93 26
20 222 31
20 95 8
20 103 29
20 231 85
20 108 86
20 254 83
21 128 29
21 130 30
21 260 98
21 261 58
21 139 6
21 147 33
21 148 28
21 26 63
21 28 53
21 29 8
21 30 59
21 289 35
21 36 73
21 165 98
21 173 25
21 48 17
21 70 52
21 209 39
21 86 51
21 95 27
21 117 82
21 246 73
21 121 16
21 254 16
22 256 41
22 130 30
22 139 15
22 270 70
22 279 50
22 31 28
22 197 27
22 40 66
22 46 59
22 178 66
22 51 45
22 57 13
22 187 38
22 60 53
22 61 7
22 192 52
22 67 29
22 69 51
22 199 97
22 204 80
22 77 14
22 82 3
22 217 86
22 101 82
22 230 30
22 108 25
22 114 94
22 126 1
23 260 40
23 267 65
23 147 46
23 24 89
23 27 93
23 32 16
23 289 72
23 39 54
23 41 30
23 42 49
23 179 27
23 188 54
23 69 44
23 72 29
23 74 73
23 209 24
23 83 70
23 212 88
23 217 33
23 90 48
23 223 14
23 110 5
23 115 63
23 170 68
24 265 77
24 138 1
24 151 83
24 269 18
24 30 32
24 159 71
24 160 12
24 48 42
24 178 2
24 56 85
24 198 13
24 75 91
24 84 94
24 87 85
24 216 79
24 91 14
24 222 9
24 97 77
24 99 83
24 228 60
24 110 99
24 116 35
24 119 58
24 248 39
24 124 28
25 135 39
25 275 10
25 174 20
25 284 6
25 289 73
25 164 57
25 293 9
25 296 10
25 42 0
25 299 88
25 46 15
25 51 67
25 55 56
25 62 14
25 196 51
25 33 1
25 81 94
25 86 57
25 95 30
25 108 32
25 237 59
25 147 39
25 124 8
26 264 18
26 137 58
26 268 89
26 144 32
26 145 43
26 275 74
26 27 21
26 286 26
26 162 72
26 172 87
26 179 68
26 53 86
26 192 42
26 194 27
26 197 1
26 72 25
26 204 93
26 75 64
26 76 43
26 92 38
26 250 59
26 97 77
26 231 18
26 109 100
26 112 82
26 113 39
26 243 74
26 245 44
26 122 10
26 123 85
26 253 73
26 126 91
27 130 52
27 266 39
27 295 16
27 176 60
27 179 29
27 185 3
27 61 43
27 196 13
27 69 89
27 74 51
27 212 67
27 216 90
27 228 37
27 143 22
27 221 75
27 225 49
27 100 32
27 105 53
27 245 86
27 252 81
27 255 20
28 137 26
28 145 1
28 276 9
28 161 75
28 293 86
28 167 30
28 298 89
28 47 52
28 181 48
28 184 43
28 67 52
28 72 20
28 205 77
28 206 13
28 79 21
28 82 8
28 215 27
28 98 16
28 106 93
28 236 62
28 244 84
28 123 37
28 125 69
29 138 70
29 141 42
29 291 3
29 36 72
29 169 86
29 176 54
29 180 84
29 182 78
29 58 81
29 63 74
29 71 2
29 84 26
29 216 21
29 217 45
29 231 40
29 232 95
29 105 31
29 109 4
29 111 23
29 114 36
29 116 19
29 41 68
29 251 36
29 126 63
30 131 44
30 150 45
30 268 83
30 270 75
30 272 42
30 278 21
30 35 89
30 297 1
30 46 17
30 61 96
30 83 84
30 197 51
30 208 10
30 163 6
30 88 74
30 90 32
30 103 33
30 107 8
30 109 45
30 114 61
30 243 34
30 248 93
30 251 43
30 255 81
31 129 52
31 133 15
31 134 88
31 193 74
31 275 19
31 276 12
31 150 0
31 157 61
31 289 5
31 165 4
31 172 79
31 45 97
31 174 77
31 285 18
31 187 17
31 188 60
31 192 61
31 65 97
31 75 84
31 79 43
31 208 61
31 88 3
31 96 65
31 231 44
32 260 33
32 133 99
32 265 37
32 147 62
32 278 67
32 153 95
32 285 21
32 289 96
32 162 72
32 37 38
32 54 97
32 184 40
32 57 22
32 187 33
32 189 8
32 62 19
32 191 84
32 83 17
32 88 2
32 229 22
32 234 56
32 236 11
33 128 19
33 96 94
33 194 56
33 292 52
33 165 19
33 134 55
33 243 73
33 72 12
33 41 59
33 269 8
33 83 50
33 52 9
33 86 86
33 233 34
33 253 100
33 190 2
34 256 34
34 132 53
34 262 61
34 264 52
34 271 12
34 277 23
34 156 90
34 288 11
34 289 98
34 296 20
34 44 51
34 61 26
34 190 20
34 192 65
34 193 33
34 67 16
34 74 49
34 214 5
34 215 84
34 221 75
34 224 1
34 234 24
34 240 81
34 250 19
35 128 47
35 132 73
35 262 53
35 136 67
35 151 57
35 279 10
35 165 60
35 46 19
35 221 84
35 178 51
35 180 18
35 118 53
35 70 4
35 201 64
35 74 66
35 205 94
35 93 25
35 94 63
35 102 47
35 104 56
35 234 1
35 107 74
35 246 86
36 131 16
36 133 47
36 134 55
36 143 2
36 274 90
36 160 24
36 162 55
36 37 70
36 167 25
36 296 65
36 92 88
36 171 99
36 174 65
36 157 64
36 53 31
36 188 100
36 67 10
36 68 40
36 82 33
36 213 55
36 220 46
36 223 7
36 100 17
36 232 80
36 233 56
36 46 10
36 241 38
36 116 25
36 125 30
37 268 38
37 272 0
37 166 38
37 179 70
37 180 88
37 56 54
37 205 47
37 210 96
37 212 49
37 216 30
37 218 21
37 220 52
37 223 42
37 96 25
37 241 37
37 244 14
37 121 73
37 123 86
38 130 71
38 134 31
38 138 95
38 139 61
38 141 0
38 216 42
38 147 3
38 152 1
38 156 11
38 285 21
38 158 76
38 296 0
38 56 8
38 185 36
38 189 23
38 195 92
38 76 7
38 207 4
38 86 82
38 88 36
38 90 70
38 223 39
38 99 18
38 229 69
38 275 64
38 245 9
38 251 76
38 127 32
39 208 59
39 292 66
39 230 81
39 54 64
39 169 28
39 140 93
39 239 57
39 272 97
39 214 37
39 215 94
39 184 98
39 89 91
39 271 20
39 221 25
39 165 66
40 130 86
40 259 79
40 263 67
40 287 90
40 291 81
40 293 27
40 298 4
40 47 90
40 49 98
40 55 3
40 184 4
40 57 13
40 62 78
40 64 5
40 67 82
40 198 64
40 72 67
40 77 99
40 208 88
40 210 81
40 218 13
40 221 59
40 99 87
40 235 66
40 108 76
40 115 90
40 245 54
41 146 39
41 148 82
41 175 28
41 160 62
41 165 68
41 169 50
41 45 58
41 47 1
41 48 38
41 183 80
41 184 58
41 72 86
41 55 83
41 212 57
41 216 15
41 219 54
41 225 75
41 229 12
41 119 88
42 145 25
42 147 62
42 286 90
42 288 64
42 167 16
42 296 62
42 173 99
42 58 35
42 191 2
42 268 45
42 78 7
42 211 17
42 213 10
42 218 26
42 228 71
42 104 48
42 111 84
42 114 32
42 117 24
42 119 85
42 248 47
43 143 52
43 146 95
43 131 60
43 279 90
43 280 72
43 155 25
43 284 70
43 292 96
43 166 57
43 168 61
43 299 4
43 184 33
43 186 6
43 187 59
43 69 95
43 70 19
43 201 72
43 204 86
43 77 19
43 81 54
43 214 36
43 88 66
43 92 65
43 224 92
43 225 33
43 231 60
43 110 28
43 241 66
43 242 63
43 126 58
44 160 21
44 227 50
44 229 71
44 200 61
44 299 86
44 239 67
44 269 58
44 111 51
44 146 52
44 244 46
44 213 0
44 119 54
44 155 42
44 175 33
44 183 78
45 133 34
45 288 56
45 164 34
45 294 26
45 167 96
45 298 15
45 173 23
45 52 38
45 181 81
45 186 38
45 192 87
45 68 35
45 209 48
45 82 21
45 90 32
45 92 100
45 58 35
45 228 71
45 253 86
46 131 81
46 294 4
46 296 20
46 169 35
46 173 97
46 48 63
46 286 41
46 185 13
46 58 48
46 66 58
46 200 48
46 73 91
46 204 68
46 209 41
46 163 99
46 213 12
46 87 28
46 217 41
46 218 90
46 219 51
46 225 5
46 99 83
46 229 26
46 104 8
46 235 30
46 110 76
46 113 22
46 116 37
46 249 12
46 122 83
47 130 34
47 139 2
47 268 86
47 163 18
47 293 64
47 168 21
47 169 53
47 221 68
47 48 98
47 190 100
47 193 8
47 66 51
47 197 11
47 203 45
47 82 96
47 83 46
47 86 45
47 93 24
47 228 78
47 231 89
47 107 63
47 242 6
47 119 100
48 147 76
48 149 14
48 151 73
48 282 16
48 292 86
48 165 68
48 299 35
48 50 0
48 56 54
48 60 59
48 192 2
48 66 89
48 70 57
48 206 70
48 207 94
48 212 96
48 85 51
48 90 3
48 226 31
48 99 64
48 102 19
48 232 45
48 238 54
48 275 46
48 246 94
48 250 16
49 136 29
49 139 18
49 140 29
49 275 31
49 276 72
49 157 58
49 297 25
49 175 70
49 185 55
49 60 20
49 65 75
49 195 4
49 196 56
49 69 3
49 71 100
49 72 17
49 268 79
49 205 34
49 207 77
49 86 65
49 91 3
49 106 64
49 235 66
49 114 45
49 115 75
49 248 42
49 123 90
50 265 41
50 139 1
50 144 48
50 145 45
50 151 65
50 153 33
50 160 32
50 291 0
50 169 95
50 76 12
50 78 94
50 208 53
50 214 64
50 219 48
50 227 10
50 235 76
50 240 32
50 241 0
51 132 40
51 278 78
51 136 81
51 282 71
51 177 35
51 170 62
51 172 26
51 173 18
51 195 43
51 198 91
51 74 34
51 78 55
51 94 82
51 99 3
51 101 42
51 234 85
51 109 45
51 110 46
51 112 37
51 241 28
51 119 41
52 131 74
52 134 33
52 193 12
52 270 21
52 145 69
52 275 32
52 148 82
52 279 94
52 186 15
52 65 74
52 199 46
52 142 13
52 90 62
52 228 58
52 101 37
52 103 25
52 232 28
52 106 13
52 240 37
52 246 13
52 254 54
53 160 10
53 65 75
53 163 53
53 100 84
53 229 63
53 129 72
53 169 81
53 63 60
53 255 78
53 84 57
53 265 87
53 57 35
53 219 62
53 189 63
53 69 55
54 261 43
54 270 19
54 272 54
54 159 3
54 161 76
54 295 21
54 169 22
54 176 73
54 178 70
54 180 83
54 187 70
54 188 54
54 64 16
54 194 18
54 67 34
54 214 3
54 222 66
54 223 2
54 224 23
54 101 23
54 235 75
54 245 9
55 261 15
55 141 50
55 143 38
55 147 35
55 276 11
55 283 43
55 174 82
55 177 9
55 179 85
55 66 70
55 195 71
55 199 93
55 78 45
55 269 85
55 100 44
55 107 76
55 109 23
55 247 28
55 122 31
55 123 64
56 143 78
56 273 21
56 274 66
56 291 74
56 241 18
56 177 75
56 180 39
56 58 21
56 65 75
56 97 89
56 203 79
56 207 56
56 211 74
56 212 87
56 90 68
56 225 10
56 113 80
56 248 23
56 121 85
56 123 90
57 262 4
57 135 43
57 136 80
57 265 36
57 269 63
57 285 28
57 289 8
57 162 21
57 297 81
57 188 15
57 191 34
57 78 60
57 82 43
57 213 71
57 222 10
57 231 35
57 232 73
57 107 0
57 108 27
57 238 4
57 239 72
57 114 48
57 119 75
58 129 32
58 136 99
58 242 14
58 283 25
58 162 92
58 262 12
58 296 85
58 183 42
58 62 56
58 192 2
58 70 41
58 212 3
58 215 16
58 97 85
58 100 20
58 233 87
58 109 28
58 111 74
58 168 41
58 114 83
58 117 42
58 120 23
58 252 1
58 253 95
59 256 60
59 129 1
59 272 45
59 238 43
59 152 57
59 284 20
59 296 67
59 170 24
59 72 69
59 179 8
59 95 87
59 188 98
59 63 76
59 199 42
59 200 14
59 74 7
59 80 47
59 223 52
59 97 87
59 231 99
59 237 51
59 110 66
59 168 65
59 245 83
59 122 47
59 252 23
59 255 38
60 299 91
60 132 73
60 265 75
60 276 100
60 156 85
60 289 70
60 171 87
60 222 29
60 182 70
60 186 6
60 189 1
60 192 21
60 68 77
60 161 6
60 72 61
60 208 78
60 211 53
60 91 68
60 94 66
60 225 36
60 98 16
60 233 76
60 235 1
60 244 40
60 126 4
61 128 25
61 257 16
61 133 35
61 265 15
61 139 25
61 143 91
61 274 56
61 277 51
61 278 98
61 150 2
61 281 85
61 261 50
61 292 29
61 294 46
61 167 90
61 169 4
61 67 55
61 199 8
61 86 56
61 217 59
61 94 15
61 95 58
61 96 95
61 235 0
61 239 33
61 244 25
61 247 36
61 153 17
61 255 23
62 128 18
62 130 94
62 261 65
62 272 52
62 277 61
62 161 59
62 163 78
62 292 39
62 166 24
62 173 45
62 178 90
62 184 33
62 189 41
62 63 76
62 192 54
62 211 67
62 92 96
62 221 14
62 240 58
62 242 28
62 121 33
63 142 33
63 146 7
63 157 17
63 163 80
63 171 4
63 190 57
63 68 28
63 214 12
63 89 30
63 224 87
63 101 3
63 103 64
63 107 82
63 237 37
63 115 43
63 116 57
63 250 69
63 124 56
63 255 52
64 137 71
64 269 0
64 146 62
64 275 53
64 288 18
64 162 24
64 292 55
64 185 66
64 78 51
64 208 13
64 82 98
64 211 83
64 85 85
64 217 99
64 218 87
64 91 55
64 231 84
64 233 40
64 106 34
64 113 19
64 250 63
65 129 59
65 131 13
65 136 43
65 267 32
65 194 65
65 275 39
65 150 53
65 157 73
65 159 79
65 290 7
65 164 64
65 241 0
65 171 54
65 172 1
65 66 59
65 73 80
65 205 70
65 81 59
65 82 52
65 84 23
65 224 5
65 235 49
65 111 29
65 113 62
65 121 8
66 129 72
66 139 36
66 174 84
66 157 15
66 289 55
66 291 25
66 167 18
66 296 75
66 68 68
66 73 17
66 88 43
66 89 23
66 96 63
66 238 56
66 113 89
66 122 90
66 251 79
66 149 87
67 130 28
67 135 58
67 147 99
67 282 67
67 191 19
67 72 12
67 73 73
67 74 61
67 290 79
67 213 90
67 90 63
67 223 46
67 96 93
67 100 34
67 252 34
68 130 7
68 135 81
68 258 76
68 144 21
68 145 59
68 279 37
68 281 5
68 155 18
68 177 96
68 71 27
68 75 41
68 85 13
68 91 91
68 92 6
68 93 46
68 96 61
68 225 44
68 227 64
68 100 75
68 232 5
68 112 24
68 116 100
68 249 13
69 129 29
69 299 66
69 136 51
69 149 44
69 168 41
69 297 19
69 184 66
69 186 38
69 192 96
69 203 21
69 247 52
69 76 45
69 95 57
69 105 36
69 240 74
69 118 97
69 119 86
69 248 100
69 123 6
70 128 10
70 136 100
70 138 76
70 281 0
70 174 43
70 198 63
70 76 49
70 211 42
70 84 98
70 225 1
70 227 55
70 102 26
70 233 94
70 238 40
70 114 73
70 127 26
71 258 15
71 265 70
71 272 67
71 149 14
71 151 53
71 154 56
71 290 27
71 166 11
71 169 6
71 174 46
71 201 17
71 78 85
71 79 73
71 120 60
71 210 43
71 218 70
71 93 33
71 94 60
71 226 31
71 228 42
71 240 43
71 243 48
71 247 47
71 248 7
72 256 23
72 258 2
72 265 73
72 130 36
72 142 62
72 157 75
72 158 24
72 289 19
72 162 0
72 299 39
72 181 80
72 191 1
72 196 28
72 75 77
72 81 82
72 85 52
72 214 100
72 215 72
72 217 39
72 90 62
72 221 16
72 222 93
72 95 87
72 226 10
72 99 8
72 108 62
72 110 41
72 187 75
72 246 12
72 252 50
72 253 23
72 126 4
73 262 0
73 265 31
73 269 9
73 275 38
73 149 58
73 90 0
73 158 53
73 292 57
73 295 98
73 296 18
73 170 65
73 193 86
73 201 12
73 79 4
73 209 23
73 218 13
73 100 51
73 81 79
73 110 86
73 168 72
73 252 20
74 129 38
74 88 24
74 280 92
74 284 97
74 293 66
74 167 0
74 170 50
74 183 29
74 196 8
74 76 72
74 290 20
74 216 50
74 218 97
74 93 0
74 223 79
74 225 29
74 236 95
74 117 85
74 247 75
75 271 29
75 144 43
75 157 65
75 158 79
75 162 37
75 292 51
75 184 11
75 186 32
75 188 20
75 202 5
75 79 43
75 225 5
75 99 30
75 229 92
75 102 98
75 112 52
75 114 85
75 243 91
75 127 91
76 260 67
76 261 79
76 150 28
76 151 71
76 293 37
76 169 89
76 191 87
76 204 40
76 92 22
76 93 12
76 223 89
76 226 20
76 232 0
76 242 88
76 243 83
76 122 11
76 125 12
77 130 99
77 227 57
77 132 11
77 195 2
77 273 98
77 170 89
77 119 55
77 141 89
77 243 29
77 191 35
77 151 49
77 248 9
77 283 95
77 123 58
77 124 24
77 222 39
77 127 71
78 135 36
78 271 18
78 273 98
78 146 91
78 276 35
78 286 62
78 160 35
78 298 18
78 179 47
78 199 25
78 204 72
78 212 40
78 214 78
78 220 17
78 94 8
78 96 64
78 228 70
78 104 74
78 105 88
78 110 17
78 117 37
78 148 64
78 122 37
78 170 42
79 135 35
79 138 19
79 153 81
79 161 84
79 293 27
79 116 91
79 210 62
79 85 41
79 218 37
79 223 32
79 228 28
79 102 82
79 231 38
79 232 52
79 242 41
79 244 51
79 247 86
80 267 69
80 150 94
80 161 33
80 162 98
80 163 87
80 164 72
80 171 78
80 174 41
80 191 100
80 193 37
80 218 0
80 223 30
80 227 32
80 228 71
80 103 16
80 241 32
80 124 10
81 132 62
81 269 52
81 142 52
81 272 93
81 145 31
81 149 21
81 280 77
81 288 51
81 170 50
81 184 79
81 204 2
81 205 83
81 83 74
81 89 84
81 91 76
81 222 60
81 224 29
81 103 89
81 235 47
81 109 58
81 113 8
81 114 30
81 211 22
81 250 82
82 128 83
82 140 93
82 287 40
82 290 34
82 165 94
82 177 72
82 207 36
82 212 31
82 213 94
82 217 50
82 96 9
82 230 81
82 238 39
82 112 22
82 113 2
82 116 54
82 246 95
82 121 13
82 122 57
82 127 74
83 257 91
83 262 33
83 265 78
83 139 90
83 147 62
83 285 84
83 134 34
83 176 80
83 182 48
83 187 60
83 289 49
83 201 0
83 204 48
83 86 16
83 93 10
83 101 86
83 105 17
83 241 53
83 122 25
84 128 81
84 130 47
84 263 21
84 136 46
84 148 48
84 153 41
84 160 66
84 290 3
84 183 59
84 191 86
84 206 62
84 216 48
84 92 62
84 221 24
84 96 25
84 107 50
84 118 27
85 193 40
85 163 11
85 100 30
85 136 10
85 139 6
85 204 1
85 119 81
85 207 19
85 151 99
85 183 67
86 129 66
86 130 85
86 260 73
86 151 26
86 292 47
86 295 13
86 176 2
86 181 38
86 201 69
86 220 15
86 229 50
86 230 61
86 248 18
86 251 99
86 254 49
86 255 73
87 256 46
87 131 61
87 144 92
87 152 44
87 278 9
87 155 26
87 158 60
87 290 17
87 163 50
87 165 91
87 168 4
87 169 64
87 171 57
87 175 15
87 177 95
87 186 81
87 198 79
87 248 96
87 92 2
87 95 89
87 106 71
87 239 47
87 115 6
87 120 88
88 257 6
88 132 3
88 135 53
88 265 82
88 279 90
88 155 70
88 163 71
88 295 48
88 296 57
88 170 52
88 94 86
88 183 53
88 181 100
88 192 72
88 160 65
88 196 97
88 208 82
88 291 78
88 222 19
88 166 99
88 103 27
88 243 49
88 254 70
89 261 28
89 270 19
89 272 48
89 275 18
89 276 99
89 150 12
89 288 95
89 164 41
89 296 89
89 175 37
89 188 13
89 213 47
89 221 42
89 234 98
89 109 61
89 238 53
89 127 54
90 257 26
90 268 20
90 142 43
90 271 40
90 273 13
90 146 98
90 152 22
90 286 25
90 159 47
90 289 19
90 164 39
90 167 33
90 299 9
90 182 36
90 184 0
90 187 56
90 196 20
90 201 23
90 206 29
90 93 80
90 94 72
90 226 72
90 228 11
90 232 95
90 233 97
90 243 34
90 116 59
90 251 53
90 252 74
90 255 11
91 160 67
91 131 73
91 276 18
91 183 72
91 236 68
91 205 2
91 120 11
91 148 95
91 278 79
91 247 40
91 217 10
91 157 63
92 134 3
92 279 20
92 196 69
92 155 13
92 157 84
92 288 82
92 290 95
92 197 17
92 208 97
92 211 12
92 221 4
92 96 2
92 114 82
92 124 20
92 127 23
93 130 29
93 132 40
93 133 44
93 135 31
93 175 51
93 156 90
93 165 53
93 167 100
93 200 69
93 213 40
93 216 69
93 110 99
93 126 87
94 147 29
94 278 25
94 284 45
94 218 4
94 158 86
94 293 4
94 247 74
94 205 7
94 214 17
94 215 44
94 223 97
94 105 16
94 237 29
94 119 46
94 124 15
94 255 76
95 259 31
95 270 48
95 273 69
95 275 95
95 148 61
95 149 39
95 278 53
95 153 97
95 205 41
95 210 51
95 216 41
95 103 41
95 109 68
95 111 37
95 122 41
95 253 94
96 256 98
96 138 56
96 147 73
96 148 33
96 280 52
96 158 53
96 220 32
96 170 2
96 176 87
96 179 53
96 186 9
96 194 46
96 199 72
96 123 28
96 230 37
96 108 51
96 240 47
96 114 36
96 115 65
96 251 68
96 125 74
96 126 11
97 137 41
97 269 55
97 272 40
97 158 35
97 161 54
97 290 64
97 166 38
97 295 59
97 169 76
97 298 2
97 177 41
97 194 91
97 211 95
97 98 80
97 100 35
97 104 2
97 107 52
97 126 36
98 161 1
98 229 64
98 193 60
98 170 13
98 171 33
98 238 63
98 240 91
98 178 65
98 180 22
98 150 13
98 176 53
98 120 55
98 153 26
98 157 37
98 158 53
98 191 99
99 130 62
99 262 31
99 146 22
99 149 87
99 282 94
99 155 83
99 297 84
99 173 0
99 176 8
99 197 17
99 104 19
99 243 21
99 246 17
99 247 1
100 128 48
100 130 82
100 263 53
100 139 52
100 278 23
100 285 1
100 162 49
100 167 8
100 297 22
100 176 37
100 205 60
100 208 0
100 228 80
100 109 65
100 239 45
100 242 12
100 245 85
100 246 82
100 124 83
101 141 38
101 142 17
101 145 18
101 280 92
101 158 82
101 288 28
101 203 52
101 211 6
101 215 28
101 219 63
101 232 27
101 107 20
101 238 81
101 124 67
102 256 5
102 132 85
102 275 33
102 148 90
102 280 98
102 153 29
102 154 8
102 286 3
102 160 97
102 294 82
102 296 90
102 297 96
102 183 26
102 196 88
102 197 85
102 214 2
102 207 5
102 224 6
102 231 15
102 104 13
102 233 61
102 242 6
102 124 82
103 264 22
103 268 98
103 142 27
103 145 48
103 276 13
103 151 19
103 283 99
103 287 61
103 164 41
103 172 100
103 177 43
103 178 2
103 179 46
103 121 50
103 184 70
103 187 18
103 211 37
103 215 52
103 114 64
103 122 15
103 252 14
104 131 98
104 268 44
104 279 36
104 153 13
104 186 42
104 266 15
104 191 36
104 193 29
104 194 43
104 214 92
104 223 74
104 243 45
104 246 85
105 128 21
105 260 69
105 265 88
105 139 62
105 150 39
105 281 47
105 154 59
105 155 2
105 296 93
105 222 14
105 192 14
105 220 94
105 228 80
105 113 100
106 258 35
106 267 38
106 269 54
106 147 37
106 148 52
106 282 29
106 155 73
106 157 91
106 293 97
106 167 49
106 296 18
106 175 10
106 215 8
106 221 12
106 165 81
106 225 54
106 228 93
106 239 6
106 249 52
106 122 40
106 123 99
107 258 64
107 263 57
107 265 73
107 268 32
107 141 57
107 144 51
107 152 6
107 281 68
107 170 75
107 178 62
107 181 89
107 223 45
107 196 11
107 201 44
107 210 69
107 217 16
107 222 85
107 229 14
107 227 96
107 108 65
107 239 72
107 243 73
107 117 46
107 250 47
108 128 13
108 299 77
108 143 87
108 157 92
108 286 16
108 169 73
108 298 53
108 171 99
108 192 60
108 268 62
108 212 6
108 222 68
108 237 87
108 115 6
108 118 49
108 247 36
108 276 29
108 125 59
109 150 8
109 262 59
109 138 11
109 143 62
109 146 66
109 147 74
109 149 67
109 278 0
109 217 64
109 285 87
109 159 37
109 160 41
109 174 67
109 183 79
109 184 92
109 266 1
109 194 21
109 196 38
109 210 78
109 216 100
109 221 17
109 225 38
109 232 2
109 233 0
109 235 29
109 157 83
109 243 11
110 259 36
110 269 67
110 165 66
110 299 45
110 189 88
110 191 30
110 130 10
110 207 32
110 213 53
110 218 47
110 224 85
110 230 37
110 121 81
110 252 27
111 156 52
111 158 52
111 292 7
111 296 79
111 173 6
111 180 92
111 181 62
111 197 46
111 216 87
111 235 85
111 241 53
111 114 82
111 117 83
111 246 19
111 125 42
111 254 83
112 256 89
112 134 96
112 264 17
112 273 54
112 148 21
112 278 34
112 288 58
112 163 95
112 293 52
112 168 51
112 177 78
112 189 46
112 199 37
112 201 43
112 213 25
112 239 82
112 119 22
112 120 51
112 127 6
113 258 54
113 269 2
113 270 21
113 144 57
113 273 90
113 147 23
113 148 80
113 159 75
113 294 44
113 170 79
113 171 91
113 175 34
113 183 49
113 130 93
113 200 13
113 214 97
113 239 71
113 249 91
114 129 84
114 132 83
114 133 64
114 265 68
114 267 72
114 271 69
114 148 1
114 288 95
114 291 51
114 294 17
114 175 35
114 184 59
114 201 65
114 206 14
114 207 67
114 228 1
114 125 70
115 258 32
115 131 52
115 262 83
115 151 26
115 143 67
115 274 17
115 276 85
115 278 29
115 157 21
115 289 64
115 206 63
115 271 58
115 222 93
115 227 30
115 237 78
115 118 55
115 250 81
116 130 2
116 259 97
116 135 69
116 140 95
116 269 62
116 270 5
116 143 88
116 145 84
116 279 81
116 196 52
116 282 7
116 290 50
116 170 36
116 171 36
116 182 91
116 187 73
116 192 65
116 198 64
116 202 7
116 211 86
116 221 1
116 229 71
116 237 38
116 245 97
117 137 88
117 144 67
117 153 33
117 157 35
117 287 39
117 291 86
117 164 3
117 170 19
117 176 14
117 187 89
117 118 45
117 252 21
117 125 69
118 258 55
118 196 63
118 198 50
118 232 67
118 226 18
118 269 32
118 176 5
118 215 62
118 164 81
118 121 87
119 267 63
119 268 2
119 145 54
119 157 45
119 160 68
119 291 35
119 140 45
119 210 8
119 211 11
119 218 1
119 228 20
119 230 43
119 238 18
119 243 32
119 244 31
119 251 62
119 127 98
120 256 91
120 260 89
120 270 18
120 143 60
120 273 23
120 132 24
120 294 47
120 167 58
120 174 27
120 177 87
120 180 34
120 204 3
120 210 13
120 221 45
120 224 12
120 295 61
120 238 23
120 125 78
121 128 0
121 260 1
121 262 20
121 141 95
121 152 85
121 275 22
121 280 83
121 161 68
121 162 88
121 163 66
121 299 82
121 134 10
121 243 80
121 251 26
122 129 25
122 262 37
122 266 39
122 144 72
122 278 50
122 283 78
122 286 25
122 287 64
122 164 36
122 294 1
122 296 46
122 175 73
122 268 2
122 209 6
122 222 89
122 224 68
122 235 32
122 236 63
122 247 100
123 144 72
123 152 73
123 155 66
123 158 69
123 159 8
123 163 34
123 178 80
123 194 12
123 196 23
123 207 33
123 213 18
123 229 50
123 237 50
123 240 22
123 248 72
124 265 26
124 277 85
124 282 39
124 295 17
124 298 98
124 171 60
124 190 5
124 140 67
124 221 74
124 242 93
124 245 52
125 129 67
125 268 62
125 144 87
125 151 33
125 297 74
125 182 19
125 140 1
125 203 87
125 204 36
125 208 6
125 209 38
125 272 48
125 240 84
126 129 66
126 261 1
126 138 77
126 272 16
126 152 79
126 156 82
126 288 87
126 163 64
126 169 84
126 299 60
126 173 82
126 178 27
126 183 66
126 184 14
126 210 17
126 228 83
126 188 26
126 241 60
126 242 55
127 128 19
127 267 38
127 140 94
127 269 83
127 143 35
127 286 99
127 288 71
127 296 71
127 298 79
127 176 18
127 199 34
127 201 68
127 235 26
127 242 38
127 249 5
128 130 47
128 271 25
128 278 56
128 157 13
128 288 92
128 290 3
128 294 38
128 177 59
128 192 0
128 223 7
128 235 6
128 242 81
128 254 2
129 267 43
129 140 18
129 142 64
129 271 63
129 146 76
129 238 31
129 280 85
129 283 63
129 179 50
129 187 91
129 200 47
129 201 36
129 236 93
130 137 60
130 286 98
130 298 57
130 171 49
130 221 67
130 190 81
130 195 57
130 233 66
130 237 7
131 160 39
131 227 51
131 292 32
131 139 26
131 263 92
131 266 1
131 238 34
131 206 80
131 232 3
131 279 84
131 157 30
132 272 44
132 216 75
132 164 27
132 294 55
132 176 84
132 211 32
132 231 7
132 235 78
132 244 71
132 248 18
133 143 71
133 144 38
133 273 64
133 277 85
133 154 8
133 162 15
133 169 13
133 173 96
133 189 6
133 190 69
133 201 86
133 216 39
133 222 80
133 226 68
133 227 98
133 231 33
133 238 39
133 252 76
134 262 19
134 264 12
134 280 43
134 153 35
134 292 12
134 296 17
134 175 34
134 178 85
134 191 88
134 207 57
134 214 7
134 219 68
134 166 23
134 230 4
134 253 34
135 282 64
135 155 62
135 159 11
135 244 75
135 298 19
135 181 29
135 184 48
135 188 67
135 197 2
135 201 89
135 227 53
135 230 37
135 274 82
135 238 25
135 252 51
136 143 40
136 272 76
136 275 97
136 285 96
136 286 59
136 197 50
136 293 40
136 193 2
136 194 4
136 203 10
137 293 16
137 149 60
137 233 6
137 252 6
137 299 40
137 205 13
137 238 77
137 247 10
137 280 37
137 186 31
137 283 4
137 253 72
137 277 77
138 275 80
138 150 29
138 283 74
138 156 86
138 290 16
138 174 30
138 176 13
138 180 92
138 184 15
138 193 76
138 194 64
138 199 28
138 202 89
138 242 34
138 255 31
139 258 71
139 261 58
139 267 12
139 272 43
139 153 54
139 292 69
139 167 44
139 296 4
139 180 47
139 182 86
139 190 2
139 191 90
139 225 94
139 235 44
139 189 5
139 244 92
139 233 97
139 248 18
140 257 59
140 264 41
140 276 65
140 290 45
140 292 79
140 165 59
140 166 76
140 185 77
140 194 71
140 197 39
140 207 6
140 209 42
140 212 17
140 213 24
140 214 21
140 240 23
140 245 36
140 248 29
140 253 23
140 254 28
141 224 84
141 240 85
141 273 99
141 178 63
141 182 8
141 282 57
141 250 54
141 223 36
142 283 22
142 298 69
142 199 42
142 173 64
142 153 93
142 216 83
142 217 34
142 219 48
142 188 44
142 286 81
143 272 16
143 154 6
143 283 1
143 164 48
143 295 95
143 173 3
143 178 72
143 186 23
143 187 31
143 196 81
143 201 43
143 203 12
143 206 15
143 218 74
143 271 92
143 223 33
143 228 41
143 242 27
144 148 14
144 277 90
144 150 84
144 279 38
144 290 35
144 166 83
144 182 79
144 183 62
144 203 71
144 199 90
144 218 24
144 226 39
144 229 61
144 230 19
144 237 49
144 243 15
144 244 29
145 264 19
145 209 73
145 270 1
145 277 58
145 278 86
145 288 65
145 163 9
145 166 51
145 184 65
145 190 14
145 191 97
145 208 82
145 238 50
145 240 16
145 242 60
145 251 65
146 259 35
146 148 39
146 280 48
146 281 50
146 282 7
146 292 68
146 294 25
146 295 13
146 181 97
146 194 74
146 203 42
146 224 43
146 235 75
146 246 71
147 259 80
147 260 90
147 269 53
147 273 95
147 167 37
147 297 16
147 183 67
147 216 4
147 230 67
147 231 12
147 236 56
147 242 36
147 243 56
147 245 89
147 247 98
147 153 42
148 267 5
148 269 54
148 277 83
148 161 19
148 167 34
148 171 40
148 177 44
148 183 31
148 190 55
148 192 47
148 289 31
148 201 24
148 202 23
148 205 55
148 214 81
148 225 91
148 229 21
148 232 98
148 274 41
148 245 12
148 234 76
149 173 32
149 255 46
149 271 68
149 278 58
149 216 31
149 187 1
149 252 52
149 253 59
150 259 29
150 262 67
150 271 49
150 276 76
150 162 31
150 299 18
150 180 16
150 190 44
150 198 47
150 213 77
150 235 56
150 233 5
151 274 45
151 290 56
151 292 20
151 186 99
151 189 91
151 195 98
151 202 49
151 211 96
151 228 12
151 237 86
152 273 48
152 282 15
152 288 78
152 289 53
152 295 47
152 175 17
152 185 25
152 189 25
152 191 49
152 199 58
152 207 60
152 223 89
152 226 47
152 250 42
153 259 97
153 269 28
153 282 49
153 283 23
153 292 5
153 171 73
153 173 80
153 182 18
153 195 24
153 203 29
153 213 91
153 215 7
153 216 58
153 219 36
153 233 97
153 249 58
153 255 52
154 198 38
154 294 30
154 166 3
154 262 19
154 255 72
154 238 54
154 177 93
154 274 36
154 179 21
154 196 37
154 250 31
154 219 11
155 259 14
155 265 80
155 271 67
155 275 3
155 280 7
155 285 10
155 164 76
155 169 47
155 298 30
155 186 93
155 254 7
156 258 64
156 261 46
156 281 2
156 282 79
156 283 90
156 158 23
156 291 85
156 296 61
156 180 26
156 286 80
156 266 53
156 203 85
156 205 43
156 220 53
156 226 54
156 188 75
156 238 30
156 255 69
157 261 0
157 158 4
157 294 62
157 183 46
157 204 76
157 218 41
157 243 14
157 244 20
158 162 93
158 297 34
158 173 79
158 185 15
158 190 14
158 199 51
158 206 80
158 237 1
159 262 30
159 266 14
159 270 60
159 280 100
159 287 57
159 171 20
159 193 94
159 194 63
159 219 42
159 223 85
159 238 60
159 249 16
160 273 25
160 281 59
160 171 22
160 180 58
160 186 8
160 181 83
160 200 8
160 208 18
160 215 12
160 218 18
160 242 31
161 295 60
161 297 32
161 266 37
161 237 99
161 179 40
161 276 15
161 283 42
161 170 15
162 257 79
162 258 31
162 275 14
162 299 41
162 179 8
162 181 37
162 194 40
162 204 11
162 209 38
162 210 91
162 217 100
162 218 25
162 227 48
163 265 51
163 281 100
163 175 11
163 299 71
163 186 77
163 195 23
163 217 79
164 257 42
164 258 97
164 274 99
164 298 20
164 171 9
164 173 85
164 178 98
164 267 43
164 199 49
164 201 81
164 214 81
164 220 85
164 242 78
164 245 79
165 235 47
165 270 88
165 271 90
165 277 40
165 278 25
165 282 91
165 286 32
165 287 1
165 176 47
165 295 35
165 169 18
165 299 18
165 173 49
165 180 89
165 191 76
165 226 86
165 239 39
165 248 2
165 252 2
166 276 80
166 286 97
166 297 56
166 189 83
166 195 99
166 202 20
166 203 34
166 225 19
166 245 64
166 246 69
166 249 82
166 250 75
166 253 38
167 263 0
167 292 79
167 296 29
167 297 32
167 175 1
167 186 31
167 188 2
167 190 32
167 209 48
167 214 79
167 241 64
167 234 41
168 256 90
168 193 31
168 227 20
168 264 31
168 266 2
168 238 83
168 243 67
169 268 93
169 287 0
169 289 91
169 292 39
169 171 57
169 199 95
169 209 74
169 218 11
169 246 15
169 253 13
170 258 14
170 269 64
170 282 34
170 173 86
170 181 52
170 184 86
170 197 61
170 198 22
170 200 94
170 227 85
170 222 97
170 187 46
170 230 59
170 243 50
171 264 66
171 271 2
171 280 44
171 285 84
171 286 67
171 172 91
171 185 70
171 188 46
171 195 58
171 205 96
171 218 50
171 238 54
171 242 84
172 194 95
172 296 66
172 202 14
172 257 60
172 208 45
172 182 95
172 249 60
173 253 13
173 260 83
173 276 14
173 179 55
173 239 20
173 282 28
173 182 5
173 184 57
173 186 60
173 189 73
173 214 74
173 217 2
173 222 3
173 223 69
174 277 77
174 180 85
174 182 66
174 212 12
174 215 72
174 224 74
174 238 47
174 245 3
174 248 12
174 250 83
175 264 70
175 293 67
175 183 90
175 195 32
175 215 1
175 229 48
175 232 66
175 253 26
176 265 26
176 274 37
176 275 5
176 260 39
176 297 37
176 184 22
176 188 39
176 245 76
176 213 50
176 220 92
176 221 50
176 236 83
177 260 71
177 269 58
177 274 15
177 276 52
177 277 54
177 282 56
177 290 41
177 181 32
177 197 21
177 200 72
177 204 22
177 224 5
177 228 33
177 233 0
177 247 96
178 270 90
178 287 34
178 180 75
178 191 47
178 182 96
178 198 3
178 206 74
178 215 35
178 217 43
178 236 81
178 241 33
178 244 12
178 276 43
179 264 72
179 274 88
179 276 51
179 277 14
179 223 68
179 210 35
179 293 23
179 243 80
179 253 75
180 269 44
180 274 17
180 279 39
180 289 5
180 292 34
180 299 39
180 186 30
180 208 100
180 184 58
180 270 52
180 218 61
180 219 26
180 225 94
180 233 57
181 216 21
181 283 53
181 293 9
181 294 1
181 295 42
181 284 73
181 186 45
181 288 35
181 204 18
181 213 86
181 224 76
181 226 92
181 228 15
181 229 62
181 273 34
181 234 60
182 258 75
182 261 59
182 278 82
182 292 31
182 188 29
182 189 17
182 192 25
182 195 56
182 197 59
182 207 92
182 209 6
182 214 49
182 218 47
182 234 20
182 239 31
182 211 58
183 256 96
183 263 77
183 290 46
183 196 82
183 220 65
183 243 56
184 261 79
184 270 44
184 271 94
184 274 86
184 278 4
184 285 67
184 293 87
184 227 60
184 233 60
184 234 39
184 235 81
184 244 2
184 249 81
185 260 33
185 229 73
185 249 33
185 236 63
185 272 26
185 243 80
185 213 2
185 279 7
185 217 90
185 261 58
186 263 57
186 275 95
186 288 37
186 268 67
186 214 7
186 227 65
186 233 16
186 247 27
186 248 62
187 257 91
187 270 18
187 274 5
187 289 68
187 293 100
187 296 96
187 210 43
187 215 64
187 221 24
187 223 19
187 224 75
187 232 8
187 240 0
187 242 50
187 246 73
187 248 83
188 280 94
188 296 17
188 195 3
188 209 5
188 211 84
188 212 3
188 225 42
188 229 76
188 240 81
188 246 40
188 255 65
189 271 19
189 272 31
189 274 64
189 276 38
189 277 87
189 197 45
189 207 51
189 215 36
189 221 17
189 229 34
189 231 8
189 255 50
190 275 98
190 292 86
190 294 22
190 297 96
190 299 60
190 219 80
190 227 61
190 231 67
190 232 55
190 233 88
190 236 62
190 240 58
190 246 66
190 250 56
191 263 96
191 264 27
191 266 11
191 274 92
191 284 52
191 285 47
191 286 4
191 295 36
191 225 14
191 224 30
191 208 41
191 227 26
191 241 88
191 254 83
192 261 14
192 289 89
192 290 8
192 294 96
192 206 11
192 220 30
192 229 11
192 251 4
192 252 48
193 227 43
193 292 16
193 198 85
193 213 3
193 297 50
193 218 70
194 261 90
194 267 9
194 272 85
194 288 48
194 297 77
194 227 66
194 229 2
194 230 62
194 235 100
194 240 3
194 241 43
194 247 30
195 260 25
195 261 61
195 264 78
195 279 55
195 295 37
195 297 43
195 267 17
195 196 94
195 223 83
195 227 18
195 240 22
195 247 60
196 199 9
196 200 54
196 209 96
196 226 22
196 228 63
196 231 19
196 236 41
196 238 88
196 245 65
196 246 58
196 247 27
197 257 98
197 260 41
197 277 8
197 297 99
197 199 58
197 202 70
197 204 88
197 225 43
197 228 2
197 240 32
197 241 86
197 243 61
197 245 6
198 259 61
198 294 34
198 257 90
198 268 10
198 291 20
198 244 84
198 219 67
199 262 92
199 277 28
199 295 98
199 211 55
199 230 2
200 290 80
200 234 61
200 207 2
200 251 67
200 260 32
200 283 80
200 286 83
201 298 39
201 212 6
201 271 95
201 224 44
201 226 26
201 228 39
201 238 75
201 248 24
202 288 16
202 291 97
202 292 77
202 230 86
202 232 83
202 233 21
202 214 51
202 216 0
202 276 23
202 287 85
202 247 55
203 230 29
203 259 15
203 231 7
203 232 38
203 296 21
203 243 46
203 285 27
204 261 82
204 264 20
204 208 26
204 212 51
204 228 13
204 244 53
205 261 54
205 273 3
205 281 54
205 283 50
205 223 26
205 269 2
205 291 38
205 254 71
206 258 5
206 266 97
206 270 57
206 271 77
206 247 62
206 282 91
206 245 79
207 269 13
207 283 50
207 289 6
207 291 72
207 298 51
207 232 1
207 237 60
207 249 34
207 251 0
208 264 73
208 286 25
208 293 13
208 210 74
208 233 94
208 236 70
208 247 77
208 252 12
208 254 34
209 298 44
209 212 96
209 216 12
209 229 40
209 239 3
210 257 52
210 277 30
210 282 9
210 298 21
210 296 72
210 248 65
210 214 62
210 216 27
210 233 29
210 234 4
210 241 88
210 244 40
211 261 69
211 262 56
211 270 46
211 299 54
211 232 93
211 241 40
212 291 31
212 243 36
212 213 42
212 218 48
213 261 42
213 265 77
213 221 31
213 241 32
213 246 25
213 250 68
213 251 72
213 254 63
214 284 25
214 288 79
214 298 86
214 219 51
214 227 17
214 239 72
214 240 24
214 250 86
215 258 9
215 261 13
215 264 23
215 224 41
215 227 53
215 232 88
215 251 61
215 252 29
216 256 51
216 257 28
216 234 49
216 248 0
217 286 84
217 292 6
217 228 38
217 243 52
217 246 33
217 250 27
217 253 75
218 260 6
218 263 15
218 266 66
218 280 62
218 289 48
218 291 55
218 247 19
218 249 87
219 274 0
219 240 20
219 220 58
219 270 1
220 291 24
220 278 53
220 235 42
220 242 37
221 286 37
221 287 13
221 299 26
222 258 57
222 271 10
222 296 32
222 229 4
222 235 27
223 258 51
223 273 37
223 276 64
223 282 83
223 228 57
223 246 90
223 254 27
224 263 50
224 285 33
224 234 20
224 244 37
224 252 17
225 266 72
225 278 41
225 280 61
225 281 59
225 295 4
225 298 81
225 251 77
226 242 41
226 275 95
226 276 82
226 248 29
227 272 7
227 299 8
227 254 78
228 265 95
228 267 69
228 280 19
228 284 70
228 290 94
228 229 85
228 245 100
228 246 0
228 249 55
229 256 2
229 258 5
229 286 26
229 238 87
229 243 38
230 270 56
230 280 25
230 290 66
230 244 57
230 249 88
231 279 47
231 289 5
231 242 11
231 250 99
232 258 63
232 262 36
232 268 94
232 271 13
232 246 93
232 242 72
233 265 70
233 284 49
233 287 84
233 235 30
233 238 71
233 239 61
233 242 93
233 252 62
234 259 21
234 265 3
234 266 43
234 274 39
234 284 71
234 298 38
234 290 65
234 239 64
235 275 10
235 295 97
236 294 35
236 267 37
236 273 60
236 244 12
236 245 24
236 285 48
236 295 77
237 260 16
237 264 47
237 268 54
237 273 42
237 274 54
237 285 55
237 243 29
237 245 50
237 247 64
238 259 97
238 269 53
238 284 7
238 275 92
238 246 62
238 249 13
238 252 96
239 291 99
239 292 39
239 246 8
239 250 52
240 258 79
240 270 100
240 278 43
240 279 65
240 287 12
240 292 2
240 296 64
240 241 65
241 260 50
241 273 17
241 274 100
241 245 98
242 258 91
242 262 12
242 276 42
242 279 90
242 249 69
242 255 18
243 256 70
243 264 88
243 244 51
243 253 43
244 264 30
244 283 6
244 296 2
245 275 8
245 291 22
245 246 91
246 256 51
246 264 9
246 266 9
247 285 86
247 287 33
247 295 54
248 261 46
248 268 14
248 270 35
248 279 42
249 261 57
249 268 10
249 283 92
249 288 80
249 292 48
250 268 61
250 269 66
250 274 67
250 278 20
250 280 3
250 251 57
251 263 76
251 272 79
251 279 62
251 295 24
252 281 28
252 292 50
252 293 48
252 299 17
253 264 38
253 288 10
253 255 63
254 277 84
254 293 79
254 291 12
254 259 43
254 255 47
255 266 0
255 285 42
255 292 65
256 257 87
256 278 86
256 263 53
256 282 8
256 261 46
256 292 31
256 297 9
257 268 34
257 270 97
257 271 54
257 288 91
257 289 95
257 290 68
258 284 25
258 285 24
258 286 71
258 294 21
259 265 33
259 267 57
259 264 19
259 282 62
259 285 75
260 261 38
260 265 38
260 272 69
260 278 99
260 282 22
260 286 8
260 292 56
260 293 2
261 270 78
261 286 68
261 294 58
261 285 97
261 267 48
262 278 64
262 280 21
262 295 9
263 273 39
263 271 93
263 285 90
263 264 97
264 271 1
264 274 70
264 288 72
265 268 39
265 289 38
266 274 67
266 282 73
267 268 52
267 272 93
267 281 39
267 293 3
268 272 87
268 290 43
268 297 5
269 282 61
269 296 68
269 275 82
270 277 48
270 279 30
271 275 56
271 288 7
271 294 37
272 277 14
272 286 27
273 283 85
273 289 33
273 295 50
273 299 26
274 275 21
274 291 53
275 283 46
275 297 30
276 290 21
276 295 97
276 296 56
277 286 31
277 289 36
277 292 44
278 281 58
278 284 67
279 291 20
279 298 3
280 295 91
281 291 92
281 284 61
282 297 13
286 290 47
286 291 25
286 292 18
286 293 68
288 297 1
288 299 96
289 298 33
292 296 83
