300 4000
0 256 24
0 3 58
0 7 97
0 136 41
0 265 35
0 273 57
0 21 68
0 150 74
0 284 52
0 157 28
0 35 18
0 177 66
0 186 50
0 188 49
0 62 44
0 192 49
0 65 51
0 74 46
0 78 39
0 101 56
0 107 45
0 123 49
1 260 97
1 6 22
1 135 86
1 9 26
1 140 73
1 142 82
1 147 63
1 152 81
1 155 99
1 287 66
1 288 94
1 290 82
1 172 71
1 179 72
1 182 87
1 201 38
1 186 61
1 31 36
1 63 44
1 70 18
1 73 67
1 76 82
1 205 20
1 212 2
1 220 75
1 225 84
1 232 23
1 249 97
1 124 64
2 117 37
2 131 3
2 293 58
2 230 12
2 135 13
2 104 96
2 268 34
2 11 89
2 236 76
2 141 20
2 12 23
2 143 76
2 269 21
2 171 100
2 201 27
2 250 8
2 26 92
2 127 9
2 265 47
2 167 36
2 53 6
3 128 58
3 132 8
3 262 82
3 267 39
3 269 41
3 17 22
3 195 36
3 282 53
3 51 67
3 157 51
3 159 9
3 162 59
3 291 86
3 166 61
3 168 2
3 41 74
3 172 81
3 178 13
3 179 36
3 189 72
3 63 51
3 139 51
3 97 69
3 79 0
3 82 13
3 225 49
3 99 87
3 231 33
3 235 74
3 237 43
3 238 41
3 239 92
3 19 70
3 122 63
4 128 48
4 129 38
4 8 24
4 147 54
4 151 29
4 28 11
4 285 89
4 159 94
4 288 89
4 162 96
4 293 19
4 166 32
4 172 31
4 174 79
4 50 18
4 51 4
4 53 61
4 192 88
4 193 18
4 69 86
4 79 68
4 211 17
4 85 68
4 88 56
4 90 81
4 96 88
4 97 100
4 235 64
4 19 85
4 118 99
4 247 2
4 121 58
4 252 100
5 264 7
5 16 22
5 35 32
5 296 25
5 297 44
5 174 82
5 180 64
5 54 68
5 63 91
5 194 74
5 201 67
5 75 40
5 204 77
5 214 39
5 89 48
5 91 71
5 92 29
5 272 29
5 230 49
5 105 89
5 234 76
5 107 34
5 238 18
5 120 21
6 130 63
6 9 63
6 10 35
6 139 71
6 269 12
6 149 30
6 23 22
6 33 20
6 162 23
6 291 5
6 113 71
6 170 56
6 172 37
6 46 5
6 179 86
6 53 93
6 182 66
6 191 41
6 181 22
6 196 26
6 69 5
6 75 84
6 290 59
6 86 79
6 91 68
6 95 11
6 96 92
6 101 53
6 104 7
6 234 14
6 111 73
6 240 50
6 241 66
6 249 12
7 19 42
7 259 30
7 100 81
7 293 7
7 167 7
7 8 30
7 220 56
7 11 4
7 80 24
7 49 5
7 210 29
7 163 83
7 84 88
7 190 82
7 215 7
7 284 13
7 253 100
7 158 47
7 231 36
8 266 67
8 273 40
8 146 69
8 151 16
8 154 50
8 27 16
8 284 66
8 32 65
8 162 55
8 167 36
8 40 1
8 173 100
8 50 53
8 53 3
8 62 62
8 64 72
8 160 55
8 200 34
8 78 96
8 211 30
8 215 91
8 90 27
8 98 12
8 235 52
8 239 40
8 242 21
8 83 27
8 247 87
9 266 82
9 11 63
9 151 42
9 280 37
9 286 87
9 31 81
9 290 91
9 163 74
9 293 13
9 38 93
9 39 98
9 40 31
9 41 67
9 43 41
9 46 34
9 182 31
9 185 65
9 10 95
9 191 5
9 66 57
9 67 16
9 74 50
9 204 56
9 208 43
9 83 78
9 217 24
9 91 66
9 220 93
9 106 51
9 235 24
9 113 46
9 246 30
9 121 24
10 133 49
10 270 11
10 88 81
10 275 16
10 151 10
10 25 44
10 291 20
10 292 44
10 37 24
10 295 60
10 298 10
10 48 82
10 177 69
10 54 75
10 223 20
10 194 81
10 197 26
10 200 47
10 76 22
10 81 93
10 216 72
10 219 61
10 222 63
10 95 73
10 106 22
10 116 26
10 122 21
11 128 17
11 268 64
11 13 97
11 147 73
11 281 60
11 283 60
11 158 42
11 32 6
11 219 33
11 293 28
11 173 0
11 66 30
11 12 26
11 84 57
11 91 67
11 226 15
11 230 30
11 104 33
11 109 59
11 251 39
12 256 83
12 132 100
12 134 56
12 135 43
12 14 60
12 19 31
12 150 65
12 28 85
12 161 57
12 162 55
12 294 76
12 171 72
12 47 66
12 176 27
12 50 0
12 180 25
12 58 83
12 59 63
12 64 26
12 66 89
12 204 55
12 215 66
12 222 38
12 166 24
12 234 37
12 110 45
12 239 74
13 129 16
13 258 41
13 265 33
13 138 7
13 273 87
13 25 31
13 157 50
13 160 48
13 162 62
13 37 26
13 299 31
13 173 38
13 47 24
13 178 50
13 183 35
13 185 29
13 64 61
13 196 22
13 69 4
13 82 47
13 93 1
13 100 27
13 104 67
13 112 62
13 115 7
13 252 39
14 128 33
14 131 69
14 263 47
14 137 60
14 267 78
14 26 81
14 28 66
14 34 15
14 167 35
14 296 28
14 169 6
14 47 62
14 180 56
14 183 43
14 185 78
14 58 54
14 190 89
14 191 0
14 65 74
14 200 29
14 209 11
14 211 16
14 93 7
14 95 70
14 112 97
14 113 29
14 126 66
14 119 7
14 249 70
14 253 21
14 254 87
15 129 38
15 130 9
15 259 87
15 132 9
15 261 1
15 263 80
15 264 99
15 267 94
15 145 83
15 110 26
15 281 43
15 289 89
15 44 89
15 45 67
15 46 100
15 47 80
15 180 9
15 187 91
15 61 94
15 193 4
15 97 52
15 77 51
15 208 40
15 210 55
15 217 75
15 91 32
15 225 63
15 101 15
15 232 95
15 105 28
15 109 46
15 238 3
15 241 69
15 254 18
15 119 58
15 126 78
16 164 18
16 68 71
16 187 48
16 171 80
16 268 81
16 238 49
16 175 50
16 81 85
16 115 7
16 196 47
16 260 50
16 255 59
16 92 6
16 253 33
16 190 64
16 31 14
17 128 78
17 130 18
17 265 17
17 87 41
17 147 46
17 283 81
17 287 1
17 32 79
17 33 78
17 35 54
17 169 56
17 42 37
17 49 26
17 186 11
17 65 4
17 79 11
17 83 5
17 215 52
17 109 59
17 240 68
17 121 57
17 127 97
18 134 30
18 264 56
18 269 45
18 273 80
18 20 83
18 285 50
18 286 87
18 287 95
18 163 48
18 165 0
18 48 42
18 177 2
18 115 40
18 56 61
18 202 100
18 62 37
18 68 24
18 74 55
18 35 23
18 213 95
18 86 58
18 88 94
18 90 58
18 110 56
18 243 67
18 245 25
18 123 20
18 127 56
19 128 92
19 64 6
19 131 74
19 136 26
19 148 1
19 260 64
19 282 30
19 158 36
19 171 56
19 47 14
19 183 7
19 188 0
19 192 57
19 249 7
19 221 83
19 97 20
19 113 69
19 242 11
19 244 85
19 119 77
19 121 98
20 261 71
20 135 80
20 143 51
20 272 59
20 151 61
20 155 18
20 157 32
20 133 89
20 32 80
20 33 61
20 47 85
20 53 30
20 196 38
20 71 83
20 72 92
20 81 76
20 210 45
20 214 59
20 90 16
20 91 24
20 99 82
20 109 28
20 238 72
20 243 37
20 116 69
20 118 46
20 119 31
21 256 52
21 37 31
21 262 65
21 264 66
21 172 69
21 106 55
21 203 26
21 236 45
21 205 17
21 175 87
21 240 42
21 274 69
21 275 98
21 214 92
21 24 65
21 155 26
21 60 31
22 257 44
22 226 27
22 187 79
22 119 29
22 133 83
22 38 31
22 142 18
22 200 73
22 297 21
22 43 69
22 46 54
22 125 50
22 104 24
22 107 13
22 85 66
22 23 84
22 152 51
22 123 54
22 211 94
22 285 5
22 159 24
23 100 75
23 164 97
23 260 9
23 165 20
23 106 66
23 55 67
23 269 68
23 174 39
23 111 45
23 80 26
23 88 11
23 116 8
23 151 46
23 120 59
23 89 98
23 56 66
23 59 54
23 189 5
24 135 15
24 267 8
24 152 95
24 149 88
24 280 56
24 33 22
24 164 94
24 38 27
24 177 32
24 180 63
24 183 69
24 188 85
24 189 76
24 197 62
24 88 61
24 94 79
24 225 8
24 231 60
24 60 55
24 236 16
24 109 97
24 118 83
25 261 93
25 237 43
25 278 86
25 153 39
25 86 68
25 29 93
25 35 81
25 176 93
25 177 7
25 55 48
25 56 68
25 191 12
25 193 45
25 70 63
25 202 40
25 77 55
25 212 26
25 213 2
25 214 52
25 89 38
25 93 93
25 94 85
25 95 66
25 224 5
25 102 93
25 106 40
25 107 23
25 109 96
25 248 53
25 254 79
25 127 47
26 161 54
26 227 2
26 296 8
26 41 68
26 106 29
26 174 94
26 241 17
26 248 82
26 84 37
26 190 56
26 215 82
26 280 57
26 234 12
26 284 90
26 170 77
26 158 80
26 245 89
27 257 94
27 131 4
27 138 56
27 140 75
27 142 5
27 147 89
27 276 86
27 278 49
27 279 19
27 156 54
27 34 47
27 170 62
27 52 58
27 63 66
27 65 42
27 196 15
27 75 53
27 207 73
27 83 27
27 86 33
27 220 74
27 93 9
27 95 66
27 98 51
27 230 87
27 110 54
27 126 24
28 270 57
28 276 85
28 279 26
28 284 3
28 285 19
28 287 17
28 288 95
28 161 17
28 173 80
28 46 40
28 60 82
28 69 35
28 33 1
28 200 69
28 74 86
28 203 25
28 77 65
28 206 54
28 79 52
28 214 56
28 216 19
28 229 73
28 104 43
28 107 14
28 111 62
28 241 14
28 250 68
28 126 72
29 251 6
29 134 63
29 232 84
29 299 65
29 236 69
29 191 6
29 142 68
29 271 46
29 177 40
29 179 9
29 212 96
29 85 12
29 247 3
29 88 65
29 282 67
29 207 24
29 92 58
29 157 92
29 159 34
30 278 82
30 263 37
30 138 69
30 145 62
30 150 21
30 287 43
30 292 21
30 177 27
30 296 100
30 42 66
30 49 38
30 180 7
30 54 31
30 59 71
30 192 64
30 198 37
30 199 16
30 75 80
30 82 95
30 83 95
30 218 2
30 104 51
30 105 70
30 107 5
30 111 42
30 241 66
30 248 51
30 298 4
31 261 68
31 257 80
31 139 69
31 268 6
31 137 70
31 282 40
31 159 74
31 133 0
31 163 3
31 166 92
31 177 12
31 40 83
31 174 72
31 49 65
31 183 85
31 75 54
31 83 87
31 85 50
31 88 27
31 223 6
31 97 100
31 100 24
31 236 56
31 239 38
31 113 39
31 242 18
31 115 37
31 119 97
31 253 47
31 255 90
32 258 0
32 171 89
32 268 23
32 146 23
32 275 67
32 151 85
32 152 23
32 158 24
32 290 77
32 163 59
32 164 98
32 293 25
32 41 90
32 299 67
32 178 88
32 51 5
32 189 29
32 194 46
32 200 38
32 75 37
32 81 47
32 219 27
32 222 47
32 97 2
32 98 96
32 105 61
32 106 78
32 237 95
32 114 1
32 115 31
32 126 2
33 266 53
33 141 99
33 158 70
33 38 28
33 296 11
33 169 37
33 45 51
33 47 16
33 187 48
33 65 69
33 194 25
33 85 90
33 94 99
33 96 40
33 229 56
33 107 23
33 108 82
33 240 32
33 114 47
33 115 33
33 252 12
34 261 2
34 263 19
34 136 82
34 265 10
34 267 39
34 140 81
34 141 51
34 149 77
34 152 33
34 153 16
34 162 97
34 165 55
34 296 32
34 297 45
34 299 17
34 45 37
34 72 61
34 179 66
34 57 52
34 191 57
34 200 46
34 84 63
34 214 38
34 224 55
34 226 59
34 105 91
34 112 20
34 123 68
34 125 16
35 238 18
35 284 59
35 157 93
35 290 25
35 163 43
35 164 59
35 168 74
35 171 42
35 173 65
35 66 81
35 70 88
35 81 68
35 85 89
35 216 99
35 100 3
35 230 4
35 234 43
35 110 13
35 243 22
35 244 55
35 245 33
35 247 23
36 262 35
36 144 20
36 278 32
36 40 68
36 176 54
36 52 50
36 181 40
36 54 53
36 55 53
36 61 13
36 199 94
36 75 0
36 76 50
36 82 62
36 212 4
36 86 66
36 91 9
36 227 39
36 102 81
36 103 16
36 252 33
36 234 21
36 231 91
36 239 17
36 241 97
36 115 45
36 120 88
36 251 28
36 124 59
36 126 87
37 258 46
37 131 1
37 132 74
37 267 46
37 146 34
37 156 21
37 288 90
37 162 7
37 297 9
37 43 84
37 50 77
37 185 13
37 187 100
37 138 96
37 65 17
37 75 44
37 209 32
37 90 2
37 234 60
37 111 0
37 122 72
38 128 46
38 260 65
38 138 62
38 271 43
38 274 89
38 147 95
38 276 28
38 149 6
38 279 74
38 293 46
38 172 40
38 177 57
38 180 52
38 200 32
38 86 49
38 215 75
38 230 87
38 103 48
38 240 17
38 115 83
38 118 25
38 120 23
39 263 29
39 268 97
39 151 79
39 280 74
39 153 53
39 282 75
39 155 26
39 284 37
39 293 96
39 171 34
39 49 95
39 137 60
39 56 38
39 58 57
39 189 6
39 67 12
39 198 55
39 75 26
39 77 96
39 79 7
39 208 82
39 209 0
39 84 76
39 94 85
39 223 87
39 103 18
39 232 22
39 235 17
39 108 50
39 238 96
39 241 82
39 244 91
39 247 2
39 127 5
39 255 61
40 134 88
40 269 72
40 271 12
40 145 27
40 279 5
40 285 9
40 295 11
40 170 68
40 171 14
40 60 40
40 190 50
40 202 5
40 75 60
40 204 35
40 78 13
40 89 96
40 227 30
40 228 43
40 102 94
40 231 68
40 236 17
40 114 5
40 249 75
41 133 61
41 262 30
41 141 7
41 144 47
41 147 43
41 276 82
41 277 55
41 278 56
41 153 44
41 155 8
41 57 91
41 188 47
41 193 74
41 194 95
41 67 39
41 196 45
41 73 78
41 206 31
41 288 87
41 209 48
41 211 68
41 220 48
41 107 84
41 237 52
41 111 81
41 113 13
41 243 79
41 247 80
41 127 80
41 255 82
42 132 9
42 266 42
42 141 15
42 144 92
42 149 63
42 280 25
42 157 69
42 163 74
42 166 82
42 298 90
42 180 55
42 54 17
42 67 49
42 201 82
42 209 39
42 212 43
42 217 100
42 92 54
42 223 2
42 97 3
42 103 57
42 107 31
42 239 25
42 245 0
43 256 82
43 257 55
43 130 68
43 142 61
43 178 74
43 243 52
43 182 47
43 190 17
43 196 83
43 70 50
43 77 73
43 210 57
43 85 44
43 90 89
43 93 42
43 102 82
43 103 59
43 108 96
43 110 66
43 115 3
43 247 98
43 255 23
44 128 26
44 258 91
44 132 80
44 262 100
44 265 41
44 273 35
44 289 82
44 290 56
44 163 70
44 113 37
44 47 36
44 184 37
44 61 12
44 63 33
44 65 51
44 69 58
44 76 17
44 207 27
44 89 42
44 223 67
44 225 4
44 241 91
44 116 66
45 256 65
45 226 41
45 131 92
45 198 30
45 105 88
45 107 92
45 272 34
45 147 64
45 116 64
45 181 35
45 118 17
45 55 41
45 281 99
45 155 8
45 183 0
45 126 41
46 129 23
46 133 94
46 152 87
46 282 96
46 284 57
46 159 47
46 160 77
46 296 41
46 181 44
46 54 51
46 58 81
46 188 55
46 62 39
46 63 38
46 72 75
46 201 28
46 75 83
46 213 79
46 215 63
46 94 35
46 233 40
46 106 54
46 168 15
46 125 64
46 254 20
47 128 8
47 151 76
47 287 72
47 163 91
47 167 50
47 297 35
47 182 68
47 184 88
47 186 72
47 59 24
47 68 49
47 204 78
47 203 38
47 76 69
47 77 71
47 82 31
47 83 63
47 85 42
47 216 98
47 143 81
47 231 66
47 107 18
47 242 90
47 117 85
47 118 64
47 124 38
47 254 7
48 130 66
48 228 92
48 214 35
48 146 78
48 296 90
48 106 18
48 204 1
48 237 5
48 142 68
48 61 92
48 174 63
48 182 44
48 215 42
48 90 35
48 251 78
48 189 91
48 191 83
49 261 44
49 231 5
49 79 41
49 208 22
49 179 28
49 182 4
49 87 28
49 287 53
49 221 51
49 126 89
50 128 15
50 259 89
50 143 22
50 144 1
50 278 1
50 292 8
50 298 42
50 172 77
50 178 50
50 183 63
50 184 46
50 200 75
50 73 19
50 207 80
50 84 37
50 86 79
50 219 45
50 94 48
50 231 32
50 236 66
50 112 82
50 115 34
50 246 56
50 248 17
51 133 71
51 136 85
51 139 99
51 147 65
51 153 33
51 283 44
51 86 27
51 240 33
51 169 41
51 174 69
51 93 38
51 58 78
51 191 87
51 196 59
51 197 20
51 214 79
51 100 65
51 221 69
51 228 16
51 238 6
51 112 64
51 243 48
51 248 32
51 125 19
51 126 9
52 224 46
52 129 43
52 131 5
52 262 14
52 230 66
52 105 99
52 75 57
52 109 55
52 207 95
52 82 93
52 149 32
52 73 23
52 247 25
52 120 22
52 251 33
52 254 46
52 182 42
53 135 88
53 268 57
53 271 21
53 148 5
53 277 99
53 132 61
53 284 5
53 158 84
53 288 12
53 175 79
53 183 15
53 59 81
53 191 9
53 66 33
53 69 26
53 200 35
53 227 47
53 215 23
53 89 68
53 93 84
53 99 76
53 105 48
53 236 23
53 124 19
53 253 59
54 129 35
54 137 60
54 268 8
54 148 4
54 280 49
54 191 43
54 291 51
54 169 30
54 178 25
54 182 1
54 183 14
54 186 73
54 63 17
54 68 22
54 198 31
54 204 73
54 85 23
54 216 23
54 220 47
54 226 18
54 227 15
54 109 34
54 241 17
54 251 52
54 124 84
54 255 45
55 263 2
55 265 73
55 209 25
55 143 55
55 274 96
55 147 14
55 282 58
55 284 28
55 154 64
55 287 61
55 168 38
55 172 59
55 180 69
55 185 41
55 61 78
55 65 57
55 198 69
55 292 79
55 81 36
55 89 13
55 98 15
55 227 97
55 231 23
55 235 100
55 243 28
55 246 42
55 120 84
55 126 54
56 86 2
56 138 54
56 141 56
56 271 45
56 277 79
56 155 33
56 168 39
56 176 13
56 178 48
56 57 83
56 189 33
56 63 82
56 192 52
56 214 88
56 216 89
56 220 20
56 221 25
56 230 81
56 103 15
56 234 9
56 237 81
56 111 91
56 113 60
56 122 50
57 115 53
57 132 69
57 293 99
57 295 61
57 232 10
57 106 90
57 79 30
57 147 72
57 153 72
57 260 22
57 218 10
57 158 25
58 134 37
58 135 18
58 145 37
58 151 83
58 159 21
58 166 69
58 295 31
58 177 100
58 190 93
58 191 6
58 195 46
58 196 64
58 212 55
58 88 37
58 94 66
58 226 66
58 294 25
58 109 47
58 239 61
59 136 96
59 149 63
59 158 77
59 159 88
59 288 15
59 161 98
59 163 48
59 295 33
59 189 58
59 64 27
59 203 37
59 214 23
59 217 16
59 91 5
59 112 8
59 246 0
59 247 46
59 123 56
60 256 53
60 270 41
60 158 98
60 165 35
60 169 92
60 187 72
60 63 58
60 73 33
60 77 33
60 81 0
60 86 100
60 88 67
60 89 75
60 93 59
60 225 50
60 99 54
60 228 96
60 229 45
60 103 47
60 108 30
60 237 73
60 168 34
60 119 9
61 263 78
61 150 2
61 113 5
61 72 77
61 299 6
61 140 72
61 81 1
61 212 76
61 214 22
61 88 78
61 276 14
61 136 83
61 159 10
61 92 42
61 191 18
62 129 75
62 266 80
62 271 46
62 152 95
62 279 57
62 280 28
62 286 30
62 159 3
62 170 53
62 175 41
62 176 30
62 184 67
62 192 99
62 204 13
62 211 23
62 213 70
62 87 67
62 97 48
62 98 85
62 231 48
62 239 49
62 116 70
62 127 92
63 134 99
63 267 35
63 143 29
63 259 14
63 149 98
63 285 46
63 158 93
63 159 22
63 291 95
63 297 81
63 298 73
63 176 24
63 184 4
63 87 55
63 195 15
63 69 44
63 198 0
63 199 62
63 203 44
63 82 98
63 211 20
63 86 13
63 215 69
63 216 58
63 223 15
63 99 77
63 105 7
63 117 40
63 250 80
64 130 38
64 88 89
64 281 38
64 283 29
64 157 79
64 162 30
64 294 11
64 171 41
64 136 86
64 243 20
64 147 27
64 74 67
64 79 71
64 82 90
64 85 34
64 216 20
64 93 24
64 96 40
64 100 68
64 103 68
64 233 58
64 106 42
64 107 12
64 239 41
64 115 9
64 117 49
64 254 18
65 129 38
65 266 66
65 90 2
65 283 9
65 157 92
65 287 50
65 288 70
65 296 80
65 299 31
65 174 81
65 183 43
65 193 63
65 67 95
65 196 29
65 197 92
65 79 58
65 163 22
65 218 52
65 102 95
65 239 37
65 122 73
65 123 82
65 252 69
66 256 34
66 128 35
66 139 4
66 272 84
66 148 21
66 288 10
66 171 10
66 173 96
66 185 74
66 193 1
66 199 70
66 72 89
66 74 64
66 78 1
66 207 7
66 163 14
66 219 92
66 92 47
66 95 66
66 108 51
66 114 3
66 276 23
66 126 12
66 255 62
67 236 86
67 139 59
67 271 94
67 278 17
67 157 67
67 289 73
67 162 42
67 293 34
67 265 73
67 87 7
67 200 49
67 202 6
67 78 9
67 81 11
67 212 92
67 206 98
67 215 55
67 89 43
67 90 13
67 220 60
67 108 11
67 247 96
68 143 38
68 273 100
68 146 95
68 152 36
68 286 36
68 293 24
68 295 98
68 171 85
68 177 99
68 179 14
68 183 28
68 189 99
68 190 92
68 203 34
68 78 74
68 210 10
68 220 12
68 231 9
68 237 31
68 125 90
68 127 100
69 267 82
69 270 14
69 272 37
69 152 31
69 287 33
69 288 23
69 162 67
69 291 39
69 164 94
69 165 59
69 171 80
69 183 24
69 188 33
69 160 75
69 206 33
69 105 25
69 235 29
69 112 78
69 115 98
70 262 19
70 138 66
70 140 41
70 276 67
70 149 43
70 296 63
70 188 32
70 189 74
70 75 79
70 206 63
70 210 58
70 212 65
70 85 19
70 95 35
70 228 6
70 232 20
70 115 52
70 246 20
70 121 14
71 256 24
71 290 66
71 227 73
71 230 8
71 294 79
71 264 51
71 201 59
71 298 81
71 86 82
71 140 23
71 216 2
71 78 60
71 239 49
71 208 6
71 145 93
71 246 0
71 72 58
71 92 22
71 102 73
71 287 74
72 214 2
72 264 29
72 265 29
72 267 85
72 142 73
72 273 94
72 154 58
72 289 2
72 242 98
72 186 11
72 196 17
72 198 51
72 73 3
72 208 33
72 212 12
72 86 67
72 88 94
72 232 32
72 114 91
72 115 22
72 252 98
73 257 91
73 267 8
73 268 88
73 141 65
73 142 73
73 146 47
73 149 23
73 279 58
73 153 56
73 282 38
73 158 25
73 288 68
73 290 34
73 164 31
73 298 10
73 176 16
73 183 92
73 185 23
73 202 4
73 79 40
73 209 89
73 219 78
73 222 8
73 98 47
73 233 28
73 107 85
73 236 60
73 116 37
73 119 97
73 123 25
74 141 9
74 145 81
74 150 60
74 280 51
74 281 7
74 285 35
74 160 84
74 290 82
74 295 71
74 176 67
74 265 41
74 188 13
74 189 24
74 87 35
74 95 95
74 274 75
74 114 77
75 132 80
75 261 14
75 136 65
75 266 69
75 140 79
75 148 14
75 278 47
75 279 23
75 152 13
75 285 47
75 288 95
75 167 59
75 296 10
75 159 84
75 186 23
75 194 20
75 168 17
75 80 43
75 83 10
75 87 5
75 216 96
75 295 38
75 241 72
75 116 10
75 254 63
75 126 65
76 131 10
76 133 12
76 172 70
76 138 38
76 269 28
76 271 18
76 151 28
76 284 19
76 158 27
76 161 18
76 291 95
76 296 32
76 173 10
76 266 60
76 206 4
76 214 83
76 215 80
76 220 65
76 97 29
76 102 1
76 105 36
76 118 37
77 258 80
77 133 84
77 263 43
77 269 50
77 146 20
77 175 84
77 157 55
77 183 99
77 190 59
77 192 81
77 193 96
77 206 67
77 215 50
77 92 50
77 93 41
77 99 45
77 230 86
77 108 56
77 109 54
77 240 70
77 117 49
77 246 64
77 124 36
78 187 35
78 214 88
78 262 49
78 92 37
78 139 80
78 79 72
78 178 33
78 150 78
78 184 32
78 123 24
78 284 89
78 102 83
78 286 86
78 293 9
79 87 81
79 142 17
79 152 30
79 281 32
79 155 37
79 290 89
79 168 79
79 172 41
79 221 17
79 178 83
79 181 41
79 197 56
79 80 12
79 215 64
79 89 34
79 93 6
79 95 90
79 105 7
79 242 60
79 243 5
80 278 94
80 131 78
80 292 64
80 261 54
80 136 91
80 269 42
80 110 37
80 205 14
80 241 78
80 146 89
80 276 47
80 246 84
80 132 10
80 122 10
80 223 17
81 131 2
81 139 20
81 160 51
81 169 68
81 175 17
81 183 58
81 184 57
81 206 79
81 208 61
81 212 14
81 227 42
81 107 42
81 108 80
81 116 70
81 123 13
82 142 76
82 151 47
82 163 20
82 189 91
82 193 63
82 211 99
82 86 62
82 89 28
82 220 93
82 94 47
82 95 31
82 237 13
82 243 73
82 246 20
82 250 4
83 256 85
83 257 66
83 138 45
83 274 40
83 151 67
83 285 14
83 167 31
83 298 94
83 179 27
83 265 41
83 185 3
83 183 43
83 193 77
83 197 50
83 204 34
83 208 2
83 209 97
83 210 9
83 105 60
83 234 19
83 114 39
83 233 1
83 251 18
83 252 21
83 253 60
84 263 97
84 265 32
84 268 29
84 272 76
84 162 0
84 164 83
84 297 17
84 172 79
84 173 9
84 175 94
84 180 0
84 193 45
84 290 73
84 206 70
84 215 83
84 88 19
84 223 66
84 225 88
84 103 89
84 106 94
84 125 92
85 260 38
85 134 62
85 140 90
85 275 74
85 149 60
85 279 35
85 152 45
85 283 6
85 285 13
85 158 23
85 161 71
85 162 95
85 165 82
85 294 18
85 168 67
85 172 69
85 179 42
85 188 82
85 191 85
85 262 0
85 195 65
85 197 85
85 203 28
85 210 5
85 93 96
85 293 69
85 229 63
85 231 54
85 289 93
85 119 57
85 124 87
85 254 62
86 261 10
86 144 55
86 278 27
86 151 54
86 158 36
86 134 95
86 168 36
86 174 65
86 175 16
86 178 71
86 189 79
86 246 88
86 206 51
86 217 70
86 223 89
86 228 60
86 274 92
86 114 4
86 150 21
86 118 32
87 130 52
87 142 47
87 144 36
87 165 18
87 166 36
87 296 93
87 185 66
87 209 73
87 88 0
87 93 22
87 94 96
87 103 64
87 245 69
87 121 31
88 267 27
88 271 10
88 146 27
88 286 11
88 183 88
88 184 96
88 159 60
88 201 15
88 202 49
88 217 31
88 225 14
88 234 37
88 242 1
88 243 78
88 245 20
88 123 93
88 252 84
88 255 36
89 263 74
89 147 75
89 277 65
89 151 52
89 152 5
89 158 30
89 162 66
89 166 78
89 213 40
89 214 10
89 218 71
89 92 34
89 101 24
89 232 83
89 109 29
89 113 67
89 247 28
89 255 25
90 256 15
90 130 77
90 140 2
90 271 97
90 272 2
90 155 19
90 287 92
90 164 73
90 166 18
90 297 47
90 182 50
90 185 48
90 196 93
90 213 44
90 292 7
90 91 68
90 101 57
90 103 98
90 104 32
90 233 91
90 111 40
90 123 13
91 258 3
91 139 86
91 270 3
91 154 40
91 155 37
91 157 69
91 290 53
91 164 32
91 298 39
91 173 6
91 176 27
91 178 27
91 191 32
91 203 94
91 220 40
91 94 28
91 230 15
91 231 69
91 232 14
91 233 0
91 236 84
91 109 45
91 249 90
91 252 6
91 253 31
91 254 24
91 127 51
92 133 27
92 142 34
92 275 63
92 281 19
92 155 45
92 286 15
92 165 74
92 172 43
92 157 38
92 183 38
92 186 26
92 204 59
92 96 27
92 104 1
92 240 84
92 246 34
92 119 52
92 252 67
93 257 52
93 133 39
93 273 36
93 179 88
93 191 44
93 195 3
93 210 0
93 222 51
93 223 8
93 102 70
93 243 9
93 249 85
93 213 54
94 263 39
94 137 10
94 275 48
94 162 21
94 163 28
94 291 13
94 188 45
94 289 49
94 200 100
94 204 64
94 211 39
94 216 14
94 102 60
94 232 56
94 239 72
94 240 92
94 246 15
94 120 38
94 122 58
94 125 40
95 256 40
95 268 50
95 148 92
95 155 98
95 298 55
95 176 9
95 198 87
95 214 68
95 215 6
95 221 37
95 98 66
95 105 22
95 108 100
95 113 81
96 273 5
96 154 25
96 284 23
96 286 84
96 293 31
96 297 92
96 182 16
96 183 99
96 185 81
96 191 29
96 195 97
96 212 5
96 213 51
96 100 72
96 237 45
96 243 25
96 121 52
96 122 1
97 259 39
97 135 43
97 136 25
97 266 19
97 271 65
97 148 15
97 161 7
97 290 64
97 171 95
97 212 40
97 99 8
97 228 69
97 106 92
97 114 30
97 253 20
98 256 51
98 131 56
98 134 13
98 138 19
98 140 72
98 288 33
98 161 44
98 163 54
98 167 89
98 187 4
98 191 28
98 192 71
98 199 81
98 183 57
98 204 49
98 214 33
98 221 27
98 228 16
98 229 24
98 230 3
98 232 23
98 107 35
98 237 23
98 112 14
98 104 87
99 226 9
99 133 9
99 198 85
99 168 32
99 188 55
99 120 21
99 163 16
99 182 30
99 248 10
99 250 17
99 184 41
100 259 81
100 260 62
100 269 77
100 281 14
100 154 18
100 155 10
100 156 16
100 161 33
100 162 66
100 170 50
100 180 55
100 184 83
100 190 50
100 196 18
100 200 28
100 219 98
100 220 71
100 231 97
100 111 37
100 298 17
101 258 71
101 266 90
101 140 44
101 149 92
101 283 77
101 159 40
101 288 16
101 291 86
101 166 36
101 170 59
101 173 5
101 187 81
101 211 3
101 212 28
101 219 92
101 102 10
101 231 79
101 105 49
101 108 21
101 240 0
101 118 34
101 127 99
101 255 91
102 128 69
102 274 83
102 150 9
102 297 37
102 177 9
102 189 95
102 192 37
102 196 79
102 202 1
102 228 18
102 106 31
102 108 26
102 244 47
102 246 20
102 120 7
102 124 20
103 134 55
103 152 68
103 154 17
103 291 41
103 298 81
103 171 79
103 181 2
103 190 65
103 202 2
103 225 91
103 231 26
103 167 62
103 253 71
103 242 51
103 115 12
103 121 27
103 122 71
103 127 48
104 226 26
104 292 57
104 263 35
104 105 5
104 107 29
104 157 31
104 220 79
104 121 35
104 123 52
104 188 74
104 189 14
105 262 64
105 271 88
105 286 61
105 152 47
105 285 87
105 176 100
105 183 13
105 193 88
105 194 90
105 202 50
105 216 99
105 226 60
105 110 66
105 241 1
105 242 69
105 249 74
105 123 53
105 127 45
106 258 91
106 265 10
106 267 50
106 268 43
106 142 99
106 277 40
106 293 56
106 168 27
106 177 46
106 180 4
106 182 47
106 151 15
106 200 50
106 204 51
106 205 87
106 206 16
106 208 76
106 212 8
106 221 81
106 226 94
106 227 81
106 241 19
106 244 28
106 125 32
107 128 97
107 135 69
107 137 34
107 268 50
107 142 8
107 274 1
107 277 12
107 153 48
107 283 76
107 157 3
107 286 36
107 167 75
107 298 37
107 182 87
107 187 63
107 191 49
107 212 61
107 230 32
107 249 37
107 123 40
108 263 73
108 276 82
108 149 35
108 153 62
108 157 43
108 168 73
108 171 32
108 181 100
108 223 97
108 192 11
108 197 95
108 202 57
108 221 59
108 226 33
108 209 68
108 109 11
108 110 83
108 244 29
108 248 57
108 121 81
108 254 64
109 260 74
109 277 17
109 278 27
109 157 53
109 161 82
109 199 85
109 173 72
109 179 92
109 191 97
109 182 75
109 289 35
109 207 99
109 221 3
109 228 58
109 231 23
109 113 73
109 115 64
109 117 17
109 124 44
110 256 65
110 257 87
110 260 36
110 111 88
110 145 62
110 149 47
110 150 6
110 280 36
110 286 70
110 161 8
110 169 67
110 192 13
110 201 46
110 291 66
110 214 85
110 239 60
110 126 44
111 257 74
111 275 41
111 238 60
111 161 63
111 162 1
111 166 36
111 198 12
111 213 67
111 221 95
111 251 12
111 232 25
111 241 9
111 246 50
111 123 46
111 252 41
112 258 60
112 259 68
112 270 98
112 144 98
112 146 100
112 147 27
112 282 100
112 156 14
112 154 40
112 165 7
112 294 79
112 171 7
112 177 53
112 191 93
112 209 61
112 210 26
112 238 55
112 275 96
113 130 8
113 143 69
113 146 26
113 279 62
113 158 60
113 160 78
113 162 62
113 164 68
113 170 57
113 193 79
113 202 15
113 203 25
113 233 47
113 241 1
113 114 9
113 125 99
114 257 85
114 131 46
114 137 99
114 140 8
114 273 78
114 276 69
114 278 67
114 286 76
114 288 65
114 245 95
114 161 8
114 219 25
114 116 0
114 117 78
114 252 75
114 126 93
115 148 31
115 282 3
115 156 3
115 166 20
115 296 39
115 173 78
115 174 0
115 177 58
115 183 37
115 195 37
115 269 5
115 210 6
115 122 36
115 252 57
116 257 7
116 130 63
116 273 76
116 158 91
116 175 7
116 138 73
116 183 17
116 189 13
116 197 11
116 207 53
116 215 89
116 219 69
116 228 30
116 246 97
116 124 33
116 255 59
117 193 35
117 230 34
117 231 86
117 296 34
117 201 75
117 157 83
117 276 38
117 151 10
117 252 26
117 125 30
117 254 63
118 139 47
118 149 43
118 162 83
118 163 32
118 292 32
118 294 85
118 189 84
118 209 17
118 213 20
118 126 56
118 248 51
118 254 86
118 127 9
119 137 27
119 269 49
119 277 17
119 279 56
119 283 80
119 295 58
119 168 60
119 297 55
119 199 61
119 222 90
119 229 87
119 234 26
119 148 81
120 256 51
120 135 56
120 266 3
120 279 78
120 149 67
120 283 1
120 286 97
120 287 58
120 163 1
120 165 38
120 299 33
120 178 53
120 189 39
120 190 12
120 194 61
120 195 71
120 203 100
120 216 14
120 292 65
120 220 61
120 224 10
120 225 70
120 294 85
120 254 29
120 127 82
121 143 44
121 147 41
121 153 82
121 162 59
121 175 77
121 190 90
121 198 37
121 200 90
121 210 72
121 240 83
121 244 67
121 248 81
121 253 6
122 134 57
122 267 9
122 270 47
122 159 53
122 162 11
122 184 10
122 205 83
122 206 20
122 216 74
122 240 16
122 247 59
122 123 19
122 126 79
122 127 7
123 256 16
123 261 16
123 266 69
123 164 4
123 294 35
123 180 66
123 201 46
123 189 81
123 190 89
123 206 8
123 214 45
123 250 66
123 227 78
123 243 65
123 244 27
123 246 3
123 127 12
124 258 40
124 171 69
124 133 22
124 139 60
124 142 22
124 272 59
124 273 78
124 277 78
124 151 22
124 282 57
124 286 86
124 160 32
124 299 36
124 242 3
124 253 35
124 126 16
125 128 69
125 129 75
125 130 5
125 261 95
125 135 78
125 264 36
125 141 64
125 270 2
125 277 38
125 281 60
125 153 10
125 293 36
125 167 6
125 263 26
125 245 28
125 192 25
125 198 24
125 205 16
125 209 27
125 221 44
125 229 33
125 247 55
125 250 44
125 252 41
126 257 54
126 133 29
126 139 82
126 151 81
126 291 97
126 167 19
126 155 70
126 184 1
126 189 15
126 173 87
126 247 100
126 253 83
127 263 0
127 137 72
127 138 32
127 280 91
127 289 14
127 291 41
127 294 13
127 180 54
127 197 32
127 200 37
127 201 76
127 204 70
127 223 7
127 224 43
127 240 17
128 260 11
128 134 35
128 264 67
128 140 62
128 273 93
128 149 92
128 280 97
128 281 1
128 291 93
128 167 75
128 296 58
128 169 91
128 299 100
128 192 4
128 208 68
128 213 53
128 239 91
128 243 91
129 258 98
129 262 72
129 136 46
129 142 11
129 146 37
129 150 19
129 170 2
129 264 68
129 181 93
129 193 28
129 202 76
129 205 23
129 298 84
130 258 29
130 264 95
130 142 50
130 152 73
130 287 16
130 161 64
130 134 34
130 173 84
130 184 72
130 187 67
130 196 8
130 202 68
130 204 85
130 207 90
130 220 19
130 222 69
130 145 27
130 236 89
131 261 26
131 137 1
131 173 64
131 144 49
131 281 89
131 160 59
131 289 82
131 162 85
131 166 60
131 298 75
131 174 44
131 175 81
132 256 49
132 133 90
132 139 62
132 270 63
132 150 69
132 163 16
132 166 26
132 177 24
132 188 80
132 189 27
132 181 11
132 202 95
132 204 68
132 219 49
132 224 86
132 226 11
132 234 94
132 251 94
133 148 68
133 154 48
133 284 78
133 287 81
133 183 85
133 203 42
133 220 94
133 238 20
134 153 74
134 159 64
134 292 80
134 297 78
134 299 19
134 173 2
134 189 96
134 194 6
134 140 48
134 207 44
134 186 94
134 222 7
135 258 28
135 153 75
135 156 41
135 289 7
135 166 29
135 225 92
135 200 43
135 203 69
135 210 38
135 211 71
135 230 99
135 243 61
136 289 7
136 219 3
136 197 12
136 211 5
136 236 74
136 168 2
136 278 99
136 283 83
136 163 9
137 194 19
137 268 35
137 178 52
137 148 95
137 174 39
138 224 16
138 229 30
138 298 69
138 235 4
138 270 13
138 271 1
138 208 37
138 179 59
138 250 32
139 256 40
139 179 42
139 267 12
139 140 42
139 145 34
139 274 62
139 153 30
139 155 14
139 286 91
139 162 35
139 190 68
139 202 3
139 210 26
139 222 70
139 245 32
139 255 43
140 260 59
140 262 82
140 147 10
140 288 63
140 165 88
140 242 88
140 180 51
140 220 6
140 238 16
140 246 93
141 192 35
141 164 7
141 182 74
141 231 26
141 183 25
141 207 56
141 211 10
141 151 67
141 248 14
141 188 66
141 158 53
141 191 27
142 263 89
142 153 20
142 293 18
142 171 35
142 172 56
142 209 65
142 217 23
142 222 72
142 223 63
142 225 89
142 252 65
142 237 76
142 168 37
143 259 3
143 260 70
143 262 26
143 267 33
143 268 31
143 144 2
143 290 23
143 164 34
143 183 94
143 190 82
143 195 17
143 213 20
143 217 58
144 258 37
144 259 10
144 149 35
144 151 80
144 281 80
144 154 94
144 286 34
144 287 57
144 288 48
144 168 1
144 191 10
144 197 97
144 224 54
144 250 10
144 254 24
145 259 1
145 263 43
145 150 27
145 279 26
145 287 27
145 162 79
145 163 94
145 175 51
145 182 66
145 189 24
145 191 56
145 211 90
145 212 21
145 213 7
145 221 66
145 226 49
145 229 45
145 230 50
145 246 67
145 253 53
146 265 1
146 149 18
146 290 19
146 164 72
146 175 66
146 181 30
146 288 83
146 203 30
146 221 4
146 222 26
146 235 8
146 241 66
147 267 46
147 281 74
147 153 8
147 157 77
147 160 46
147 168 98
147 203 50
147 208 54
147 228 35
148 259 69
148 263 0
148 268 51
148 271 1
148 265 4
148 288 75
148 289 72
148 299 57
148 183 85
148 184 60
148 185 95
148 275 30
148 207 90
148 227 21
148 233 82
148 240 82
148 243 62
148 245 10
149 269 51
149 281 88
149 282 27
149 157 30
149 286 44
149 160 43
149 289 73
149 296 56
149 170 18
149 181 55
149 180 55
149 192 92
149 193 64
149 195 15
149 199 69
149 200 26
149 212 23
149 223 22
149 224 76
149 247 43
150 198 79
150 154 16
150 253 95
150 174 35
150 182 90
150 280 49
150 186 23
151 268 44
151 153 13
151 165 37
151 169 88
151 298 61
151 174 38
151 176 71
151 245 5
151 223 72
151 167 83
151 241 71
151 242 86
151 247 1
151 254 54
152 271 94
152 157 64
152 180 25
152 220 36
152 234 100
152 249 19
153 259 93
153 156 47
153 287 12
153 183 82
153 190 6
153 192 27
153 194 83
153 198 77
153 204 51
153 228 48
153 231 83
153 241 30
154 276 24
154 290 65
154 299 63
154 174 57
154 192 5
154 196 99
154 205 1
154 207 34
154 213 70
154 226 65
154 235 23
154 236 57
154 240 33
154 253 83
155 262 58
155 263 54
155 281 1
155 286 72
155 295 88
155 158 83
155 183 80
155 190 65
155 194 75
155 201 14
155 226 43
155 251 58
156 272 57
156 259 48
156 197 32
156 167 37
156 257 99
156 249 47
156 208 23
156 275 6
156 242 70
156 243 21
156 251 99
156 281 41
156 284 59
156 221 94
157 286 22
157 292 1
157 293 90
157 194 47
157 211 35
157 217 90
157 234 54
157 244 97
157 249 2
158 261 30
158 262 60
158 265 19
158 270 6
158 164 52
158 297 75
158 170 13
158 174 32
158 179 37
158 185 69
158 195 58
158 196 42
158 216 22
158 230 26
158 235 85
158 236 25
159 264 46
159 268 75
159 167 98
159 168 25
159 170 55
159 174 37
159 177 81
159 179 1
159 183 14
159 203 13
159 214 57
159 222 68
159 233 72
159 242 26
159 245 22
159 249 64
159 255 50
160 286 2
160 287 33
160 163 11
160 293 43
160 299 94
160 174 76
160 179 11
160 181 45
160 184 97
160 187 54
160 202 27
160 201 100
160 251 33
161 259 89
161 261 29
161 164 21
161 170 17
161 180 12
161 190 37
161 198 21
161 209 14
161 219 63
161 231 26
162 260 83
162 261 52
162 195 65
162 281 62
162 285 5
162 286 88
162 169 7
162 264 47
162 186 81
162 273 18
162 206 30
162 208 76
162 211 45
162 215 12
162 219 27
162 231 58
162 242 47
163 258 52
163 267 86
163 278 89
163 280 47
163 285 52
163 197 100
163 202 72
163 288 23
163 218 11
163 223 77
163 225 17
163 229 85
164 268 34
164 294 73
164 184 19
164 189 41
164 194 34
164 206 48
164 219 78
164 230 77
165 281 44
165 295 93
165 176 70
165 177 8
165 179 65
165 184 76
165 185 81
165 195 22
165 204 75
165 207 38
165 230 5
165 237 35
165 241 39
165 250 65
166 262 5
166 267 77
166 269 7
166 271 58
166 276 89
166 293 48
166 169 4
166 299 84
166 179 41
166 202 60
166 212 63
166 245 39
167 259 23
167 258 30
167 272 12
167 273 7
167 276 53
167 286 23
167 290 35
167 292 28
167 168 86
167 299 20
167 174 40
167 209 82
167 215 22
167 224 66
167 229 7
167 230 62
167 252 66
168 260 63
168 299 21
168 189 67
168 191 37
168 198 32
168 201 92
168 244 65
168 253 78
169 263 58
169 267 36
169 286 98
169 297 99
169 180 41
169 182 72
169 190 76
169 197 25
169 232 60
169 252 18
170 266 95
170 184 100
170 186 13
170 189 13
170 195 3
170 240 38
170 241 4
170 249 20
170 254 7
171 260 29
171 278 11
171 295 5
171 199 1
171 188 19
171 189 63
171 192 55
171 198 19
171 225 37
171 212 39
171 213 81
171 230 69
171 252 27
171 237 54
172 263 66
172 268 79
172 281 46
172 296 42
172 179 37
172 197 19
172 199 47
172 210 97
172 230 13
172 246 87
173 276 4
173 178 28
173 204 73
173 202 87
173 214 34
173 218 76
173 226 31
173 227 29
173 245 82
173 253 34
174 263 16
174 270 92
174 176 89
174 179 56
174 182 12
174 188 13
174 208 78
174 210 51
174 224 70
175 279 74
175 280 78
175 283 99
175 292 55
175 298 86
175 185 96
175 190 44
175 191 74
175 181 3
175 194 64
175 199 28
175 200 13
175 206 97
175 241 54
175 250 27
176 256 100
176 285 3
176 219 6
176 181 86
176 202 15
176 204 60
176 220 45
176 227 8
176 240 86
176 243 83
177 272 80
177 274 22
177 187 60
177 193 24
177 198 15
177 209 32
177 210 0
177 221 17
177 223 5
177 224 59
177 235 31
177 243 70
177 251 3
178 256 100
178 272 94
178 288 42
178 186 31
178 194 56
178 200 60
178 212 5
178 227 32
178 237 43
179 267 94
179 278 35
179 196 25
179 286 3
179 288 86
179 223 88
179 226 78
179 234 51
179 246 56
179 254 19
180 265 36
180 285 2
180 186 25
180 203 38
180 214 98
180 220 2
180 222 55
180 227 70
180 229 60
180 245 70
181 261 99
181 264 35
181 294 98
181 184 88
181 211 39
181 232 65
181 247 55
181 248 15
182 262 18
182 281 99
182 287 79
182 188 90
182 215 82
182 222 60
182 229 80
182 249 88
182 254 15
183 257 29
183 295 68
183 203 42
183 216 50
183 238 49
183 240 45
184 216 71
184 276 32
184 294 61
184 188 33
184 194 42
184 218 0
184 224 79
184 234 37
184 242 87
184 244 56
184 190 98
184 253 77
185 286 11
185 291 10
185 293 0
185 295 98
185 194 9
185 203 94
185 269 29
185 225 16
185 249 19
185 251 22
185 254 84
185 255 9
186 264 69
186 287 89
186 297 24
186 188 60
186 193 31
186 207 75
186 223 100
186 232 45
186 238 16
186 249 98
186 255 72
187 289 89
187 296 67
187 193 99
187 189 16
187 206 77
187 279 29
187 290 80
187 229 15
188 257 55
188 263 60
188 280 45
188 214 83
188 218 2
188 230 40
188 250 29
188 253 93
189 264 18
189 277 67
189 293 37
189 192 97
189 204 90
189 205 20
189 241 73
189 254 89
190 259 20
190 261 0
190 265 13
190 272 8
190 276 0
190 281 27
190 226 71
190 234 50
190 252 77
191 259 28
191 266 34
191 272 80
191 294 74
191 212 6
191 220 74
191 227 84
191 229 24
192 263 63
192 268 43
192 199 64
192 206 83
192 231 96
192 249 60
193 279 41
193 290 47
193 291 9
193 293 62
193 298 29
193 213 41
193 215 14
194 257 27
194 260 9
194 262 29
194 268 19
194 279 58
194 286 80
194 283 7
194 220 37
194 225 4
194 243 100
194 244 45
194 245 98
194 253 57
195 270 2
195 281 81
195 282 46
195 289 19
195 290 72
195 232 51
195 250 78
195 251 71
196 268 89
196 269 6
196 272 98
196 197 71
196 216 82
196 222 5
196 227 70
196 230 39
196 237 16
196 246 7
197 260 25
197 267 82
197 277 18
197 298 97
197 201 58
197 207 30
197 216 4
197 217 47
197 229 22
197 230 12
197 232 80
197 237 15
197 242 76
197 254 84
198 292 46
198 204 90
198 221 49
198 230 85
198 240 52
198 255 15
199 227 42
199 297 49
199 283 31
200 261 92
200 272 16
200 278 78
200 281 45
200 285 53
200 287 2
200 209 55
200 249 78
200 219 60
200 242 41
201 256 49
201 261 42
201 264 4
201 275 44
201 294 95
201 203 95
201 232 37
201 239 56
202 256 21
202 277 97
202 281 31
202 289 87
202 290 54
202 210 33
202 212 54
202 215 68
202 221 62
202 253 50
203 271 59
203 297 99
203 222 12
203 230 69
203 237 54
203 244 95
204 256 0
204 262 68
204 274 83
204 291 26
204 294 10
204 265 69
204 221 40
204 225 19
205 224 81
205 291 80
205 276 44
205 245 86
205 246 37
205 220 43
205 221 37
206 271 32
206 273 58
206 278 50
206 280 66
206 281 0
206 222 98
206 230 26
207 256 45
207 267 8
207 290 38
207 269 6
207 223 13
207 225 13
207 227 0
207 228 60
207 276 24
207 249 80
208 265 90
208 267 3
208 291 54
208 216 62
208 223 7
208 224 9
208 229 11
208 238 66
208 247 43
208 250 95
209 256 93
209 257 67
209 262 91
209 291 38
209 246 37
209 247 60
210 265 78
210 266 31
210 268 93
210 269 55
210 270 91
210 274 13
210 295 64
210 214 74
210 231 33
210 253 16
211 278 23
211 285 60
211 221 18
211 224 49
211 235 62
212 267 63
212 287 83
212 213 12
212 219 52
212 223 71
212 225 64
212 226 94
212 273 60
212 237 25
212 238 15
212 242 66
212 252 53
213 256 88
213 289 25
213 234 29
213 272 97
214 267 17
214 271 4
214 247 58
215 284 17
215 242 46
215 250 14
216 258 24
216 270 66
216 280 91
216 282 36
216 286 90
216 227 94
216 237 59
216 241 80
217 224 85
217 227 95
217 232 75
217 299 52
217 280 74
217 221 24
217 264 93
218 225 69
218 258 32
218 227 48
218 297 22
218 266 61
218 239 48
218 220 45
218 252 73
219 275 65
219 283 40
219 286 38
219 298 59
219 225 56
219 231 16
219 238 72
219 246 11
219 248 23
219 249 34
219 252 18
220 280 59
220 274 51
220 299 30
220 221 91
220 225 65
220 234 92
220 249 44
220 253 39
221 257 66
221 260 87
221 267 16
221 287 48
221 293 61
221 274 83
221 223 0
222 297 45
222 227 20
222 240 27
222 250 65
222 251 11
223 284 78
223 292 77
223 293 78
223 225 97
223 228 90
223 253 60
224 261 59
224 276 68
224 244 11
224 283 41
225 282 27
225 297 19
225 226 14
225 230 1
225 234 74
225 235 64
226 263 76
226 276 9
226 288 43
226 228 94
226 229 75
226 253 86
227 285 70
227 290 55
227 239 24
227 240 36
227 296 30
227 244 23
228 257 9
228 264 96
228 267 40
228 273 42
228 285 46
228 297 60
228 252 24
229 257 88
229 269 57
229 271 69
229 274 26
229 276 8
229 280 54
229 289 75
229 233 8
229 235 78
230 284 42
230 287 53
230 288 84
230 290 92
230 296 80
230 231 46
230 234 100
230 239 81
230 248 92
230 251 69
230 253 18
231 269 9
231 287 68
231 292 51
231 289 82
231 245 94
232 259 64
232 263 28
232 265 75
232 270 5
232 293 100
232 294 87
232 299 49
232 240 18
232 246 41
232 247 94
233 293 96
233 267 82
233 280 53
233 284 55
233 250 77
234 264 82
234 267 2
234 282 85
235 293 3
235 263 16
235 244 28
235 285 13
236 257 38
236 260 4
236 278 90
236 296 59
237 291 28
237 244 44
238 259 36
238 276 34
238 280 15
238 288 1
238 239 22
238 248 11
239 257 98
239 258 49
239 279 90
240 267 21
240 269 71
240 275 74
240 277 15
240 285 95
240 253 14
241 256 82
241 257 86
241 270 6
241 276 21
241 277 58
241 271 100
242 262 5
242 266 76
242 268 70
242 285 60
242 294 67
242 296 73
242 243 32
242 246 28
243 262 9
243 286 77
243 245 35
243 248 13
243 250 84
244 267 60
244 276 22
244 288 8
244 295 59
244 249 69
245 256 98
245 263 15
245 265 55
245 269 55
245 271 95
245 290 2
245 291 19
245 292 43
245 274 71
245 246 29
246 259 17
246 268 87
246 274 30
246 289 52
247 261 14
247 289 9
247 293 43
248 290 26
248 266 78
248 252 25
249 266 54
249 277 92
249 298 94
250 261 46
250 276 21
250 282 62
250 297 11
250 266 2
251 259 44
251 261 36
251 266 34
251 270 64
251 281 42
251 290 27
251 292 24
251 288 23
252 263 0
252 283 20
252 286 9
252 296 91
253 260 34
253 264 17
253 267 93
253 278 62
253 284 73
253 293 30
253 295 20
254 263 27
254 267 14
254 279 42
254 281 7
254 298 78
254 255 54
255 296 85
255 272 76
255 265 38
256 279 55
256 288 50
256 291 60
256 293 100
257 259 12
257 261 19
257 268 76
257 292 94
257 293 80
257 298 94
258 269 4
258 286 17
258 296 87
259 260 55
259 287 66
260 270 4
260 276 19
260 284 32
261 273 63
262 291 33
263 267 89
264 289 41
264 294 43
264 295 20
264 299 34
265 278 62
265 288 14
265 273 58
266 274 93
267 268 38
267 282 48
267 295 45
267 291 92
267 297 77
268 280 75
268 282 22
268 292 50
269 273 18
269 288 43
271 276 66
271 292 40
272 288 42
272 296 54
272 299 93
273 277 38
273 279 30
273 299 93
274 295 95
274 281 56
275 295 31
275 287 4
276 279 100
277 279 23
277 294 13
277 278 11
278 279 58
278 280 80
279 288 87
280 283 40
280 291 68
281 291 8
281 294 1
282 287 17
283 284 95
284 286 71
284 288 17
285 291 62
286 294 60
286 299 58
288 298 7
289 290 11
290 292 35
290 294 68
293 299 81
