300 4000
0 263 17
0 265 0
0 141 71
0 270 40
0 143 27
0 150 24
0 27 10
0 31 13
0 165 92
0 294 84
0 295 13
0 176 100
0 179 85
0 72 86
0 81 52
0 87 5
0 250 40
0 95 73
0 226 25
0 242 22
0 244 98
0 119 74
0 121 78
0 122 48
0 251 90
1 140 100
1 270 53
1 16 25
1 274 74
1 280 62
1 25 52
1 27 88
1 160 86
1 173 42
1 178 77
1 188 32
1 191 66
1 196 37
1 200 63
1 202 84
1 75 64
1 213 21
1 214 16
1 217 46
1 221 61
1 226 80
1 101 75
1 233 34
1 235 33
1 115 75
1 249 37
2 257 49
2 7 0
2 264 18
2 268 34
2 141 69
2 270 18
2 143 31
2 272 21
2 281 12
2 158 74
2 33 73
2 165 96
2 40 33
2 170 21
2 43 16
2 51 74
2 184 36
2 58 77
2 187 32
2 193 20
2 79 22
2 90 26
2 220 64
2 96 9
2 225 77
2 99 24
2 233 100
2 110 39
2 114 66
3 264 38
3 10 24
3 142 11
3 151 24
3 30 42
3 32 57
3 34 66
3 165 58
3 167 78
3 168 99
3 51 21
3 181 71
3 184 13
3 186 7
3 187 94
3 61 93
3 296 64
3 193 32
3 290 4
3 84 53
3 87 57
3 102 42
3 230 86
3 241 17
3 126 0
4 128 68
4 194 29
4 165 72
4 178 24
4 297 61
4 170 73
4 204 26
4 269 0
4 110 96
4 173 61
4 210 19
4 150 56
4 183 93
4 218 49
4 207 88
4 28 6
5 6 23
5 136 82
5 281 63
5 154 50
5 31 53
5 43 32
5 48 26
5 49 94
5 61 69
5 62 56
5 63 56
5 71 87
5 74 26
5 78 80
5 83 46
5 92 91
5 225 39
5 228 16
5 229 79
5 114 66
5 117 61
5 246 95
5 253 63
5 255 34
6 131 44
6 261 54
6 135 55
6 8 26
6 266 20
6 27 78
6 157 58
6 30 83
6 163 41
6 167 43
6 176 58
6 180 53
6 181 53
6 53 57
6 201 36
6 207 0
6 291 10
6 87 89
6 216 84
6 95 50
6 225 98
6 112 3
6 243 36
6 117 88
6 123 98
6 252 36
7 150 86
7 258 94
7 278 3
7 152 51
7 25 9
7 285 20
7 30 95
7 161 8
7 291 79
7 295 10
7 52 68
7 286 28
7 190 99
7 63 93
7 193 55
7 73 57
7 202 18
7 206 97
7 211 9
7 213 95
7 215 54
7 102 66
7 237 36
7 114 19
7 243 8
7 245 15
7 252 93
8 137 59
8 269 46
8 272 96
8 19 52
8 281 34
8 201 96
8 155 56
8 29 86
8 163 3
8 169 58
8 299 10
8 48 71
8 179 14
8 53 41
8 183 80
8 187 26
8 61 74
8 63 18
8 192 73
8 196 12
8 72 31
8 73 88
8 55 16
8 207 62
8 231 68
8 233 24
8 110 48
8 112 22
9 258 86
9 131 21
9 24 0
9 289 27
9 292 60
9 39 7
9 168 40
9 170 21
9 51 98
9 182 71
9 42 7
9 194 23
9 196 34
9 199 72
9 208 63
9 84 2
9 222 23
9 95 55
9 96 97
9 235 74
9 238 6
9 243 57
9 125 95
9 127 67
10 258 18
10 19 75
10 24 10
10 291 62
10 164 100
10 165 82
10 43 79
10 177 88
10 53 21
10 54 30
10 185 28
10 186 53
10 181 83
10 275 25
10 58 61
10 88 75
10 217 37
10 221 41
10 131 55
10 103 21
10 115 60
10 251 60
10 127 31
11 179 76
11 134 39
11 14 98
11 272 81
11 19 88
11 276 6
11 150 86
11 281 46
11 154 29
11 284 13
11 159 0
11 294 50
11 42 93
11 43 32
11 46 7
11 51 96
11 57 55
11 287 93
11 70 22
11 199 74
11 75 83
11 81 68
11 185 0
11 95 87
11 226 42
11 99 83
11 223 47
11 249 83
12 136 59
12 144 94
12 149 48
12 279 36
12 154 31
12 27 80
12 32 45
12 163 8
12 175 13
12 53 34
12 56 26
12 185 9
12 60 96
12 191 54
12 195 1
12 204 42
12 208 71
12 84 52
12 223 37
12 97 43
12 114 83
12 118 18
12 255 27
13 271 10
13 144 54
13 145 53
13 19 22
13 23 45
13 281 83
13 29 59
13 159 72
13 54 29
13 186 64
13 61 86
13 72 89
13 73 18
13 80 38
13 82 73
13 88 9
13 97 32
13 227 32
13 231 94
13 116 17
13 122 98
13 252 48
13 125 61
14 261 92
14 263 44
14 265 16
14 143 66
14 273 88
14 152 50
14 27 34
14 31 12
14 241 30
14 298 85
14 196 3
14 198 59
14 212 75
14 90 67
14 219 74
14 230 3
14 231 91
14 39 48
14 236 71
14 113 20
14 242 83
14 123 5
14 125 69
14 126 85
15 197 86
15 67 34
15 100 66
15 101 40
15 136 35
15 168 84
15 95 31
15 204 58
15 205 61
15 142 52
15 239 13
15 209 61
15 242 45
15 83 92
15 53 95
15 86 85
15 186 21
15 54 59
15 21 33
15 245 65
16 194 70
16 68 97
16 165 98
16 136 23
16 202 27
16 205 35
16 110 21
16 241 96
16 84 38
16 54 45
16 183 91
16 217 54
16 90 63
16 156 23
16 285 90
17 22 18
17 141 88
17 146 75
17 19 82
17 278 47
17 279 37
17 156 2
17 296 38
17 49 33
17 179 41
17 181 57
17 183 48
17 189 80
17 190 37
17 53 85
17 193 87
17 198 80
17 203 0
17 79 77
17 81 56
17 210 32
17 212 7
17 214 29
17 215 24
17 217 34
17 92 37
17 224 28
17 228 57
17 234 92
17 112 55
17 116 82
17 250 94
17 63 93
17 125 55
18 262 3
18 264 54
18 215 50
18 271 14
18 23 55
18 280 22
18 157 79
18 293 88
18 295 25
18 296 91
18 298 86
18 176 18
18 151 55
18 75 68
18 81 14
18 87 77
18 89 5
18 90 66
18 234 37
18 39 34
18 236 73
18 112 33
18 246 42
19 260 93
19 134 15
19 44 98
19 139 22
19 142 71
19 278 56
19 23 95
19 281 97
19 29 100
19 295 51
19 41 60
19 42 38
19 172 50
19 178 32
19 58 20
19 79 38
19 83 45
19 87 47
19 225 75
19 105 55
19 39 45
19 239 62
19 241 19
19 243 31
19 116 34
19 233 67
19 250 23
19 252 52
19 127 18
20 257 30
20 138 93
20 270 97
20 143 40
20 24 71
20 31 15
20 160 95
20 294 35
20 297 2
20 95 65
20 43 36
20 45 37
20 175 82
20 52 75
20 59 56
20 194 18
20 69 59
20 75 100
20 218 57
20 223 7
20 236 87
20 237 58
20 111 88
21 257 56
21 134 39
21 263 31
21 265 26
21 267 20
21 140 21
21 274 82
21 287 13
21 167 43
21 297 94
21 42 44
21 171 30
21 45 85
21 177 56
21 182 76
21 192 20
21 64 45
21 197 94
21 205 96
21 227 73
21 231 100
21 106 83
21 245 87
21 120 58
21 251 74
22 133 28
22 23 86
22 148 60
22 277 34
22 279 33
22 26 90
22 163 47
22 299 28
22 172 15
22 51 33
22 181 8
22 185 66
22 189 22
22 195 78
22 69 33
22 202 14
22 214 64
22 215 89
22 95 82
22 97 46
22 145 8
22 244 92
22 117 19
22 246 39
22 253 63
23 263 34
23 268 6
23 142 71
23 272 14
23 273 96
23 277 31
23 151 14
23 25 22
23 157 34
23 37 42
23 296 7
23 174 38
23 51 89
23 189 22
23 66 91
23 205 2
23 83 72
23 213 15
23 216 8
23 217 20
23 104 99
23 236 9
23 120 19
23 254 22
24 135 94
24 268 16
24 148 42
24 149 4
24 289 63
24 162 45
24 291 80
24 36 69
24 168 49
24 169 93
24 202 52
24 82 18
24 218 68
24 229 47
24 230 68
24 232 11
24 234 59
24 107 30
24 114 4
24 297 88
24 121 14
24 251 14
24 253 0
25 261 63
25 266 64
25 268 99
25 143 42
25 273 71
25 148 34
25 29 60
25 37 57
25 40 24
25 47 49
25 177 8
25 179 98
25 59 71
25 188 65
25 194 94
25 211 6
25 91 98
25 230 67
25 103 8
25 250 78
25 255 11
26 64 10
26 193 30
26 162 63
26 43 47
26 295 51
26 207 88
26 169 10
26 299 35
26 110 81
26 143 72
26 177 36
26 147 13
26 149 81
26 87 27
26 67 41
26 83 44
26 59 78
26 61 90
26 39 46
27 257 59
27 131 88
27 265 89
27 267 17
27 143 51
27 146 35
27 46 6
27 280 45
27 155 96
27 157 58
27 33 75
27 91 87
27 292 60
27 169 71
27 174 79
27 58 40
27 66 32
27 67 25
27 76 22
27 209 72
27 163 46
27 86 9
27 218 78
27 219 53
27 220 88
27 104 29
27 113 31
27 242 20
28 257 41
28 258 14
28 261 54
28 262 43
28 267 33
28 268 88
28 141 56
28 51 20
28 29 94
28 31 99
28 162 19
28 296 64
28 170 43
28 45 70
28 49 62
28 179 90
28 182 45
28 188 34
28 192 10
28 75 9
28 205 65
28 86 96
28 217 99
28 221 66
28 231 98
28 245 25
28 120 18
28 254 98
29 131 52
29 132 24
29 136 73
29 137 55
29 140 99
29 144 93
29 235 17
29 31 2
29 289 4
29 36 88
29 175 55
29 177 76
29 179 37
29 56 40
29 68 31
29 275 36
29 201 76
29 76 46
29 77 65
29 79 15
29 86 100
29 97 61
29 101 72
29 230 80
29 105 94
29 107 57
29 238 54
29 112 22
29 147 73
29 252 26
30 87 32
30 274 77
30 276 77
30 277 42
30 285 72
30 43 47
30 181 88
30 186 93
30 59 99
30 60 40
30 61 19
30 65 40
30 215 81
30 91 22
30 223 86
30 103 91
30 236 56
30 238 68
30 120 75
30 253 50
31 137 69
31 140 24
31 46 89
31 154 36
31 33 18
31 163 40
31 38 73
31 42 92
31 174 87
31 200 69
31 182 85
31 187 55
31 72 73
31 76 11
31 215 16
31 234 91
31 244 67
32 259 0
32 136 57
32 138 19
32 281 53
32 156 49
32 34 80
32 291 9
32 165 14
32 39 47
32 297 89
32 45 6
32 185 86
32 268 41
32 213 66
32 215 95
32 88 7
32 95 17
32 224 81
32 231 18
32 232 35
32 112 98
32 241 69
32 117 22
32 118 22
32 249 61
32 123 56
32 255 94
33 259 41
33 136 33
33 272 61
33 146 42
33 148 9
33 277 75
33 151 92
33 288 91
33 161 82
33 35 65
33 166 5
33 172 19
33 114 94
33 181 69
33 201 39
33 59 91
33 53 54
33 191 69
33 72 13
33 204 41
33 76 86
33 83 14
33 212 50
33 213 35
33 87 28
33 94 76
33 106 24
33 240 63
33 242 77
33 85 57
34 262 1
34 141 61
34 142 21
34 259 73
34 152 16
34 281 18
34 154 2
34 286 85
34 162 63
34 134 94
34 41 47
34 171 28
34 48 87
34 54 78
34 55 80
34 187 84
34 190 70
34 73 63
34 75 19
34 269 25
34 232 0
34 109 18
34 249 82
35 256 19
35 266 95
35 271 18
35 146 83
35 147 39
35 281 40
35 294 97
35 296 89
35 297 7
35 42 70
35 44 8
35 51 79
35 54 94
35 183 51
35 185 48
35 58 39
35 197 33
35 200 47
35 217 98
35 182 17
35 38 67
35 231 86
35 40 53
35 252 35
36 265 68
36 148 93
36 287 58
36 112 12
36 163 36
36 165 11
36 169 78
36 298 43
36 299 50
36 285 8
36 176 54
36 177 98
36 55 53
36 56 81
36 193 21
36 81 16
36 84 55
36 90 21
36 96 14
36 225 62
36 231 31
36 233 80
36 240 67
36 241 92
36 126 74
37 224 43
37 225 80
37 228 38
37 197 98
37 294 28
37 129 73
37 232 69
37 138 73
37 152 1
37 115 20
37 56 99
37 90 60
37 159 76
37 250 1
37 127 27
38 268 22
38 270 80
38 145 14
38 275 98
38 281 33
38 286 21
38 161 60
38 290 15
38 164 49
38 165 1
38 298 75
38 47 100
38 48 39
38 182 50
38 64 96
38 71 18
38 76 32
38 78 24
38 82 87
38 84 67
38 213 58
38 102 64
38 117 13
38 249 66
38 250 76
39 133 66
39 268 0
39 269 78
39 144 28
39 277 6
39 153 87
39 161 100
39 167 61
39 168 31
39 170 89
39 47 8
39 50 35
39 180 80
39 58 81
39 198 71
39 79 49
39 85 15
39 225 43
39 227 60
39 253 86
39 275 48
39 117 51
39 42 8
40 273 3
40 285 19
40 288 57
40 289 100
40 41 80
40 170 13
40 44 8
40 46 93
40 48 70
40 195 71
40 75 57
40 81 78
40 85 27
40 91 81
40 96 82
40 225 3
40 239 75
40 116 13
40 245 89
41 260 6
41 263 96
41 139 11
41 142 73
41 149 91
41 90 0
41 288 56
41 161 74
41 174 16
41 188 30
41 189 78
41 63 91
41 193 86
41 195 46
41 207 28
41 208 93
41 214 39
41 89 64
41 218 5
41 223 72
41 104 70
41 106 72
41 116 21
41 120 35
41 250 41
42 128 61
42 132 60
42 260 46
42 263 27
42 281 74
42 167 90
42 161 75
42 290 28
42 295 88
42 44 3
42 52 38
42 181 95
42 55 26
42 187 3
42 61 85
42 201 50
42 75 78
42 76 80
42 83 84
42 213 42
42 89 42
42 92 93
42 105 50
42 238 83
42 211 83
42 233 10
42 248 7
42 123 82
42 253 62
43 256 25
43 132 96
43 137 1
43 275 66
43 276 91
43 260 7
43 162 82
43 292 19
43 293 51
43 171 78
43 185 53
43 186 25
43 188 47
43 191 19
43 164 57
43 199 22
43 204 85
43 81 29
43 87 66
43 217 79
43 90 10
43 96 14
43 227 87
43 242 22
43 121 90
43 250 61
44 141 63
44 144 5
44 274 36
44 183 7
44 185 9
44 188 31
44 67 52
44 197 14
44 76 17
44 212 50
44 86 36
44 97 56
44 226 39
44 106 91
44 239 59
44 242 80
44 243 25
44 250 97
45 256 52
45 259 92
45 133 94
45 264 46
45 269 95
45 144 84
45 146 34
45 275 3
45 282 73
45 283 21
45 156 4
45 286 1
45 288 27
45 49 51
45 51 76
45 182 80
45 63 2
45 192 58
45 195 28
45 76 27
45 208 22
45 213 92
45 220 34
45 242 12
45 250 89
45 253 37
45 127 11
46 131 36
46 262 65
46 270 40
46 152 6
46 288 35
46 164 75
46 293 42
46 47 75
46 184 60
46 186 49
46 194 71
46 195 48
46 247 62
46 208 88
46 56 32
46 213 61
46 214 91
46 88 73
46 97 59
46 231 66
46 104 15
46 238 77
46 245 24
46 119 32
46 127 37
47 129 27
47 294 49
47 136 56
47 266 67
47 142 32
47 143 46
47 272 51
47 174 37
47 156 5
47 50 13
47 180 29
47 183 50
47 186 99
47 190 93
47 67 74
47 200 13
47 201 46
47 203 56
47 77 84
47 209 18
47 211 2
47 213 51
47 216 23
47 220 97
47 97 96
47 226 32
47 229 71
47 231 8
47 121 10
47 251 62
47 255 97
48 129 10
48 259 34
48 137 62
48 266 91
48 276 28
48 277 62
48 278 18
48 151 95
48 175 43
48 50 58
48 265 75
48 198 29
48 203 47
48 205 31
48 86 54
48 220 11
48 99 90
48 101 4
48 230 54
48 235 54
48 239 47
48 114 60
48 117 7
48 250 80
48 123 10
49 137 96
49 141 64
49 150 26
49 154 63
49 158 46
49 261 67
49 160 8
49 167 90
49 296 99
49 286 64
49 58 8
49 287 55
49 70 40
49 80 8
49 220 2
49 208 54
49 231 9
49 106 89
49 238 64
49 239 17
49 241 63
49 242 33
49 115 62
49 245 45
49 246 28
50 135 48
50 268 82
50 287 28
50 112 91
50 293 96
50 199 98
50 178 42
50 62 33
50 71 66
50 73 16
50 204 92
50 211 38
50 212 37
50 213 76
50 96 29
50 104 92
50 233 3
50 234 18
50 240 65
50 116 20
50 119 62
50 250 53
51 257 66
51 261 56
51 137 80
51 130 1
51 148 87
51 149 2
51 282 16
51 283 63
51 288 86
51 290 75
51 168 34
51 188 62
51 191 98
51 65 89
51 194 75
51 69 90
51 70 78
51 199 66
51 77 5
51 80 34
51 216 15
51 219 43
51 92 97
51 222 97
51 95 85
51 227 52
51 117 70
51 119 53
51 120 62
51 276 83
51 277 31
52 192 92
52 144 8
52 195 12
52 165 52
52 143 87
52 289 19
52 238 81
52 271 71
52 208 3
52 241 7
52 181 26
52 122 67
52 223 40
52 252 9
52 106 4
52 287 26
53 265 88
53 269 62
53 272 40
53 282 84
53 156 68
53 154 65
53 170 7
53 173 66
53 196 2
53 201 77
53 204 0
53 92 54
53 230 49
53 241 63
53 250 80
53 123 35
54 268 37
54 272 69
54 277 43
54 155 81
54 159 95
54 161 60
54 166 12
54 295 16
54 296 11
54 176 14
54 55 57
54 57 46
54 168 31
54 60 100
54 190 66
54 63 28
54 67 6
54 69 41
54 73 55
54 78 73
54 215 57
54 91 34
54 97 49
54 102 86
54 241 100
54 114 36
54 117 23
54 126 98
55 128 92
55 265 36
55 270 92
55 284 54
55 161 87
55 293 41
55 295 79
55 190 66
55 72 72
55 73 5
55 211 76
55 212 4
55 89 9
55 90 86
55 93 2
55 165 76
55 97 46
55 98 84
55 229 58
55 112 82
55 249 61
55 124 8
56 258 59
56 264 44
56 265 73
56 266 90
56 139 48
56 151 79
56 152 51
56 160 97
56 183 100
56 191 87
56 197 33
56 76 80
56 213 18
56 89 78
56 226 74
56 235 28
56 112 64
56 113 16
56 114 20
56 244 12
56 121 12
57 288 61
57 87 25
57 147 93
57 295 18
57 104 10
57 73 85
57 202 74
57 235 45
57 177 68
57 82 86
57 259 97
57 181 17
57 151 83
57 154 9
57 155 55
57 156 11
57 215 79
58 262 44
58 270 42
58 216 5
58 159 25
58 173 96
58 60 42
58 189 71
58 69 10
58 203 13
58 84 67
58 86 10
58 88 23
58 222 70
58 223 93
58 227 84
58 101 3
58 104 36
58 110 86
58 212 75
58 126 11
59 256 40
59 130 56
59 259 17
59 134 50
59 141 25
59 149 52
59 280 69
59 154 19
59 160 43
59 294 57
59 189 81
59 63 76
59 193 82
59 196 29
59 199 12
59 74 18
59 203 65
59 206 32
59 209 78
59 92 59
59 93 65
59 289 60
59 242 34
59 118 9
60 96 66
60 195 84
60 132 81
60 198 53
60 72 50
60 105 10
60 202 64
60 119 11
60 140 17
60 205 8
60 207 36
60 181 89
60 297 39
60 155 12
60 90 19
61 268 37
61 269 9
61 280 62
61 152 87
61 285 8
61 158 47
61 289 60
61 163 6
61 292 0
61 180 46
61 189 63
61 62 33
61 70 66
61 75 20
61 76 45
61 208 10
61 81 76
61 214 93
61 215 66
61 220 12
61 94 93
61 96 100
61 227 29
61 104 99
61 233 57
61 111 66
61 122 73
61 124 46
62 130 27
62 260 34
62 265 78
62 273 5
62 285 83
62 286 37
62 287 30
62 297 68
62 299 41
62 158 94
62 215 25
62 224 85
62 225 73
62 104 85
62 235 82
62 109 38
62 242 48
62 119 3
62 121 100
62 126 1
63 257 89
63 261 81
63 262 58
63 173 72
63 160 39
63 293 16
63 295 45
63 179 16
63 181 52
63 69 42
63 98 100
63 83 93
63 86 45
63 90 41
63 223 48
63 226 3
63 227 23
63 105 79
63 239 17
63 112 35
63 121 57
64 130 86
64 265 100
64 151 80
64 287 25
64 160 36
64 297 90
64 178 88
64 180 96
64 182 45
64 66 96
64 196 16
64 197 57
64 70 93
64 201 66
64 76 100
64 82 90
64 84 62
64 218 97
64 224 77
64 231 70
64 232 84
64 233 28
64 111 49
64 244 60
64 118 18
64 248 21
65 129 81
65 272 38
65 274 16
65 150 45
65 161 16
65 168 26
65 174 15
65 180 56
65 286 7
65 182 54
65 184 81
65 67 55
65 69 34
65 198 33
65 74 24
65 78 69
65 208 54
65 213 99
65 86 72
65 218 92
65 228 9
65 232 27
65 105 7
65 108 96
65 119 39
66 193 67
66 133 22
66 200 93
66 95 72
66 223 34
66 287 14
66 209 47
66 114 87
66 118 5
66 120 23
66 89 38
66 282 29
66 232 80
66 255 81
67 199 66
67 296 39
67 267 15
67 206 44
67 91 29
67 155 28
67 203 74
67 233 58
67 175 39
67 220 54
67 286 24
68 144 79
68 131 80
68 102 7
68 158 5
68 140 58
68 74 24
68 204 37
68 174 42
68 93 12
68 78 45
68 195 79
68 244 78
68 117 69
68 247 21
68 152 35
68 121 2
68 92 84
68 94 91
68 223 64
69 130 32
69 273 10
69 147 63
69 277 68
69 281 40
69 153 29
69 154 30
69 296 26
69 172 53
69 183 63
69 188 59
69 74 88
69 213 24
69 87 39
69 109 33
69 248 50
69 255 62
70 256 24
70 131 54
70 261 26
70 135 88
70 151 2
70 158 10
70 166 52
70 168 42
70 173 71
70 185 62
70 191 34
70 193 66
70 206 38
70 81 27
70 87 79
70 99 47
70 231 67
70 107 25
70 110 66
70 250 87
71 259 62
71 261 0
71 262 92
71 263 43
71 136 99
71 140 14
71 146 5
71 149 43
71 151 90
71 160 96
71 163 80
71 173 89
71 211 71
71 199 29
71 202 62
71 82 73
71 291 41
71 214 67
71 218 76
71 226 7
71 228 68
71 234 100
71 239 27
71 243 58
72 225 95
72 98 54
72 198 63
72 81 56
72 265 99
72 106 12
72 288 76
72 144 92
72 113 16
72 277 44
72 201 84
72 281 56
72 190 26
73 130 41
73 267 40
73 144 4
73 282 45
73 156 38
73 285 98
73 287 92
73 290 80
73 182 23
73 197 86
73 200 12
73 183 22
73 100 8
73 235 47
73 109 12
73 114 16
74 135 24
74 265 80
74 140 54
74 145 11
74 280 0
74 287 62
74 292 36
74 182 90
74 197 67
74 201 21
74 79 85
74 87 64
74 218 38
74 235 12
74 239 11
74 246 16
74 123 34
74 126 69
75 257 49
75 259 65
75 137 0
75 287 48
75 289 57
75 135 41
75 175 23
75 181 48
75 265 91
75 197 5
75 198 29
75 161 50
75 201 92
75 203 37
75 77 47
75 83 78
75 104 24
75 237 20
75 111 12
75 120 5
75 249 25
75 298 23
76 263 11
76 172 67
76 139 13
76 140 62
76 147 70
76 276 47
76 159 49
76 168 14
76 135 43
76 185 87
76 84 58
76 226 44
76 102 33
76 230 37
76 232 86
76 106 64
76 111 93
76 120 97
77 259 39
77 267 39
77 270 84
77 273 94
77 148 82
77 155 99
77 287 35
77 289 83
77 166 41
77 167 38
77 177 18
77 197 13
77 213 64
77 217 35
77 227 15
77 111 79
77 241 35
77 119 52
77 248 69
77 127 46
78 131 74
78 141 64
78 151 22
78 153 48
78 261 15
78 164 62
78 297 35
78 197 36
78 200 45
78 86 24
78 92 55
78 93 36
78 230 33
78 113 4
78 117 42
78 120 81
78 121 58
78 251 14
78 126 8
79 279 59
79 163 27
79 101 2
79 135 37
79 272 45
79 115 7
79 82 72
79 211 57
79 119 58
79 88 35
79 124 71
79 167 61
79 254 83
79 197 72
80 131 71
80 261 60
80 145 72
80 275 69
80 149 80
80 283 8
80 161 78
80 293 87
80 294 47
80 167 76
80 296 18
80 170 68
80 184 84
80 82 25
80 92 14
80 93 15
80 100 97
80 230 38
80 235 25
80 237 69
80 110 35
80 116 79
81 261 55
81 277 36
81 289 19
81 166 62
81 171 98
81 178 79
81 209 50
81 85 48
81 88 90
81 228 34
81 273 46
81 232 60
81 108 45
81 242 21
81 247 83
81 252 37
82 135 78
82 136 5
82 137 87
82 267 92
82 142 11
82 149 41
82 278 39
82 153 69
82 285 66
82 291 43
82 173 45
82 176 27
82 181 69
82 213 81
82 218 34
82 220 84
82 228 100
82 239 40
82 113 70
83 257 87
83 135 32
83 138 96
83 291 47
83 164 27
83 297 69
83 182 2
83 184 98
83 193 93
83 206 63
83 237 8
83 147 98
83 118 60
83 248 83
83 125 99
84 272 86
84 162 23
84 292 56
84 262 79
84 225 23
84 106 15
84 299 54
84 110 41
84 244 50
84 151 56
84 279 62
84 247 21
85 130 3
85 261 4
85 281 94
85 155 25
85 284 9
85 287 32
85 165 33
85 156 39
85 173 31
85 175 89
85 177 48
85 183 84
85 184 38
85 190 99
85 193 7
85 206 78
85 217 56
85 107 63
85 255 32
85 253 1
85 254 71
85 127 71
86 128 16
86 152 46
86 169 57
86 170 93
86 174 65
86 188 40
86 197 92
86 199 79
86 203 19
86 208 4
86 210 17
86 93 48
86 237 22
86 117 74
86 118 55
86 126 63
87 138 78
87 278 80
87 155 49
87 156 83
87 157 16
87 177 49
87 183 27
87 187 63
87 93 93
87 98 90
87 241 85
87 242 5
87 248 62
87 255 82
88 128 94
88 155 85
88 90 95
88 294 17
88 207 48
88 169 80
88 111 67
88 109 33
88 173 3
88 116 41
88 247 67
88 122 42
88 159 32
89 160 9
89 132 10
89 166 15
89 167 76
89 232 74
89 267 38
89 268 9
89 206 45
89 244 19
89 196 92
89 119 98
89 148 6
90 257 34
90 278 65
90 258 0
90 271 95
90 145 66
90 150 96
90 283 48
90 156 66
90 295 14
90 298 9
90 181 57
90 182 91
90 130 64
90 206 99
90 208 84
90 93 4
90 94 89
90 224 60
90 107 7
90 112 35
90 245 26
90 249 33
90 250 43
91 130 23
91 135 91
91 139 48
91 145 3
91 155 50
91 290 97
91 165 83
91 174 94
91 190 38
91 193 3
91 118 81
91 201 64
91 162 28
91 212 22
91 219 84
91 221 91
91 226 38
91 236 97
91 112 40
91 113 29
91 114 77
91 246 52
91 121 74
91 250 20
91 254 82
92 256 59
92 266 12
92 272 66
92 156 8
92 158 86
92 290 22
92 176 46
92 183 80
92 188 21
92 197 54
92 200 53
92 204 75
92 212 8
92 206 95
92 227 40
92 273 82
92 104 51
92 250 7
93 96 1
93 98 44
93 262 99
93 104 54
93 265 43
93 141 20
93 175 14
93 179 1
93 213 37
93 248 98
93 228 85
93 222 72
94 128 56
94 257 70
94 131 59
94 260 34
94 140 77
94 280 0
94 157 90
94 290 75
94 173 15
94 285 81
94 179 5
94 185 48
94 223 45
94 213 74
94 217 72
94 95 20
94 231 66
94 106 47
94 111 82
94 122 55
94 255 24
95 132 100
95 261 29
95 188 79
95 277 42
95 279 80
95 154 94
95 150 96
95 151 2
95 192 66
95 193 57
95 197 3
95 198 59
95 97 2
95 230 71
95 103 55
95 105 39
95 110 86
95 239 66
95 118 12
95 247 84
95 127 1
95 149 65
96 299 93
96 260 55
96 134 10
96 136 50
96 152 47
96 132 61
96 283 26
96 199 35
96 204 81
96 215 59
96 218 96
96 97 28
96 102 90
96 104 45
96 245 26
96 121 98
97 257 81
97 261 97
97 144 64
97 149 75
97 152 10
97 154 73
97 155 86
97 285 8
97 291 32
97 172 45
97 178 10
97 195 0
97 199 85
97 209 64
97 224 78
97 272 80
97 230 15
97 105 33
97 111 65
97 119 95
97 121 47
98 137 74
98 272 18
98 273 17
98 147 3
98 278 48
98 159 40
98 294 6
98 169 22
98 170 25
98 175 95
98 185 33
98 189 27
98 190 43
98 217 37
98 227 3
98 106 2
98 117 99
98 119 85
99 140 4
99 278 87
99 287 95
99 163 39
99 293 71
99 169 6
99 176 88
99 183 54
99 187 8
99 195 15
99 291 49
99 222 9
99 113 20
99 211 53
99 116 59
99 246 45
99 247 99
99 249 49
100 265 92
100 268 79
100 141 48
100 277 2
100 279 42
100 154 26
100 291 81
100 297 83
100 177 5
100 198 51
100 202 38
100 215 75
100 217 63
100 220 20
100 221 68
100 223 88
100 227 1
100 101 38
100 241 53
100 118 43
100 121 5
100 126 31
101 135 82
101 151 69
101 282 10
101 161 57
101 162 20
101 291 81
101 174 38
101 188 91
101 194 93
101 289 77
101 227 32
101 103 96
101 105 11
101 108 29
101 246 15
101 254 48
102 139 83
102 143 25
102 147 23
102 279 85
102 280 81
102 154 1
102 285 81
102 286 9
102 161 73
102 171 18
102 173 78
102 184 88
102 197 69
102 201 72
102 218 25
102 223 43
102 231 66
102 108 74
102 124 19
102 253 72
103 258 62
103 131 4
103 144 1
103 276 67
103 277 87
103 150 53
103 158 65
103 288 86
103 291 26
103 297 90
103 180 42
103 186 3
103 266 56
103 248 5
103 222 39
103 108 59
103 239 99
103 116 37
103 120 73
103 123 24
104 259 94
104 274 5
104 149 55
104 150 29
104 156 48
104 160 65
104 290 70
104 170 87
104 180 51
104 196 49
104 206 46
104 214 29
104 218 18
104 109 7
104 120 94
104 250 48
104 124 70
105 258 32
105 259 23
105 265 34
105 139 67
105 142 67
105 273 6
105 283 41
105 284 1
105 287 56
105 161 4
105 294 11
105 299 23
105 181 95
105 187 88
105 192 55
105 201 40
105 202 35
105 216 12
105 233 62
105 107 17
105 239 58
105 241 65
105 253 71
106 256 90
106 259 85
106 267 21
106 152 52
106 285 13
106 287 73
106 292 62
106 170 23
106 177 99
106 183 15
106 205 52
106 212 15
106 217 85
106 218 88
106 227 48
106 242 54
106 118 85
106 252 52
107 129 79
107 260 19
107 142 65
107 280 19
107 146 32
107 149 62
107 162 36
107 167 22
107 173 51
107 182 4
107 197 38
107 199 72
107 204 74
107 206 42
107 211 99
107 215 94
107 223 58
107 235 40
107 243 46
107 116 76
107 246 52
107 248 99
107 254 17
108 259 67
108 260 71
108 266 27
108 267 6
108 150 63
108 151 79
108 155 43
108 163 61
108 207 74
108 212 13
108 214 75
108 221 72
108 228 31
108 127 27
108 238 68
108 112 48
108 243 63
108 251 97
108 252 82
108 255 25
109 130 6
109 264 97
109 137 44
109 266 51
109 148 19
109 286 32
109 165 51
109 299 91
109 182 63
109 191 89
109 162 81
109 223 49
109 239 9
109 247 67
109 250 100
109 254 42
110 138 55
110 151 32
110 290 22
110 291 48
110 174 58
110 193 62
110 196 37
110 203 63
110 163 65
110 215 44
110 217 77
110 272 5
110 232 57
110 244 33
110 250 70
110 255 11
111 130 27
111 271 82
111 149 60
111 152 96
111 155 69
111 287 43
111 291 100
111 167 72
111 170 48
111 174 53
111 181 93
111 182 72
111 225 9
111 211 9
111 220 57
111 231 45
111 116 86
111 245 93
111 248 55
111 254 21
112 256 46
112 137 2
112 154 19
112 290 52
112 134 57
112 167 78
112 168 30
112 236 97
112 185 83
112 251 38
112 117 2
112 123 92
112 253 20
113 259 21
113 264 93
113 268 23
113 273 5
113 275 46
113 151 46
113 280 32
113 155 83
113 156 91
113 287 24
113 288 7
113 180 10
113 186 53
113 197 48
113 222 43
113 240 75
113 242 70
113 115 42
113 247 48
113 126 2
113 255 73
114 299 52
114 138 94
114 139 93
114 140 73
114 143 25
114 146 48
114 152 98
114 155 76
114 290 76
114 164 65
114 297 81
114 176 64
114 178 20
114 182 11
114 189 97
114 214 37
114 221 39
114 252 18
114 253 21
115 256 68
115 138 22
115 280 80
115 153 37
115 182 69
115 195 32
115 198 99
115 213 61
115 165 60
115 233 7
115 240 7
115 242 46
115 244 47
115 245 42
115 249 99
115 250 3
115 254 53
116 262 6
116 266 8
116 269 25
116 293 40
116 166 49
116 175 86
116 182 39
116 192 21
116 205 89
116 206 10
116 141 63
116 212 39
116 213 40
116 224 25
116 241 67
116 244 90
116 247 59
116 121 58
116 252 15
117 273 39
117 275 99
117 148 0
117 278 9
117 280 87
117 133 69
117 291 50
117 134 72
117 174 2
117 195 10
117 203 15
117 123 44
117 238 64
117 239 67
117 147 72
117 251 79
118 258 74
118 140 82
118 272 67
118 286 74
118 163 96
118 298 41
118 171 38
118 223 81
118 178 0
118 191 15
118 192 6
118 288 44
118 227 85
118 246 10
118 250 2
119 257 94
119 131 96
119 263 94
119 144 30
119 276 71
119 149 90
119 285 66
119 296 12
119 297 76
119 298 90
119 299 6
119 192 48
119 194 27
119 237 76
119 174 56
119 126 38
120 258 1
120 135 80
120 270 4
120 274 71
120 280 31
120 155 6
120 156 32
120 292 6
120 167 34
120 168 67
120 299 89
120 182 88
120 185 6
120 222 90
120 227 66
120 237 26
120 121 14
121 132 18
121 133 51
121 137 0
121 273 46
121 285 64
121 161 88
121 162 5
121 292 93
121 182 34
121 188 79
121 190 47
121 192 70
121 124 39
121 254 100
122 257 38
122 265 74
122 138 98
122 283 86
122 160 20
122 161 22
122 296 99
122 171 93
122 172 82
122 173 79
122 179 96
122 190 16
122 208 3
122 225 88
122 241 15
122 250 29
122 125 83
123 264 94
123 140 96
123 269 19
123 279 43
123 291 89
123 176 31
123 136 84
123 188 83
123 214 93
123 215 20
123 224 86
123 231 86
123 248 41
123 250 38
123 124 56
124 130 21
124 258 7
124 278 58
124 152 5
124 289 82
124 293 43
124 205 13
124 208 89
124 209 54
124 212 46
124 216 80
124 223 84
124 227 58
124 233 89
124 252 48
124 255 72
125 225 25
125 130 59
125 292 33
125 198 76
125 230 64
125 170 13
125 238 2
125 141 91
125 249 70
125 213 12
126 264 48
126 139 99
126 268 23
126 143 38
126 145 60
126 155 80
126 298 70
126 181 83
126 203 20
126 210 42
126 231 97
126 242 49
126 248 93
126 252 20
127 130 54
127 132 16
127 262 26
127 139 84
127 161 67
127 292 62
127 167 73
127 185 72
127 223 97
127 196 30
127 197 69
127 199 62
127 207 92
127 208 96
127 227 95
127 240 2
128 134 88
128 264 65
128 268 84
128 269 96
128 144 99
128 156 90
128 289 45
128 176 59
128 188 11
128 200 88
128 201 72
128 183 13
128 209 42
128 217 53
128 220 78
128 236 5
129 131 65
129 289 6
129 233 19
129 266 44
129 238 3
129 208 56
129 241 14
129 276 97
129 278 17
129 298 72
129 158 84
129 287 29
130 192 76
130 260 69
130 265 13
130 269 60
130 237 72
130 144 54
130 146 47
130 154 96
130 185 57
130 189 35
130 206 56
130 217 65
130 218 97
130 220 70
130 272 15
130 229 41
130 250 85
131 263 23
131 269 60
131 142 22
131 274 83
131 162 31
131 164 24
131 198 21
131 295 19
131 135 88
131 182 82
131 137 57
131 185 43
131 193 55
131 209 40
131 212 5
131 213 99
131 236 57
131 240 56
131 241 4
131 252 7
132 263 63
132 136 61
132 269 45
132 149 90
132 166 16
132 264 27
132 184 38
132 192 83
132 197 100
132 211 34
132 213 60
132 226 86
132 298 71
133 288 11
133 259 20
133 227 99
133 167 92
133 172 86
133 263 84
133 204 24
133 175 12
133 211 49
133 148 17
133 279 51
133 185 10
133 157 9
133 231 28
134 196 87
134 167 84
134 173 21
134 239 13
134 260 46
134 283 50
134 221 1
134 199 29
134 181 34
135 258 29
135 260 75
135 137 8
135 267 80
135 280 87
135 284 23
135 285 5
135 163 17
135 189 30
135 199 72
135 201 100
135 248 66
135 218 90
136 259 36
136 137 68
136 267 44
136 152 66
136 283 89
136 290 83
136 292 1
136 173 9
136 164 67
136 207 19
136 217 49
136 223 71
136 224 41
136 251 49
136 237 15
136 252 65
137 263 16
137 141 66
137 283 50
137 168 39
137 298 84
137 190 80
137 198 18
137 201 30
137 209 27
137 210 86
137 211 9
137 219 20
137 224 10
137 230 16
137 241 1
137 243 24
137 249 5
137 255 74
138 289 8
138 168 27
138 297 81
138 183 79
138 268 64
138 273 3
138 210 82
138 148 38
138 277 70
138 153 11
138 223 35
139 279 42
139 162 72
139 170 49
139 242 97
139 185 95
139 194 14
139 195 16
139 290 63
139 206 78
139 207 89
139 147 16
139 249 8
140 265 75
140 271 57
140 279 10
140 288 100
140 289 76
140 197 45
140 168 6
140 174 90
140 179 95
140 185 94
140 186 57
140 189 87
140 190 25
140 204 24
140 231 51
140 237 58
140 246 20
140 252 7
141 261 34
141 264 52
141 143 56
141 172 64
141 186 21
141 187 30
141 189 30
141 209 53
141 210 0
141 214 8
141 217 71
141 230 43
141 239 2
141 250 70
141 254 27
142 267 81
142 268 22
142 274 31
142 281 1
142 155 44
142 160 25
142 283 19
142 176 45
142 189 25
142 193 92
142 219 35
142 234 97
142 243 12
143 145 23
143 146 50
143 156 63
143 158 90
143 155 93
143 284 72
143 173 19
143 283 54
143 209 20
143 218 44
143 237 73
143 244 100
143 254 16
143 252 46
144 146 99
144 158 99
144 160 10
144 168 50
144 200 100
144 202 49
144 213 13
144 220 94
144 229 36
144 231 5
144 238 69
144 249 36
145 192 46
145 162 17
145 292 78
145 199 89
145 233 18
145 263 7
145 236 37
145 210 0
145 246 32
145 184 29
145 217 80
145 202 2
146 264 80
146 270 47
146 154 68
146 296 15
146 297 52
146 188 30
146 202 31
146 211 90
146 271 13
146 220 51
146 227 52
146 241 54
146 254 40
147 261 85
147 270 90
147 283 24
147 290 24
147 297 43
147 183 3
147 287 55
147 188 13
147 191 91
147 197 33
147 198 10
147 202 46
147 214 12
147 217 94
147 219 30
147 227 2
147 236 48
148 160 41
148 162 55
148 163 72
148 169 13
148 170 30
148 191 23
148 196 91
148 197 8
148 206 22
148 208 98
148 238 30
148 253 42
148 255 97
149 271 1
149 278 14
149 281 52
149 154 52
149 284 84
149 162 27
149 294 92
149 174 91
149 227 20
149 230 34
149 251 34
149 253 81
150 257 51
150 261 72
150 266 17
150 269 73
150 286 11
150 287 93
150 162 78
150 298 44
150 186 9
150 159 49
150 189 45
150 194 83
150 198 63
150 204 37
150 221 86
150 222 48
150 225 37
150 237 48
150 239 12
150 243 13
151 271 44
151 284 31
151 159 92
151 289 37
151 156 53
151 199 59
151 177 36
151 193 58
151 215 27
151 229 21
151 251 96
152 164 45
152 296 77
152 242 87
152 264 89
152 178 3
152 187 81
152 198 65
152 209 61
152 210 60
152 219 74
152 220 3
152 233 36
152 249 52
152 251 35
153 258 55
153 299 37
153 262 19
153 160 2
153 298 32
153 171 25
153 172 92
153 188 39
153 194 48
153 205 16
153 219 60
153 220 99
153 238 2
153 241 9
153 247 39
153 252 52
154 262 94
154 269 28
154 272 62
154 278 67
154 279 95
154 157 27
154 161 68
154 164 84
154 178 64
154 181 38
154 200 68
154 234 75
154 242 56
155 258 91
155 236 73
155 268 8
155 282 35
155 290 22
155 283 86
155 165 57
155 179 85
155 199 59
156 263 44
156 215 65
156 294 50
156 167 86
156 171 93
156 179 28
156 204 58
156 206 45
156 207 9
156 209 89
156 273 11
157 198 55
157 295 92
157 297 49
157 171 75
157 268 82
157 203 39
157 216 7
157 281 46
157 247 23
157 261 62
158 257 36
158 160 62
158 163 71
158 170 19
158 172 51
158 177 84
158 180 83
158 181 92
158 187 47
158 204 28
158 217 13
158 219 17
158 239 49
158 245 63
158 255 61
159 193 65
159 283 39
159 260 85
159 229 82
159 297 76
159 162 23
159 243 14
159 244 66
159 251 39
159 286 6
160 264 46
160 199 35
160 197 80
160 215 0
160 216 88
160 220 86
160 229 60
160 276 7
160 233 86
160 243 80
161 256 22
161 258 40
161 286 12
161 175 65
161 179 37
161 214 61
161 240 61
161 169 5
162 256 33
162 184 85
162 196 93
162 199 56
162 205 19
162 216 27
162 220 15
162 224 23
162 253 36
163 278 37
163 271 9
163 273 19
163 277 35
163 286 13
163 165 75
163 175 54
163 188 1
163 192 96
163 206 14
163 207 62
163 213 98
163 222 64
163 224 54
163 235 74
163 249 10
163 250 73
163 254 20
163 255 31
164 265 59
164 286 46
164 167 68
164 296 82
164 174 94
164 191 90
164 195 72
164 197 72
164 198 7
164 200 46
164 212 6
164 232 35
164 235 58
164 246 27
165 267 90
165 182 74
165 202 59
165 207 79
165 208 50
165 215 94
165 224 49
165 228 10
165 235 59
166 256 23
166 268 4
166 275 100
166 276 35
166 281 0
166 282 83
166 292 51
166 169 85
166 173 82
166 176 42
166 178 57
166 181 47
166 185 70
166 201 62
166 207 51
166 205 89
166 219 28
166 220 34
166 234 68
166 246 13
166 249 90
166 254 10
167 294 3
167 299 44
167 179 26
167 183 70
167 210 0
167 235 56
167 243 53
168 260 74
168 274 30
168 276 53
168 297 82
168 203 4
168 209 29
168 214 99
168 219 93
168 295 89
169 214 73
169 280 25
169 274 87
169 276 28
169 277 6
169 281 41
169 172 54
169 179 81
169 189 67
169 204 63
169 226 92
169 206 45
169 205 55
169 229 54
169 231 12
169 248 21
170 264 83
170 268 39
170 291 46
170 182 68
170 196 16
170 207 81
170 222 94
170 235 15
171 289 94
171 194 37
171 259 67
171 260 98
171 257 73
171 240 37
171 274 13
171 211 73
171 212 45
171 280 88
171 254 97
172 264 42
172 271 31
172 272 37
172 293 58
172 294 18
172 178 99
172 193 53
172 202 96
172 208 5
172 219 21
172 242 1
172 245 94
172 255 95
173 256 9
173 258 99
173 261 86
173 266 28
173 267 16
173 295 47
173 298 50
173 175 54
173 177 27
173 189 25
173 199 16
173 201 6
173 221 88
173 224 60
173 227 47
173 210 48
173 240 80
173 252 88
174 260 76
174 270 6
174 288 38
174 293 89
174 294 27
174 175 81
174 178 3
174 179 72
174 198 53
174 204 43
174 229 55
174 242 27
175 280 7
175 282 78
175 296 73
175 285 0
175 177 42
175 190 13
175 210 63
175 216 24
176 263 97
176 272 25
176 273 56
176 283 49
176 284 79
176 289 53
176 181 23
176 229 24
176 235 18
176 249 37
176 254 30
176 255 100
177 259 76
177 262 53
177 264 0
177 269 91
177 283 7
177 244 20
177 294 78
177 180 47
177 183 0
177 189 5
177 192 8
177 285 68
177 234 27
177 254 83
178 260 91
178 269 39
178 274 56
178 285 63
178 288 71
178 188 89
178 199 6
178 217 9
178 224 56
178 246 100
178 248 34
178 249 4
179 258 35
179 276 43
179 278 21
179 288 46
179 294 78
179 296 91
179 189 3
179 193 58
179 194 45
179 218 74
179 225 58
179 232 84
179 235 38
180 270 44
180 271 72
180 262 66
180 295 44
180 197 53
180 203 99
180 206 24
180 211 6
180 217 2
180 219 11
180 224 46
180 228 4
180 246 93
180 251 42
181 259 37
181 263 88
181 273 64
181 284 60
181 287 23
181 183 11
181 186 91
181 206 37
181 208 15
181 210 73
181 220 3
181 232 51
182 192 90
182 269 84
182 259 22
182 281 77
182 297 90
182 209 31
182 242 75
182 277 37
183 279 39
183 185 14
183 266 94
183 189 24
183 201 4
183 203 28
183 210 48
183 223 45
183 245 63
183 246 69
183 249 33
183 252 61
183 254 82
184 261 33
184 268 51
184 277 83
184 283 79
184 288 60
184 194 21
184 201 25
184 273 59
184 244 23
184 245 20
184 253 89
185 260 50
185 277 27
185 280 43
185 282 31
185 188 94
185 193 19
185 217 55
185 220 63
185 239 3
185 241 21
185 244 39
185 268 21
185 247 41
185 250 23
185 253 59
185 254 93
186 273 62
186 283 16
186 191 93
186 215 60
186 271 32
186 226 97
186 236 34
186 237 23
187 257 76
187 260 38
187 275 33
187 278 93
187 281 5
187 282 12
187 299 66
187 204 11
187 221 93
187 229 60
187 236 69
188 263 2
188 264 81
188 278 55
188 200 81
188 205 70
188 211 42
188 219 24
188 225 15
188 243 95
188 281 14
189 258 85
189 273 97
189 277 35
189 288 25
189 221 75
189 228 34
189 231 55
189 234 66
190 260 44
190 266 60
190 199 6
190 205 27
190 218 9
190 244 90
190 252 54
191 260 57
191 257 82
191 280 23
191 282 60
191 285 97
191 288 78
191 194 63
191 200 95
191 222 0
191 237 57
191 238 85
192 262 87
192 280 86
192 289 77
192 290 11
192 198 39
192 203 35
192 212 51
192 227 26
192 234 31
193 273 30
193 275 13
193 282 35
193 286 89
193 288 63
193 290 53
193 195 76
193 206 34
193 215 1
193 217 46
193 233 63
193 244 9
194 263 3
194 276 13
194 286 89
194 197 32
194 208 91
194 217 86
194 226 16
195 266 62
195 281 39
195 283 18
195 197 74
195 198 65
195 247 23
195 251 94
196 260 43
196 266 43
196 284 60
196 265 43
196 219 0
196 221 32
196 249 21
197 259 35
197 205 49
197 212 80
197 218 37
197 222 73
197 243 64
197 250 36
198 256 30
198 288 34
198 202 14
198 217 75
198 222 35
198 237 51
198 249 47
199 259 2
199 270 66
199 282 5
199 284 53
199 296 68
199 297 78
199 298 93
199 218 53
199 223 18
199 229 94
199 233 23
199 244 63
199 248 96
199 251 99
200 257 6
200 261 87
200 230 73
200 232 86
200 297 61
200 282 42
201 294 52
201 207 54
201 208 2
201 209 7
201 211 5
201 218 30
201 236 68
201 240 67
201 243 10
202 265 5
202 270 87
202 274 96
202 276 95
202 294 73
202 295 9
202 204 82
202 214 95
202 219 33
202 235 41
202 241 74
202 243 83
202 247 97
202 254 83
203 280 69
203 290 36
203 211 79
203 213 79
203 216 71
203 221 61
203 236 9
203 251 97
203 252 74
204 258 8
204 264 89
204 280 52
204 286 75
204 289 37
204 205 20
204 229 49
204 230 35
204 231 55
204 244 5
205 261 39
205 285 11
205 291 96
205 296 62
205 244 47
205 206 76
205 216 51
205 226 88
205 234 97
205 235 18
205 240 3
205 254 56
206 279 28
206 280 39
206 207 46
206 222 15
206 253 12
207 271 62
207 287 32
207 295 19
207 296 73
207 227 85
207 232 65
207 247 79
208 257 80
208 258 76
208 269 32
208 277 9
208 250 13
208 221 96
208 230 93
208 233 95
208 244 59
208 276 68
209 264 45
209 259 45
209 281 48
209 294 6
209 295 21
209 297 41
209 213 50
209 221 95
209 236 56
209 241 47
210 263 33
210 272 70
210 280 76
210 265 73
210 287 66
210 292 28
210 228 57
210 239 73
210 242 34
211 278 52
211 293 59
211 296 67
211 213 32
211 243 87
211 248 99
212 264 86
212 274 25
212 278 52
212 299 84
212 293 88
212 296 71
212 220 88
212 217 43
212 246 41
212 247 88
213 265 97
213 282 41
213 284 93
213 295 27
213 257 22
213 218 0
213 227 92
213 253 23
214 259 43
214 270 74
214 272 25
214 223 53
214 225 84
214 248 74
215 259 13
215 260 7
215 280 81
215 216 75
215 233 83
215 243 90
215 251 2
216 256 84
216 266 60
216 294 63
216 299 82
216 240 69
216 243 100
216 245 50
216 246 8
216 248 84
217 238 49
217 282 59
217 285 43
217 243 53
217 253 36
218 256 95
218 264 54
218 275 60
218 229 26
218 235 66
218 237 71
219 258 3
219 276 33
219 299 39
219 229 37
219 234 38
219 296 41
219 248 7
219 249 35
220 263 7
220 269 4
220 271 24
220 285 1
220 294 26
220 235 77
220 237 100
220 240 33
220 242 15
220 251 51
221 273 94
221 275 87
221 287 24
221 223 14
221 246 17
221 254 70
222 288 67
222 257 31
222 260 41
222 251 21
222 253 94
223 258 50
223 237 76
223 290 25
223 292 80
223 299 30
223 234 36
223 245 25
223 253 49
224 269 76
224 271 39
224 274 92
224 291 84
224 239 6
224 240 22
224 255 65
225 282 12
225 278 35
226 257 45
226 272 44
226 287 1
226 239 91
226 268 2
226 254 70
227 265 80
227 281 49
227 291 92
227 242 11
227 246 39
227 248 42
227 253 69
228 242 2
228 235 33
228 237 4
228 272 47
228 233 45
228 255 40
229 262 42
229 266 20
229 279 34
229 285 17
229 291 62
229 240 42
229 248 58
230 256 62
230 291 19
230 299 71
230 233 96
230 242 26
230 243 57
230 246 96
231 256 46
231 275 8
231 286 95
231 297 17
231 269 85
231 272 91
232 257 34
232 284 10
232 294 69
232 296 58
232 290 26
232 241 68
232 242 38
233 259 12
233 276 80
233 287 6
233 237 96
233 238 23
233 245 78
234 294 37
234 255 41
234 282 44
234 245 7
234 271 83
234 285 56
235 258 88
235 285 69
235 293 91
235 241 70
235 253 12
236 257 30
236 268 65
236 277 0
236 290 22
236 297 61
236 241 97
236 244 33
236 247 91
236 255 0
237 263 79
237 264 78
237 268 45
237 279 82
237 282 13
237 297 77
237 252 51
238 276 34
238 277 8
238 284 35
238 294 55
238 239 57
238 241 46
239 262 79
239 265 48
239 284 29
239 242 62
239 254 37
239 255 22
240 259 45
240 269 39
240 247 68
240 253 92
241 260 78
241 278 66
241 291 7
241 246 69
241 249 78
242 292 90
242 296 81
243 269 19
243 263 70
243 245 11
244 278 87
244 266 94
244 267 80
244 255 69
245 260 78
245 267 15
245 278 99
245 283 9
245 248 37
245 251 86
246 259 62
246 265 40
246 273 27
246 253 15
246 255 88
247 263 35
247 264 53
247 271 59
247 273 8
247 294 94
247 248 61
248 279 61
248 251 57
248 249 31
248 253 68
249 256 56
249 268 87
249 269 87
249 270 24
249 276 81
250 263 74
250 274 96
250 279 39
250 286 6
251 258 18
251 261 92
251 262 67
251 264 77
251 266 47
251 267 32
251 269 35
251 290 64
251 293 84
251 252 84
251 253 86
252 299 35
252 264 52
253 261 21
253 281 99
253 282 8
253 283 76
253 293 96
254 266 39
254 277 93
254 287 59
254 292 99
255 256 52
255 265 33
255 292 58
256 261 56
256 265 85
256 269 80
256 272 35
256 286 72
257 261 18
257 262 17
257 264 88
257 267 85
257 269 67
257 279 87
257 286 93
258 263 65
258 285 61
258 296 60
259 286 52
260 274 11
260 277 1
260 299 20
260 284 66
260 285 34
260 289 31
260 290 72
261 265 47
261 272 18
261 281 95
261 291 97
261 295 2
262 265 19
262 268 65
262 282 94
262 297 89
263 273 84
263 286 38
263 270 51
264 267 34
264 271 70
264 272 53
264 275 82
264 276 61
264 278 48
264 285 6
264 290 90
264 288 82
265 267 72
265 297 6
265 268 24
266 270 28
266 278 69
266 288 9
266 295 92
267 273 6
267 286 84
269 277 39
269 281 21
269 295 22
270 272 67
270 282 35
270 288 58
270 299 61
272 290 100
273 279 38
273 284 74
274 284 69
274 287 95
274 288 31
274 290 37
274 291 80
274 292 50
276 281 29
276 283 16
276 287 91
276 294 53
276 297 85
277 286 86
277 288 7
277 291 30
277 297 55
278 289 33
279 291 88
279 294 85
280 297 11
281 298 21
282 298 68
283 285 70
283 293 28
283 296 57
283 299 31
284 299 25
285 290 21
286 297 73
286 289 89
290 292 52
291 293 72
293 297 86
