300 4000
0 51 70
0 131 15
0 260 12
0 133 83
0 44 37
0 138 90
0 140 1
0 149 87
0 26 19
0 27 33
0 265 18
0 31 22
0 34 63
0 291 17
0 40 53
0 172 9
0 179 65
0 55 17
0 59 31
0 63 48
0 67 75
0 68 50
0 70 44
0 12 79
0 290 83
0 208 38
0 81 67
0 211 71
0 224 17
0 99 72
0 237 57
0 238 26
0 247 98
0 121 2
0 124 76
1 128 4
1 257 92
1 129 65
1 266 13
1 140 2
1 144 65
1 277 45
1 280 97
1 285 16
1 31 2
1 160 71
1 289 72
1 37 98
1 168 37
1 178 98
1 63 30
1 218 99
1 226 59
1 123 43
1 229 47
1 104 42
1 236 74
1 239 4
1 115 22
1 246 98
1 251 85
1 253 57
2 129 71
2 3 74
2 132 27
2 141 10
2 274 1
2 19 50
2 278 62
2 279 93
2 154 56
2 162 81
2 164 79
2 38 67
2 56 29
2 58 31
2 74 100
2 90 4
2 229 3
2 225 65
2 226 89
2 100 37
2 294 36
2 232 88
2 233 6
3 131 7
3 133 28
3 143 17
3 20 8
3 151 1
3 281 86
3 282 42
3 155 25
3 287 33
3 35 25
3 294 76
3 40 96
3 169 0
3 173 45
3 53 24
3 201 63
3 57 97
3 62 42
3 193 78
3 73 83
3 109 10
3 82 38
3 211 82
3 213 32
3 93 25
3 229 84
3 230 48
3 234 33
3 237 99
3 25 16
3 246 61
4 150 82
4 135 75
4 45 93
4 146 42
4 278 71
4 284 82
4 34 12
4 299 51
4 173 25
4 46 33
4 182 61
4 186 41
4 66 32
4 74 96
4 205 100
4 98 46
4 99 40
4 229 39
4 242 79
4 238 6
4 114 71
4 245 49
5 299 59
5 133 21
5 9 21
5 10 12
5 17 78
5 146 0
5 147 68
5 276 95
5 277 43
5 25 27
5 154 50
5 30 52
5 293 70
5 167 72
5 171 56
5 176 92
5 183 83
5 184 69
5 225 40
5 200 14
5 202 15
5 77 43
5 83 80
5 97 29
5 274 19
5 251 70
6 130 55
6 137 67
6 138 88
6 139 65
6 14 88
6 145 5
6 275 92
6 155 56
6 286 48
6 160 72
6 166 59
6 172 0
6 176 79
6 177 78
6 52 8
6 185 85
6 60 20
6 192 55
6 202 20
6 206 15
6 84 47
6 217 6
6 219 20
6 222 10
6 96 94
6 38 7
6 232 11
6 116 37
6 250 87
7 256 65
7 258 15
7 265 15
7 267 73
7 141 40
7 145 96
7 279 53
7 281 75
7 161 14
7 34 94
7 41 52
7 298 24
7 181 61
7 9 67
7 185 65
7 151 20
7 194 18
7 81 73
7 214 45
7 96 24
7 110 100
7 25 44
7 252 38
7 125 71
7 126 74
8 135 90
8 10 99
8 279 85
8 273 29
8 20 72
8 21 70
8 151 54
8 281 73
8 157 27
8 291 58
8 44 24
8 47 53
8 189 88
8 193 26
8 84 67
8 217 18
8 218 17
8 99 68
8 232 37
8 105 12
8 235 58
8 118 35
9 130 66
9 137 63
9 12 5
9 15 13
9 16 41
9 22 79
9 151 23
9 31 71
9 290 94
9 163 76
9 294 87
9 186 85
9 187 92
9 68 46
9 199 98
9 75 54
9 214 79
9 94 40
9 226 65
9 229 88
9 234 89
9 236 88
9 116 1
9 255 8
10 43 69
10 14 60
10 271 94
10 273 18
10 147 72
10 151 24
10 28 68
10 40 5
10 299 89
10 172 51
10 55 32
10 184 73
10 58 47
10 59 90
10 65 16
10 195 48
10 74 64
10 206 34
10 211 54
10 85 25
10 143 29
10 96 58
10 225 87
10 99 71
10 17 38
10 105 89
10 19 3
10 246 44
10 247 86
10 253 56
10 127 81
11 66 97
11 291 54
11 182 92
11 295 76
11 234 75
11 203 58
11 269 97
11 13 15
11 176 51
11 113 37
11 82 51
11 147 11
11 118 83
11 24 21
11 217 40
11 251 94
11 253 19
11 69 21
12 261 27
12 15 32
12 273 18
12 18 79
12 161 73
12 292 21
12 54 81
12 186 84
12 198 77
12 77 25
12 208 97
12 36 45
12 90 100
12 91 73
12 101 6
12 235 79
12 109 66
12 243 34
12 117 50
12 247 86
12 121 92
12 122 54
13 129 36
13 132 97
13 267 96
13 141 35
13 14 87
13 15 88
13 145 63
13 149 42
13 23 73
13 153 36
13 294 3
13 39 15
13 61 12
13 193 87
13 206 24
13 80 28
13 82 37
13 101 40
13 102 64
13 104 70
13 107 90
13 210 95
13 113 88
13 120 16
13 122 35
14 128 31
14 260 97
14 135 35
14 19 48
14 156 46
14 157 10
14 158 89
14 287 26
14 160 53
14 197 21
14 291 51
14 37 24
14 170 62
14 173 3
14 175 50
14 182 39
14 60 32
14 192 98
14 288 80
14 69 50
14 141 85
14 89 58
14 97 92
14 226 20
14 241 79
15 133 14
15 262 45
15 18 3
15 154 27
15 157 59
15 289 16
15 35 71
15 297 2
15 171 87
15 175 39
15 54 39
15 57 65
15 65 39
15 195 65
15 196 77
15 140 58
15 204 2
15 78 22
15 213 22
15 185 12
15 90 9
15 226 3
15 227 70
15 101 88
15 104 97
15 109 69
15 112 68
16 129 98
16 131 78
16 134 14
16 19 73
16 153 29
16 287 22
16 34 42
16 164 77
16 43 30
16 173 28
16 48 72
16 51 43
16 31 76
16 196 3
16 200 44
16 97 3
16 233 60
16 236 52
16 237 42
16 114 42
16 115 82
17 129 23
17 134 1
17 65 17
17 267 83
17 145 51
17 22 24
17 279 70
17 153 14
17 298 4
17 43 100
17 172 25
17 45 72
17 180 40
17 182 30
17 56 74
17 60 24
17 193 13
17 197 26
17 199 77
17 204 92
17 205 37
17 211 51
17 216 97
17 99 40
17 100 66
17 233 51
17 108 30
17 237 45
17 123 58
17 252 32
17 126 82
18 258 82
18 262 15
18 137 91
18 138 66
18 273 97
18 217 81
18 218 69
18 28 77
18 285 35
18 295 52
18 168 21
18 156 76
18 70 99
18 72 48
18 202 29
18 89 7
18 90 6
18 101 51
18 109 6
18 115 90
19 131 23
19 261 54
19 263 44
19 258 88
19 142 87
19 145 63
19 275 36
19 24 90
19 287 85
19 160 84
19 33 64
19 290 83
19 293 99
19 178 4
19 53 39
19 61 34
19 190 43
19 203 6
19 198 22
19 75 0
19 76 61
19 206 81
19 211 66
19 87 84
19 92 8
19 280 59
19 230 64
19 116 73
19 248 74
19 122 35
19 270 93
20 258 35
20 179 46
20 87 6
20 22 39
20 279 63
20 153 39
20 155 93
20 285 100
20 287 44
20 165 73
20 294 95
20 31 53
20 176 21
20 51 68
20 55 25
20 23 82
20 185 31
20 159 14
20 63 24
20 71 5
20 81 45
20 210 53
20 215 89
20 101 60
20 231 79
20 122 75
21 261 37
21 262 45
21 276 85
21 23 92
21 29 25
21 159 98
21 34 9
21 293 99
21 173 42
21 46 18
21 175 74
21 176 94
21 187 57
21 203 47
21 81 18
21 213 5
21 216 86
21 90 100
21 91 8
21 223 19
21 228 53
21 101 83
21 102 70
21 104 85
21 105 81
21 239 16
21 241 93
21 245 50
21 127 7
22 258 68
22 133 5
22 155 90
22 31 17
22 35 83
22 36 45
22 37 31
22 45 73
22 46 71
22 180 87
22 191 73
22 69 30
22 85 44
22 215 7
22 218 57
22 98 94
22 231 36
22 238 13
22 243 24
22 120 99
22 276 16
23 193 90
23 246 70
23 292 58
23 37 40
23 230 91
23 265 30
23 42 64
23 148 43
23 238 84
23 83 2
23 86 73
23 89 67
23 137 25
23 25 57
23 91 16
23 166 44
23 117 63
24 130 27
24 265 16
24 270 3
24 148 78
24 278 7
24 26 27
24 160 19
24 292 69
24 294 76
24 168 19
24 42 29
24 56 78
24 60 38
24 195 4
24 69 4
24 84 70
24 224 98
24 111 31
24 244 18
24 123 60
25 258 67
25 262 12
25 144 66
25 171 8
25 155 13
25 159 44
25 289 46
25 37 49
25 169 27
25 263 81
25 51 57
25 54 40
25 55 23
25 287 56
25 191 12
25 195 100
25 78 14
25 212 95
25 206 92
25 98 89
25 106 9
25 117 61
25 251 62
25 253 93
26 260 41
26 133 76
26 266 44
26 270 96
26 276 92
26 279 89
26 153 33
26 286 36
26 159 65
26 161 12
26 165 76
26 41 3
26 42 68
26 186 11
26 33 94
26 202 81
26 89 6
26 221 95
26 225 20
26 105 80
27 160 88
27 34 62
27 59 49
27 100 33
27 104 17
27 297 3
27 238 90
27 80 92
27 209 95
27 82 13
27 243 92
27 52 59
27 158 12
27 119 67
27 218 71
27 91 13
27 62 65
27 296 23
28 137 32
28 275 53
28 280 52
28 282 69
28 29 87
28 286 98
28 292 14
28 42 8
28 46 55
28 57 66
28 193 15
28 197 79
28 225 40
28 201 1
28 84 30
28 87 24
28 97 8
28 100 78
28 104 88
28 146 92
28 245 40
28 120 95
29 258 17
29 259 75
29 151 15
29 280 4
29 281 1
29 288 29
29 161 48
29 295 68
29 171 89
29 50 71
29 56 80
29 187 33
29 188 26
29 84 38
29 94 2
29 227 0
29 104 82
29 106 96
29 109 100
29 242 44
29 121 66
29 251 98
29 234 38
30 135 46
30 273 90
30 156 56
30 31 61
30 166 100
30 296 75
30 45 13
30 178 27
30 186 4
30 287 71
30 194 54
30 201 75
30 79 94
30 211 81
30 213 100
30 215 3
30 221 65
30 98 87
30 228 70
30 229 35
30 111 69
30 247 87
30 248 47
31 130 7
31 264 82
31 271 90
31 280 27
31 156 4
31 289 65
31 162 61
31 297 57
31 56 8
31 66 27
31 75 79
31 290 69
31 94 45
31 96 22
31 101 86
31 241 100
31 244 23
31 117 28
32 129 27
32 262 21
32 264 74
32 270 96
32 144 78
32 281 42
32 155 76
32 158 93
32 295 87
32 170 40
32 299 27
32 46 58
32 179 99
32 183 34
32 184 42
32 185 10
32 58 94
32 66 29
32 68 58
32 75 38
32 204 15
32 213 54
32 214 46
32 57 43
32 91 85
32 298 96
32 233 66
32 119 36
32 122 87
32 123 38
32 124 71
32 253 47
33 256 48
33 290 77
33 294 0
33 103 63
33 137 20
33 171 16
33 76 88
33 45 10
33 226 15
33 125 22
33 176 25
33 209 28
33 274 32
33 54 22
33 279 10
33 282 12
33 284 45
33 158 58
34 256 44
34 258 72
34 137 1
34 268 97
34 35 92
34 257 6
34 174 17
34 186 22
34 74 24
34 78 95
34 84 22
34 217 41
34 220 26
34 222 48
34 225 82
34 233 47
34 106 29
34 236 91
34 121 76
35 129 60
35 131 61
35 173 13
35 148 27
35 154 16
35 291 27
35 42 87
35 172 0
35 45 75
35 50 24
35 54 54
35 184 96
35 58 51
35 187 23
35 60 73
35 193 32
35 199 97
35 205 45
35 81 19
35 225 46
35 59 31
35 231 66
35 112 43
35 298 1
36 257 49
36 132 26
36 261 79
36 145 21
36 276 84
36 154 76
36 161 100
36 162 47
36 171 19
36 50 33
36 183 81
36 62 63
36 191 53
36 64 50
36 79 10
36 93 66
36 227 24
36 273 46
36 119 47
36 253 52
37 133 79
37 155 68
37 284 90
37 290 31
37 291 12
37 165 55
37 294 29
37 299 85
37 182 11
37 186 25
37 195 48
37 68 55
37 197 19
37 77 32
37 83 58
37 213 3
37 86 99
37 89 22
37 100 34
37 107 72
37 240 74
37 114 74
37 117 60
37 120 89
38 288 72
38 224 97
38 99 3
38 68 87
38 165 13
38 103 12
38 265 63
38 247 18
38 207 47
38 209 57
38 131 22
38 52 29
38 117 77
38 169 26
38 120 6
38 153 16
38 282 21
38 216 28
38 95 89
39 192 68
39 65 47
39 163 33
39 133 48
39 48 38
39 40 55
39 143 27
39 112 45
39 168 86
39 269 35
39 245 15
39 55 18
39 153 33
39 58 10
39 219 14
39 284 13
39 125 18
39 126 52
39 223 28
40 132 7
40 136 85
40 142 35
40 146 32
40 275 29
40 279 17
40 164 85
40 165 25
40 41 89
40 176 18
40 51 86
40 187 55
40 68 69
40 74 21
40 77 47
40 79 88
40 211 75
40 227 75
40 234 51
40 167 57
40 242 72
40 115 12
41 258 29
41 143 30
41 153 42
41 47 43
41 48 46
41 52 44
41 182 63
41 186 46
41 63 51
41 194 26
41 54 83
41 198 29
41 203 50
41 215 13
41 223 65
41 106 41
41 235 30
41 236 25
41 111 94
41 118 86
41 251 45
41 234 100
42 270 15
42 278 8
42 286 38
42 293 4
42 166 88
42 299 49
42 174 52
42 175 30
42 55 27
42 187 57
42 193 75
42 196 65
42 75 48
42 210 19
42 83 1
42 91 67
42 223 9
42 231 31
42 105 2
42 106 59
42 238 2
42 111 93
42 120 95
42 251 71
43 256 27
43 143 90
43 149 58
43 152 18
43 281 34
43 284 14
43 157 29
43 112 65
43 296 34
43 169 77
43 170 27
43 175 40
43 48 7
43 177 73
43 183 99
43 58 67
43 190 59
43 191 62
43 198 21
43 289 41
43 204 53
43 212 100
43 86 63
43 218 81
43 222 95
43 97 38
43 98 19
43 144 58
43 240 77
43 114 39
44 262 27
44 266 25
44 277 17
44 281 7
44 166 66
44 171 95
44 45 30
44 174 1
44 176 45
44 180 58
44 138 29
44 192 57
44 65 59
44 199 81
44 201 78
44 202 49
44 203 29
44 207 50
44 82 40
44 88 18
44 227 85
44 102 78
44 232 19
44 110 26
44 242 51
44 116 45
45 130 41
45 261 96
45 137 50
45 132 78
45 133 62
45 288 90
45 289 74
45 292 86
45 298 46
45 299 92
45 172 5
45 51 93
45 182 21
45 60 74
45 195 96
45 80 11
45 209 86
45 99 86
45 226 46
45 227 75
45 232 40
46 257 55
46 263 13
46 136 75
46 269 51
46 274 95
46 290 9
46 164 33
46 294 13
46 296 17
46 181 50
46 54 71
46 183 28
46 207 76
46 84 89
46 214 56
46 219 82
46 221 36
46 226 81
46 227 39
46 228 93
46 235 97
46 122 67
46 125 25
47 97 4
47 130 83
47 293 75
47 168 77
47 169 73
47 55 68
47 290 53
47 79 82
47 179 80
47 244 46
47 182 26
47 184 62
47 137 57
47 233 89
47 125 11
48 261 56
48 278 60
48 279 77
48 133 69
48 289 80
48 166 67
48 168 4
48 180 19
48 181 63
48 58 59
48 71 17
48 202 4
48 75 70
48 207 29
48 211 85
48 215 28
48 92 75
48 103 58
48 109 28
48 239 1
48 297 14
48 248 56
48 250 61
49 65 61
49 226 99
49 163 67
49 69 66
49 71 72
49 74 100
49 279 38
49 78 67
49 240 45
49 177 14
49 243 11
49 277 64
49 245 23
49 55 46
49 152 91
49 153 69
49 123 37
49 125 6
49 190 24
49 63 77
50 130 50
50 131 65
50 151 57
50 279 3
50 153 23
50 154 95
50 295 28
50 168 71
50 169 58
50 173 86
50 52 42
50 183 80
50 193 1
50 291 16
50 86 35
50 87 54
50 228 99
50 167 86
50 281 77
50 126 19
51 195 77
51 196 85
51 97 26
51 137 53
51 109 10
51 176 72
51 241 52
51 115 54
51 278 25
51 218 33
51 284 97
51 189 10
51 222 12
51 296 85
52 128 15
52 130 22
52 263 28
52 264 72
52 152 55
52 158 86
52 262 0
52 167 28
52 173 60
52 176 31
52 178 79
52 56 27
52 191 63
52 193 99
52 69 2
52 74 52
52 251 8
52 220 15
52 221 93
52 94 2
52 98 28
52 253 40
52 113 74
52 114 29
52 246 35
52 169 74
52 122 78
52 63 11
52 125 77
52 127 11
53 188 1
53 65 20
53 147 62
53 70 27
53 263 96
53 268 86
53 202 7
53 76 25
53 60 94
53 144 27
53 113 51
53 178 34
53 149 92
53 297 21
53 184 63
53 92 1
53 170 83
53 158 89
53 85 2
54 129 60
54 130 28
54 264 90
54 266 84
54 267 83
54 142 73
54 144 48
54 279 98
54 164 40
54 172 94
54 178 71
54 67 93
54 197 18
54 289 52
54 140 100
54 206 94
54 163 74
54 84 93
54 91 54
54 96 81
54 229 38
54 105 63
54 113 89
54 117 65
54 246 38
54 169 46
54 249 33
54 253 71
54 127 35
55 129 29
55 261 0
55 269 32
55 278 10
55 280 79
55 154 0
55 155 46
55 292 80
55 296 31
55 178 56
55 181 82
55 69 60
55 78 31
55 88 68
55 89 22
55 229 49
55 96 41
55 101 72
55 102 94
55 234 6
55 107 24
55 110 28
55 106 46
55 253 32
56 128 7
56 256 22
56 262 4
56 136 68
56 139 89
56 145 91
56 167 19
56 287 37
56 200 3
56 73 41
56 204 29
56 82 100
56 86 51
56 228 98
56 229 3
56 235 89
56 236 64
56 210 66
56 113 17
56 245 97
57 258 67
57 136 37
57 139 100
57 141 95
57 146 77
57 259 58
57 286 17
57 289 15
57 162 43
57 170 17
57 240 32
57 179 62
57 185 18
57 161 99
57 202 40
57 216 32
57 226 54
57 105 64
57 112 40
57 242 38
58 264 31
58 268 28
58 146 30
58 147 48
58 281 51
58 290 59
58 165 84
58 296 68
58 180 13
58 184 56
58 187 21
58 189 86
58 199 41
58 201 43
58 78 88
58 212 95
58 206 0
58 86 67
58 90 94
58 105 64
58 275 70
58 245 40
59 256 86
59 128 18
59 133 57
59 145 11
59 157 93
59 291 91
59 293 0
59 294 4
59 297 44
59 185 44
59 70 69
59 80 62
59 209 55
59 82 13
59 212 73
59 217 22
59 219 64
59 223 92
59 228 44
59 102 51
59 105 28
59 106 0
59 239 0
59 242 35
59 125 22
60 256 72
60 261 16
60 135 55
60 138 3
60 149 20
60 150 93
60 178 49
60 185 2
60 96 39
60 66 8
60 198 28
60 200 93
60 78 15
60 291 77
60 89 54
60 218 7
60 220 76
60 224 49
60 232 3
60 105 17
60 106 55
60 237 56
60 243 47
61 224 25
61 99 21
61 132 82
61 262 35
61 263 94
61 233 34
61 235 73
61 110 18
61 244 44
61 117 55
61 281 20
61 267 3
61 148 81
61 218 65
62 289 78
62 166 37
62 71 86
62 104 6
62 266 38
62 171 39
62 270 42
62 271 82
62 145 2
62 79 44
62 280 13
62 184 78
62 186 14
62 222 79
62 159 35
63 146 62
63 149 52
63 150 22
63 155 80
63 156 30
63 161 9
63 166 12
63 284 36
63 170 78
63 299 41
63 181 91
63 186 36
63 191 95
63 194 51
63 199 96
63 73 56
63 204 2
63 92 76
63 221 49
63 99 18
63 102 65
63 231 92
63 235 15
63 239 83
63 243 57
63 119 58
63 120 76
63 255 92
64 256 3
64 129 2
64 246 9
64 264 25
64 96 19
64 141 14
64 271 94
64 209 62
64 242 27
64 116 61
64 214 6
64 155 30
64 92 17
64 126 58
64 159 51
65 132 36
65 86 40
65 262 12
65 263 9
65 141 6
65 270 97
65 154 67
65 283 88
65 293 51
65 169 22
65 298 95
65 174 59
65 183 10
65 189 36
65 191 98
65 195 88
65 201 23
65 205 45
65 210 42
65 211 19
65 212 3
65 214 57
65 218 9
65 99 90
65 230 20
65 232 59
65 233 73
65 239 30
65 246 83
65 254 41
66 271 60
66 144 14
66 278 81
66 282 87
66 170 81
66 185 44
66 190 74
66 68 12
66 203 84
66 213 4
66 95 5
66 224 92
66 100 10
66 103 24
66 232 0
66 105 70
66 242 87
67 128 40
67 261 70
67 279 79
67 271 85
67 145 92
67 281 62
67 153 20
67 161 63
67 163 63
67 292 72
67 295 21
67 169 64
67 177 64
67 184 83
67 191 63
67 77 87
67 81 23
67 87 94
67 218 43
67 94 6
67 230 53
67 112 51
67 117 43
67 246 87
67 119 98
67 251 90
67 124 42
68 131 32
68 264 31
68 266 11
68 268 90
68 276 90
68 277 22
68 156 16
68 286 46
68 240 50
68 290 24
68 163 96
68 172 97
68 174 49
68 182 87
68 189 50
68 162 66
68 209 21
68 210 34
68 216 88
68 90 19
68 220 58
68 228 43
68 229 2
68 231 0
68 234 85
68 112 47
68 245 57
68 118 93
68 119 18
68 249 67
68 166 19
68 253 57
68 255 91
69 257 21
69 136 42
69 143 89
69 144 64
69 152 84
69 291 81
69 168 70
69 298 16
69 299 42
69 172 66
69 175 39
69 191 39
69 204 96
69 206 21
69 83 46
69 213 92
69 234 0
69 113 54
69 116 39
69 246 76
70 259 43
70 132 55
70 261 15
70 267 7
70 270 65
70 143 75
70 276 35
70 278 67
70 284 44
70 289 50
70 291 69
70 292 42
70 167 4
70 198 87
70 80 50
70 83 9
70 219 14
70 223 55
70 229 52
70 231 48
70 244 13
70 119 3
71 257 48
71 162 17
71 99 57
71 292 35
71 209 51
71 170 22
71 290 100
71 108 22
71 194 19
71 271 39
71 113 52
71 276 56
71 122 68
72 128 66
72 258 77
72 101 42
72 294 2
72 103 21
72 264 75
72 73 15
72 106 34
72 142 79
72 125 94
72 113 83
72 242 66
72 116 14
72 120 92
72 248 67
72 232 13
72 126 56
72 229 25
73 128 98
73 258 100
73 261 22
73 264 68
73 272 33
73 285 20
73 286 50
73 289 32
73 164 28
73 167 76
73 180 76
73 196 16
73 161 3
73 84 47
73 87 88
73 92 29
73 109 66
73 246 69
73 248 73
73 127 59
74 160 65
74 225 34
74 75 27
74 198 75
74 199 54
74 299 13
74 80 25
74 178 65
74 121 90
74 276 30
74 296 98
75 128 85
75 135 11
75 151 53
75 282 16
75 284 55
75 157 86
75 162 17
75 291 80
75 156 15
75 299 15
75 188 64
75 191 58
75 202 69
75 209 70
75 96 29
75 100 91
75 249 50
75 252 70
76 128 55
76 262 50
76 268 46
76 142 34
76 143 17
76 148 94
76 149 93
76 287 19
76 288 38
76 292 86
76 167 5
76 181 5
76 159 39
76 213 46
76 218 11
76 220 20
76 111 31
76 244 78
76 252 1
77 214 61
77 177 45
77 247 59
77 238 91
77 112 91
77 209 38
77 275 42
77 121 54
77 86 81
77 87 29
77 89 66
77 235 65
77 123 68
78 132 75
78 266 22
78 141 7
78 145 43
78 146 92
78 147 83
78 282 43
78 160 46
78 162 18
78 291 1
78 164 91
78 296 59
78 180 56
78 191 80
78 192 59
78 193 96
78 80 72
78 217 0
78 90 68
78 271 20
78 221 12
78 94 1
78 229 7
78 230 31
78 106 98
78 245 74
78 119 41
78 102 79
79 161 6
79 130 92
79 234 23
79 141 31
79 208 74
79 209 23
79 244 17
79 213 47
79 214 83
79 247 12
79 152 98
79 292 82
79 217 6
79 111 82
79 190 94
80 257 23
80 134 14
80 173 17
80 146 74
80 169 13
80 298 30
80 172 66
80 177 90
80 181 4
80 184 6
80 186 49
80 209 100
80 210 78
80 211 64
80 86 45
80 96 67
80 99 84
80 100 46
80 229 45
80 111 47
80 247 20
80 123 59
80 127 98
81 131 6
81 137 44
81 146 47
81 276 87
81 155 64
81 297 11
81 186 23
81 189 76
81 209 14
81 82 33
81 212 17
81 91 38
81 95 72
81 98 74
81 232 19
81 121 55
81 253 63
82 260 91
82 135 38
82 138 70
82 275 92
82 278 3
82 161 40
82 162 1
82 292 4
82 165 2
82 295 67
82 169 0
82 176 86
82 192 21
82 198 2
82 216 9
82 238 2
82 116 70
82 120 57
83 134 42
83 139 2
83 144 14
83 282 49
83 283 62
83 292 10
83 191 69
83 200 68
83 208 13
83 212 92
83 87 10
83 216 66
83 101 69
83 234 35
83 237 13
83 245 80
83 248 97
83 252 43
83 170 5
83 127 39
84 129 70
84 270 9
84 145 3
84 278 55
84 279 25
84 154 52
84 283 60
84 166 59
84 299 79
84 176 40
84 181 48
84 184 63
84 188 17
84 203 80
84 280 58
84 103 63
84 123 77
85 258 56
85 265 15
85 281 18
85 285 15
85 158 89
85 159 26
85 160 91
85 114 21
85 243 84
85 184 34
85 195 20
85 198 46
85 206 32
85 208 41
85 227 10
85 91 13
85 221 58
85 99 63
85 235 80
85 239 80
85 241 30
85 242 20
85 115 91
85 245 1
85 123 38
85 252 58
86 129 46
86 257 52
86 267 63
86 269 32
86 142 67
86 271 84
86 141 24
86 273 61
86 275 98
86 154 99
86 287 100
86 169 41
86 184 54
86 188 70
86 205 76
86 214 8
86 91 23
86 220 25
86 222 100
86 103 45
86 232 49
86 105 68
86 115 31
86 116 39
86 123 62
86 124 0
87 130 50
87 141 20
87 146 25
87 277 47
87 279 82
87 280 68
87 296 80
87 299 39
87 186 16
87 195 35
87 203 56
87 96 88
87 233 81
87 106 70
87 109 2
87 116 1
87 249 68
88 224 35
88 192 13
88 283 75
88 228 33
88 129 17
88 156 75
88 138 7
88 237 75
88 143 65
88 216 17
88 115 84
88 155 38
88 187 75
88 279 47
88 160 15
88 218 2
88 219 89
88 92 14
88 127 14
89 258 92
89 263 25
89 269 97
89 109 17
89 273 14
89 277 28
89 278 54
89 186 41
89 190 72
89 194 57
89 91 89
89 94 57
89 293 52
89 101 39
89 233 71
89 234 30
89 237 97
89 113 43
89 244 69
89 106 93
89 255 5
90 131 17
90 137 54
90 270 65
90 274 58
90 275 19
90 164 90
90 299 67
90 172 47
90 177 95
90 189 41
90 190 97
90 201 6
90 212 87
90 221 15
90 225 33
90 101 4
90 112 25
90 241 56
90 117 24
90 120 59
90 250 2
91 225 46
91 296 51
91 284 55
91 205 49
91 238 62
91 211 36
91 279 49
91 281 43
92 130 54
92 264 4
92 137 82
92 274 35
92 277 92
92 152 35
92 171 94
92 187 61
92 207 39
92 221 51
92 110 99
92 241 30
92 275 37
92 249 15
92 123 67
92 127 48
93 160 27
93 97 16
93 103 16
93 105 3
93 202 7
93 236 89
93 205 51
93 206 2
93 145 94
93 210 14
93 270 63
93 279 28
93 120 17
93 185 35
93 216 56
93 125 60
94 130 63
94 133 8
94 266 87
94 195 52
94 279 79
94 280 72
94 281 9
94 155 56
94 261 33
94 289 76
94 163 25
94 189 25
94 200 4
94 202 12
94 210 92
94 212 35
94 215 0
94 218 45
94 95 2
94 224 99
94 103 1
94 235 31
94 109 27
94 238 55
94 241 43
94 114 62
94 116 70
94 124 73
94 125 5
95 257 12
95 133 96
95 140 2
95 147 75
95 154 84
95 165 40
95 294 86
95 181 13
95 194 5
95 201 76
95 202 78
95 203 94
95 218 39
95 221 59
95 101 94
95 108 87
95 241 30
95 249 73
95 251 55
96 107 41
96 274 76
96 147 48
96 277 54
96 153 99
96 291 57
96 292 47
96 169 71
96 175 95
96 189 27
96 210 82
96 214 85
96 235 38
96 109 31
96 117 16
97 257 19
97 140 5
97 143 2
97 285 54
97 166 77
97 295 82
97 284 51
97 187 7
97 188 75
97 205 98
97 213 98
97 105 81
97 235 55
97 108 72
97 237 83
97 112 72
97 121 13
97 127 51
98 257 53
98 263 2
98 265 8
98 142 76
98 147 74
98 278 10
98 153 73
98 287 50
98 172 4
98 179 34
98 137 6
98 180 19
98 246 76
98 214 22
98 112 40
98 245 97
98 118 95
98 126 26
99 259 78
99 193 97
99 273 72
99 148 44
99 162 89
99 299 47
99 191 92
99 206 61
99 216 70
99 243 6
99 248 54
99 250 54
99 125 1
99 254 80
100 128 43
100 131 52
100 136 10
100 138 32
100 267 37
100 149 42
100 153 55
100 291 8
100 166 86
100 296 73
100 298 72
100 181 28
100 191 76
100 204 75
100 213 34
100 222 20
100 227 56
100 117 23
100 118 24
100 170 87
100 255 20
101 132 33
101 261 92
101 267 64
101 277 41
101 260 60
101 287 48
101 291 48
101 200 17
101 180 57
101 186 12
101 188 90
101 208 79
101 212 9
101 227 43
101 228 77
101 235 37
101 116 63
102 129 76
102 260 47
102 257 52
102 265 19
102 145 10
102 274 19
102 147 1
102 290 33
102 294 78
102 168 4
102 174 4
102 179 3
102 192 58
102 213 63
102 215 91
102 225 20
102 232 0
102 236 20
102 119 74
102 250 15
102 125 82
103 292 50
103 135 49
103 201 71
103 142 76
103 253 47
103 145 85
103 275 9
103 117 75
103 265 16
103 152 24
103 121 40
103 219 59
104 290 75
104 293 24
104 296 24
104 267 84
104 269 96
104 286 6
104 272 70
104 287 4
104 274 23
104 182 56
104 282 87
104 117 40
104 229 26
105 128 55
105 140 76
105 146 34
105 276 41
105 285 98
105 167 39
105 189 70
105 185 56
105 220 59
105 231 26
105 233 63
105 235 25
105 125 52
106 128 30
106 129 14
106 134 8
106 257 86
106 149 10
106 169 3
106 187 0
106 193 98
106 209 85
106 170 2
106 221 6
106 225 54
106 233 18
106 115 10
106 125 21
107 256 27
107 130 62
107 131 4
107 257 70
107 169 12
107 160 35
107 172 44
107 111 68
107 208 8
107 243 26
107 148 44
107 149 55
107 150 52
107 248 44
107 135 59
107 203 71
107 190 29
108 132 55
108 137 88
108 267 56
108 269 54
108 145 67
108 151 87
108 285 85
108 290 8
108 291 83
108 292 66
108 296 79
108 172 52
108 174 62
108 188 60
108 205 91
108 212 39
108 110 40
108 248 27
108 255 72
109 256 76
109 130 55
109 261 45
109 262 10
109 266 2
109 149 8
109 155 57
109 286 39
109 163 22
109 274 82
109 172 39
109 157 85
109 204 83
109 225 37
109 226 20
109 231 2
109 237 84
109 112 48
109 254 83
110 256 62
110 140 3
110 271 29
110 282 22
110 289 76
110 298 10
110 181 26
110 182 64
110 188 37
110 205 69
110 206 87
110 209 49
110 210 65
110 216 70
110 224 63
110 115 73
110 121 25
110 124 53
110 127 8
111 269 82
111 275 14
111 281 0
111 283 76
111 159 84
111 164 27
111 171 49
111 190 90
111 215 13
111 226 56
111 237 39
111 243 56
111 247 56
111 123 3
112 131 29
112 132 43
112 137 25
112 139 39
112 269 68
112 259 93
112 149 20
112 196 46
112 237 40
112 163 37
112 298 60
112 173 42
112 174 58
112 180 75
112 181 1
112 182 45
112 184 29
112 201 73
112 208 21
112 222 49
112 231 20
112 295 8
112 120 94
112 127 68
113 132 91
113 266 8
113 271 39
113 291 0
113 295 58
113 172 81
113 200 15
113 186 56
113 206 7
113 209 16
113 221 87
113 230 66
113 234 20
113 238 96
113 240 44
113 252 100
114 258 76
114 133 9
114 264 50
114 274 16
114 283 92
114 285 75
114 289 82
114 162 31
114 201 27
114 202 96
114 216 85
114 223 37
114 144 2
114 235 4
114 246 12
114 247 18
115 129 35
115 131 87
115 150 56
115 149 76
115 278 8
115 289 71
115 202 5
115 210 49
115 213 69
115 227 27
115 235 19
115 117 76
115 248 55
115 250 90
115 251 74
115 125 57
116 260 43
116 149 10
116 157 35
116 161 29
116 290 5
116 291 43
116 167 20
116 169 48
116 172 93
116 175 59
116 178 9
116 189 4
116 201 27
116 202 96
116 203 29
116 209 7
116 212 54
116 221 57
116 230 17
116 117 56
116 118 24
116 249 55
116 127 6
117 130 88
117 261 69
117 136 97
117 269 46
117 271 74
117 150 18
117 163 58
117 186 58
117 196 78
117 268 62
117 204 19
117 205 100
117 211 41
117 223 100
117 225 59
117 227 75
117 229 55
117 231 85
117 240 79
117 140 11
117 244 54
117 251 75
117 125 65
118 256 36
118 268 60
118 272 29
118 275 54
118 157 36
118 162 24
118 168 10
118 170 0
118 299 6
118 194 15
118 212 70
118 216 8
118 296 98
118 242 81
118 147 97
118 251 50
118 127 6
119 163 53
119 237 56
119 174 40
119 255 16
119 177 75
119 227 33
119 270 18
119 287 7
119 217 68
119 219 94
119 124 40
120 131 89
120 268 32
120 259 94
120 150 57
120 286 92
120 296 89
120 175 88
120 184 30
120 185 16
120 199 35
120 230 18
120 231 38
120 241 26
120 243 30
120 124 80
120 170 5
121 263 68
121 137 3
121 143 32
121 147 0
121 149 90
121 156 18
121 231 12
121 166 36
121 171 34
121 173 13
121 184 8
121 196 11
121 203 53
121 212 72
121 213 39
121 232 65
121 235 4
122 192 15
122 258 74
122 228 46
122 197 73
122 130 6
122 236 76
122 140 100
122 205 81
122 272 9
122 150 42
122 285 65
123 256 82
123 258 24
123 265 68
123 141 54
123 270 26
123 273 40
123 277 52
123 278 79
123 152 92
123 282 17
123 285 37
123 288 49
123 166 100
123 299 28
123 192 37
123 211 23
123 226 2
123 227 13
123 244 53
123 125 35
124 134 34
124 272 76
124 145 73
124 146 46
124 153 21
124 286 96
124 292 4
124 294 95
124 168 75
124 297 86
124 173 69
124 213 44
124 219 3
124 223 82
124 226 49
124 229 77
124 231 33
124 239 65
124 125 71
125 130 0
125 263 93
125 144 97
125 135 18
125 184 100
125 205 79
125 219 90
125 255 52
126 289 10
126 131 60
126 265 91
126 146 33
126 161 35
126 173 8
126 272 39
126 180 42
126 190 55
127 256 86
127 132 6
127 139 27
127 143 7
127 155 82
127 163 18
127 167 45
127 296 36
127 169 26
127 299 53
127 183 92
127 205 98
127 211 52
127 213 40
127 231 74
127 242 64
127 246 39
127 248 76
128 265 66
128 155 66
128 283 92
128 170 55
128 171 96
128 173 63
128 177 65
128 178 95
128 179 49
128 181 56
128 186 15
128 208 5
128 212 59
128 214 47
128 221 31
128 236 84
128 298 20
129 261 20
129 136 18
129 268 53
129 145 30
129 146 64
129 150 18
129 157 62
129 164 90
129 168 36
129 169 21
129 173 1
129 180 4
129 185 95
129 190 75
129 198 94
129 202 61
129 211 95
129 223 30
130 259 43
130 135 57
130 136 32
130 270 86
130 173 75
130 158 6
130 293 59
130 168 66
130 297 8
130 174 7
130 262 17
130 196 74
130 215 75
130 226 4
131 140 93
131 142 33
131 271 56
131 276 37
131 157 47
131 179 44
131 196 58
131 197 65
131 225 25
131 242 8
132 134 3
132 263 64
132 142 61
132 278 11
132 282 83
132 160 87
132 161 84
132 170 67
132 190 59
132 289 27
132 269 63
132 209 68
132 223 57
132 231 72
132 248 46
133 257 33
133 137 97
133 140 100
133 273 18
133 278 43
133 164 43
133 299 28
133 179 95
133 188 14
133 204 17
133 238 9
133 248 55
134 231 91
134 200 34
134 236 20
134 274 38
134 146 16
134 275 99
134 183 93
134 249 42
134 273 89
134 222 5
135 256 4
135 137 48
135 266 19
135 140 9
135 272 28
135 147 96
135 276 55
135 173 16
135 268 73
135 212 63
135 242 32
135 243 17
136 267 38
136 270 54
136 155 81
136 289 52
136 296 32
136 184 1
136 192 78
136 193 55
136 201 56
136 202 95
136 206 42
136 222 73
136 225 65
136 229 72
136 233 76
136 235 60
136 242 3
136 247 56
136 252 27
136 253 39
137 264 3
137 268 51
137 275 7
137 153 41
137 162 79
137 291 16
137 294 24
137 168 96
137 170 48
137 188 45
137 214 1
137 224 15
137 242 36
138 256 14
138 299 67
138 142 67
138 272 47
138 273 19
138 279 69
138 294 85
138 295 65
138 168 34
138 171 76
138 177 51
138 270 100
138 203 4
138 206 92
138 213 56
138 234 86
138 238 32
138 250 10
139 192 67
139 155 70
139 292 70
139 163 69
139 263 38
139 203 59
139 204 92
139 251 25
139 156 66
139 253 64
140 262 62
140 256 6
140 144 57
140 148 32
140 156 21
140 171 23
140 206 60
140 208 39
140 209 75
140 253 36
141 258 8
141 145 8
141 146 41
141 219 15
141 165 9
141 297 81
141 190 53
141 208 75
141 210 14
141 212 12
141 185 18
141 224 5
141 226 3
141 235 40
142 143 30
142 260 88
142 293 13
142 299 29
142 177 7
142 179 7
142 181 43
142 182 66
142 191 56
142 200 12
142 226 98
143 257 42
143 271 7
143 167 97
143 192 36
143 200 58
143 206 30
143 211 29
143 221 63
143 226 83
143 236 44
143 241 56
143 245 33
143 247 58
143 252 85
144 258 29
144 266 67
144 272 79
144 151 47
144 165 84
144 170 70
144 174 91
144 187 51
144 188 100
144 195 44
144 198 33
144 212 95
144 215 13
144 218 88
144 232 35
144 238 78
145 154 31
145 160 17
145 161 76
145 290 43
145 221 82
145 177 18
145 201 72
145 216 24
145 220 81
145 232 30
145 235 19
145 249 86
145 255 99
146 261 68
146 276 57
146 278 1
146 279 81
146 154 91
146 155 8
146 163 100
146 284 44
146 177 88
146 202 81
146 203 56
146 219 84
146 223 23
146 228 1
146 236 47
146 239 29
146 245 30
146 247 51
146 252 16
147 271 91
147 152 13
147 167 62
147 297 61
147 173 27
147 175 10
147 195 81
147 235 52
147 240 25
147 245 99
147 246 68
147 169 27
147 250 8
147 254 59
148 265 18
148 267 98
148 272 46
148 277 59
148 281 55
148 282 48
148 297 79
148 172 30
148 186 26
148 193 33
148 198 48
148 213 74
148 228 26
148 238 56
148 247 87
148 149 64
149 262 57
149 266 33
149 284 74
149 295 55
149 174 86
149 192 26
149 197 93
149 200 50
149 218 84
149 222 66
149 238 74
149 249 45
150 162 57
150 219 31
150 292 89
150 229 69
150 296 80
150 290 14
150 206 26
150 272 38
150 180 53
150 212 9
150 159 68
151 283 46
151 287 80
151 161 96
151 169 61
151 173 36
151 190 43
151 289 51
151 205 20
151 209 11
151 220 32
151 223 6
151 229 94
151 235 38
151 237 21
151 241 46
151 254 99
151 255 76
152 299 79
152 262 24
152 266 86
152 268 48
152 271 15
152 277 38
152 279 17
152 281 0
152 197 74
152 288 97
152 161 0
152 292 33
152 298 32
152 218 31
152 228 50
152 232 33
152 233 23
152 238 84
152 239 69
152 246 20
152 249 71
152 250 52
152 255 32
153 257 99
153 286 64
153 162 49
153 297 61
153 170 6
153 173 19
153 184 83
153 187 56
153 192 19
153 200 45
153 210 31
153 211 79
153 215 26
153 217 27
153 229 66
153 239 99
153 246 1
154 262 11
154 268 85
154 284 26
154 162 91
154 294 66
154 172 9
154 173 76
154 175 62
154 176 48
154 181 96
154 182 94
154 201 94
154 183 67
154 204 79
154 291 37
154 213 43
154 215 5
154 228 82
154 252 74
155 258 85
155 267 21
155 268 51
155 271 4
155 285 3
155 299 70
155 175 90
155 177 13
155 178 57
155 288 36
155 262 71
155 198 36
155 200 81
155 208 15
155 210 76
155 233 6
155 243 71
155 191 75
156 266 44
156 276 33
156 281 85
156 283 85
156 165 74
156 176 12
156 181 6
156 189 62
156 197 77
156 218 57
156 232 45
156 238 50
156 253 16
157 262 13
157 272 47
157 259 11
157 276 86
157 289 19
157 165 97
157 166 49
157 176 58
157 181 35
157 188 58
157 190 54
157 201 72
157 220 75
157 222 67
157 223 84
157 187 48
157 242 82
157 246 19
158 228 16
158 257 20
158 204 97
158 268 96
158 207 82
158 240 75
158 278 35
158 247 38
158 244 12
158 190 34
158 255 52
159 258 80
159 269 19
159 280 25
159 282 89
159 284 73
159 285 97
159 286 95
159 288 89
159 166 40
159 171 0
159 175 30
159 176 21
159 208 56
159 213 41
159 220 5
159 221 29
159 226 35
159 234 95
159 235 92
159 236 14
159 237 54
159 238 21
159 251 52
160 259 70
160 265 33
160 274 80
160 281 78
160 293 66
160 166 33
160 169 8
160 185 73
160 262 6
160 211 97
160 224 21
160 275 43
160 246 56
160 255 8
161 256 69
161 276 73
161 277 54
161 280 7
161 288 95
161 295 2
161 297 79
161 206 55
161 215 76
161 167 16
161 242 97
161 254 99
162 278 47
162 285 82
162 287 14
162 163 32
162 165 86
162 168 100
162 179 97
162 184 50
162 203 100
162 210 69
162 213 36
162 248 9
162 250 8
163 268 16
163 169 27
163 172 2
163 201 63
163 224 78
163 228 61
163 231 97
163 234 72
163 297 96
163 249 94
163 250 74
164 267 50
164 280 55
164 288 78
164 292 27
164 178 77
164 203 61
164 205 80
164 213 34
164 221 25
164 296 8
164 246 85
164 248 50
165 265 30
165 267 46
165 272 71
165 273 90
165 275 62
165 299 28
165 182 46
165 188 29
165 199 97
165 204 58
165 206 44
165 210 89
165 239 65
166 261 8
166 262 0
166 279 77
166 273 74
166 275 9
166 278 74
166 281 61
166 282 4
166 290 84
166 295 15
166 177 81
166 196 17
166 214 78
166 250 5
166 253 85
167 287 92
167 295 91
167 182 85
167 186 15
167 191 29
167 209 63
167 211 62
167 213 2
167 244 62
168 262 88
168 264 36
168 285 49
168 288 91
168 290 47
168 296 11
168 186 48
168 213 65
168 235 22
168 240 11
168 248 78
169 265 87
169 294 25
169 295 88
169 298 32
169 224 59
169 225 25
170 256 89
170 257 92
170 273 7
170 187 57
170 214 77
170 220 32
170 221 28
170 233 82
170 253 82
171 260 28
171 293 14
171 298 3
171 285 25
171 178 0
171 181 8
171 183 13
171 187 6
171 193 81
171 210 13
171 212 20
171 233 93
172 290 47
172 294 88
172 182 68
172 186 27
172 226 59
172 210 59
172 217 36
172 211 78
173 298 55
173 178 99
173 200 0
173 216 48
173 219 8
173 221 72
173 230 40
173 251 9
174 195 34
174 296 53
174 290 3
174 181 62
174 186 68
174 221 11
175 193 18
175 262 79
175 295 41
175 206 96
175 274 36
175 271 38
175 218 14
176 260 87
176 271 90
176 283 69
176 289 87
176 295 83
176 192 9
176 206 90
176 219 7
176 225 84
176 210 67
176 245 86
177 281 16
177 181 94
177 182 94
177 185 95
177 186 40
177 187 43
177 189 3
177 193 18
177 210 81
177 218 75
178 258 69
178 262 9
178 257 9
178 264 44
178 280 35
178 285 65
178 289 47
178 182 75
178 193 59
178 216 73
178 217 49
179 257 85
179 262 29
179 267 54
179 269 62
179 275 59
179 196 56
179 198 11
179 204 3
179 211 72
179 225 80
179 259 63
180 278 0
180 269 29
180 270 98
180 280 83
180 261 37
180 199 82
180 208 85
180 248 24
180 251 55
181 257 53
181 260 10
181 272 47
181 285 87
181 294 83
181 206 63
181 207 3
181 238 16
181 250 83
181 255 73
182 272 40
182 289 61
182 296 49
182 194 15
182 198 72
182 225 79
182 227 79
182 238 64
182 239 36
182 213 66
183 290 74
183 203 78
183 296 64
183 205 27
183 273 1
183 242 80
183 244 61
183 282 54
183 200 64
183 245 1
184 272 52
184 273 70
184 281 48
184 284 56
184 240 3
184 292 23
184 297 33
184 264 97
184 188 86
184 248 32
184 229 38
184 231 81
184 241 32
185 261 89
185 266 9
185 273 17
185 262 0
185 199 65
185 222 1
185 231 75
185 237 24
185 245 91
186 270 9
186 272 0
186 277 59
186 289 80
186 265 46
186 187 72
186 192 93
186 193 71
186 200 50
186 207 74
186 221 41
186 276 6
186 234 89
186 297 66
186 249 88
186 250 40
187 276 39
187 197 4
187 208 33
187 209 38
187 219 76
187 228 11
187 298 82
187 241 61
187 243 17
187 251 54
187 252 35
188 258 89
188 276 77
188 280 58
188 204 51
188 209 87
188 210 88
188 222 65
188 229 0
188 246 79
188 247 52
189 264 30
189 271 31
189 272 20
189 278 98
189 282 35
189 284 97
189 197 26
189 199 53
189 202 13
189 205 48
189 207 33
189 210 62
189 225 98
189 231 36
189 244 98
190 268 79
190 278 45
190 284 11
190 288 4
190 204 10
190 222 38
190 223 43
190 255 36
191 263 68
191 276 9
191 279 48
191 282 40
191 290 42
191 197 52
191 208 43
191 224 1
191 239 22
191 281 70
191 253 88
192 264 52
192 196 6
192 216 83
192 242 95
192 277 47
193 256 27
193 268 91
193 259 100
193 290 55
193 298 63
193 209 6
193 213 41
193 228 42
193 240 47
193 246 59
193 234 93
193 251 23
194 249 51
194 279 63
194 238 75
194 207 80
194 243 68
194 276 87
194 247 36
194 218 81
194 297 36
194 286 12
195 289 32
195 203 60
195 261 27
195 233 93
195 247 30
195 212 33
195 283 86
196 263 57
196 269 43
196 275 50
196 278 49
196 282 7
196 291 69
196 207 1
196 211 26
196 213 84
196 225 23
196 236 44
196 239 10
196 245 93
196 252 40
197 278 12
197 279 72
197 286 33
197 287 47
197 209 51
197 238 56
197 241 52
197 254 69
197 277 25
198 266 67
198 273 1
198 285 89
198 287 0
198 296 39
198 220 1
198 240 36
198 242 98
198 244 86
198 250 19
199 256 6
199 262 96
199 269 61
199 270 80
199 271 40
199 272 63
199 278 58
199 281 11
199 282 50
199 289 82
199 297 72
199 207 20
199 215 63
199 222 71
199 223 11
199 224 94
199 225 50
199 243 5
200 258 18
200 259 88
200 269 54
200 286 1
200 236 44
200 241 17
200 242 32
200 243 38
201 265 72
201 267 0
201 271 87
201 296 85
201 211 70
201 230 77
201 231 99
201 233 98
201 234 38
201 248 49
201 249 32
202 261 73
202 266 32
202 270 20
202 276 55
202 279 31
202 284 11
202 295 49
202 298 96
202 221 100
202 220 3
202 228 46
202 246 41
202 251 85
203 258 23
203 272 7
203 279 66
203 281 76
203 282 96
203 285 46
203 286 84
203 289 55
203 209 99
203 213 11
203 218 90
203 225 1
203 246 11
204 256 19
204 260 26
204 263 73
204 269 88
204 284 16
204 267 26
204 211 85
204 223 29
204 242 0
204 248 42
204 255 38
205 256 89
205 275 99
205 290 44
205 296 62
205 208 82
205 222 23
205 231 34
205 232 49
205 255 58
206 257 14
206 261 98
206 265 14
206 274 58
206 276 45
206 294 63
206 214 13
206 216 16
206 230 52
206 237 68
206 240 96
206 241 35
207 282 3
207 265 40
207 269 54
207 208 16
207 215 97
207 251 91
208 260 18
208 287 54
208 294 7
208 224 7
208 254 37
208 255 0
209 277 36
209 283 35
209 229 93
209 230 99
209 234 82
209 255 79
210 259 4
210 260 22
210 286 51
210 287 83
210 215 62
210 218 29
210 219 82
210 229 23
211 258 33
211 268 97
211 269 17
211 274 31
211 295 73
211 286 45
211 212 0
211 217 97
211 226 80
211 229 41
211 236 0
211 241 92
211 246 53
211 254 85
212 260 96
212 276 31
212 284 55
212 289 100
212 223 71
212 231 4
212 237 90
212 244 9
212 246 44
213 256 44
213 258 36
213 284 62
213 253 56
214 231 79
214 272 46
214 250 87
215 224 87
215 264 14
215 266 90
215 235 25
215 248 6
216 262 86
216 265 62
216 287 80
216 292 9
216 296 6
216 225 36
216 241 54
216 249 44
216 250 75
217 288 87
217 219 78
217 229 53
217 226 78
217 239 48
217 278 22
218 275 85
218 277 47
218 284 47
218 298 40
218 299 84
218 231 16
218 232 66
218 248 22
219 258 12
219 268 100
219 283 68
219 226 44
219 238 59
219 243 33
220 226 19
220 293 15
220 242 55
220 268 4
220 282 94
220 251 10
221 261 55
221 264 57
221 267 38
221 274 16
221 284 22
221 286 19
221 237 91
221 250 54
221 251 83
222 262 9
222 263 88
222 275 89
222 282 5
222 284 1
222 291 89
222 293 18
222 297 57
222 239 86
222 251 15
223 263 66
223 275 2
223 260 14
223 294 11
223 299 6
223 226 29
223 229 52
223 231 32
224 273 56
224 286 49
224 287 53
224 291 46
224 225 59
224 241 96
224 249 99
224 251 86
224 253 47
225 257 87
225 263 77
225 267 1
225 270 56
225 281 97
225 294 90
225 299 64
225 237 7
225 249 46
225 253 18
226 263 81
226 279 11
226 284 17
226 289 21
226 230 48
226 241 72
227 294 53
227 279 50
227 293 34
227 281 88
228 290 18
228 292 91
228 293 87
228 298 86
228 241 9
228 245 26
228 249 17
229 269 15
229 274 54
229 283 41
229 284 91
229 285 67
229 244 95
229 240 46
229 251 84
230 292 95
230 261 89
230 233 72
230 239 50
230 287 54
230 284 49
230 293 21
231 260 87
231 293 94
231 235 88
231 244 55
231 252 85
232 261 73
232 273 99
232 290 92
232 295 55
232 272 80
232 235 17
232 240 42
232 242 50
233 256 29
233 263 84
233 269 28
233 281 48
233 282 60
233 286 78
233 287 1
233 292 25
233 296 75
233 246 53
234 259 42
234 271 45
234 277 96
234 279 2
234 281 70
234 265 3
234 291 5
234 297 3
234 242 35
235 267 41
235 269 13
235 286 94
235 295 44
235 279 55
235 237 57
235 246 73
235 264 67
236 269 19
236 250 34
236 283 5
237 256 89
237 266 96
237 269 9
237 282 40
237 285 27
237 291 85
237 294 48
237 253 45
238 250 67
239 281 37
239 282 27
239 288 77
239 299 24
239 244 67
239 246 68
240 270 99
240 284 48
240 286 30
240 275 13
240 249 53
240 255 31
241 269 19
241 274 82
241 286 21
241 291 29
241 245 26
242 293 78
242 299 21
243 269 74
243 295 87
243 298 94
243 249 48
243 252 4
244 256 98
244 257 55
244 259 50
244 264 20
244 265 45
244 295 80
245 278 96
245 283 39
245 287 75
245 274 40
246 258 2
246 296 75
246 249 92
247 264 55
247 279 60
247 280 36
248 256 99
248 257 36
248 270 68
248 280 94
248 288 91
248 294 86
248 295 6
248 297 18
248 249 86
250 280 17
250 262 99
250 251 62
251 265 26
251 274 7
251 282 9
251 286 73
251 289 65
251 291 23
251 297 93
251 298 16
252 289 36
252 275 7
252 284 20
252 286 1
253 256 40
253 261 58
253 263 80
253 270 91
253 273 90
253 298 77
254 258 36
254 264 84
254 273 35
254 293 46
255 285 39
255 293 98
256 258 78
256 299 17
256 262 45
256 279 88
256 281 52
256 284 74
256 286 25
257 264 62
257 265 21
257 266 0
257 274 65
257 282 36
257 261 77
257 295 86
257 297 52
258 264 48
258 275 58
258 290 66
259 263 10
259 291 57
259 299 44
259 284 71
260 264 76
261 290 3
261 296 90
262 263 9
262 279 42
262 296 2
263 265 39
263 268 25
263 284 61
263 295 9
264 273 61
264 292 84
266 282 7
267 291 50
267 292 82
268 286 58
268 294 44
268 297 82
268 298 77
268 291 53
269 272 35
269 295 92
269 292 22
269 298 59
270 282 73
271 277 91
271 294 13
272 281 13
273 288 63
273 298 45
274 298 91
275 280 93
275 286 32
275 288 59
276 283 80
277 278 4
277 290 93
278 287 99
278 297 30
279 295 34
279 294 94
280 298 45
280 299 28
281 295 98
282 292 47
282 294 91
283 297 47
283 299 4
284 297 9
286 288 4
286 290 17
287 299 79
288 298 65
289 296 37
