300 4000
0 1 90
0 132 26
0 6 99
0 257 15
0 11 39
0 145 49
0 146 48
0 276 76
0 155 73
0 160 51
0 162 42
0 198 5
0 295 71
0 42 43
0 174 25
0 54 16
0 55 66
0 32 63
0 67 49
0 182 46
0 70 68
0 71 66
0 72 16
0 80 67
0 81 37
0 212 76
0 223 13
0 228 66
0 241 37
0 242 92
0 243 26
0 117 82
0 122 76
1 129 10
1 132 99
1 6 78
1 128 91
1 13 86
1 142 49
1 145 11
1 146 15
1 280 26
1 262 52
1 296 5
1 41 29
1 58 75
1 61 86
1 64 53
1 70 42
1 199 55
1 72 55
1 206 69
1 84 13
1 221 46
1 225 41
1 108 77
1 240 54
1 243 32
1 117 95
1 126 97
2 64 81
2 4 1
2 12 21
2 15 41
2 150 46
2 286 66
2 288 89
2 166 97
2 167 26
2 168 72
2 169 41
2 242 58
2 48 21
2 178 68
2 179 96
2 52 26
2 30 11
2 55 79
2 185 60
2 58 9
2 191 71
2 192 67
2 193 6
2 76 36
2 215 76
2 229 86
2 103 33
2 232 82
2 111 63
2 114 49
2 244 17
2 249 56
2 122 42
2 251 36
3 8 20
3 143 35
3 158 62
3 160 30
3 292 63
3 169 82
3 180 94
3 56 21
3 58 89
3 189 22
3 191 69
3 67 31
3 76 20
3 208 62
3 82 1
3 217 5
3 105 29
3 108 91
3 238 57
3 241 3
3 119 5
3 125 88
4 257 99
4 260 39
4 6 39
4 263 51
4 138 60
4 14 2
4 271 36
4 17 68
4 110 46
4 280 3
4 281 96
4 282 53
4 290 56
4 163 7
4 165 79
4 39 64
4 298 61
4 299 74
4 174 66
4 181 99
4 183 45
4 266 82
4 62 37
4 67 90
4 196 44
4 203 94
4 162 35
4 80 2
4 213 50
4 89 91
4 223 98
4 235 53
4 238 0
4 113 1
4 115 88
4 244 48
5 256 66
5 135 20
5 267 73
5 140 74
5 142 42
5 271 93
5 144 77
5 284 36
5 38 62
5 40 21
5 42 0
5 44 68
5 185 70
5 59 44
5 195 86
5 198 99
5 201 51
5 206 15
5 82 60
5 216 47
5 229 79
5 232 91
5 106 33
5 108 30
5 253 52
5 126 79
6 265 36
6 14 97
6 273 65
6 19 58
6 285 10
6 286 79
6 32 87
6 289 97
6 35 18
6 165 29
6 168 59
6 49 21
6 9 71
6 64 46
6 65 58
6 197 93
6 213 1
6 217 25
6 95 28
6 97 68
6 243 67
6 120 94
6 122 64
6 125 56
7 9 32
7 269 85
7 151 39
7 158 9
7 32 74
7 34 90
7 36 68
7 165 19
7 166 72
7 299 17
7 174 95
7 47 68
7 178 14
7 183 16
7 187 56
7 188 86
7 245 33
7 64 59
7 65 5
7 196 86
7 77 27
7 141 40
7 81 44
7 213 31
7 220 61
7 94 7
7 95 27
7 231 78
7 241 50
7 117 28
7 120 79
8 258 30
8 262 80
8 271 68
8 156 71
8 157 59
8 161 76
8 39 45
8 178 63
8 179 10
8 56 44
8 60 64
8 63 36
8 66 23
8 69 33
8 119 42
8 206 86
8 80 84
8 184 91
8 210 63
8 85 68
8 104 35
8 110 88
8 239 46
8 245 98
8 247 74
8 249 84
8 126 78
9 272 38
9 262 52
9 291 62
9 229 64
9 10 5
9 74 58
9 75 90
9 207 22
9 175 83
9 80 63
9 81 47
9 114 23
9 179 72
9 279 24
9 26 94
9 59 11
9 124 44
9 221 9
9 63 28
10 256 88
10 133 44
10 135 42
10 271 40
10 144 93
10 273 59
10 20 13
10 278 57
10 150 57
10 282 43
10 285 10
10 158 70
10 31 70
10 35 29
10 165 96
10 40 97
10 48 68
10 187 28
10 188 91
10 207 75
10 15 3
10 94 52
10 124 29
11 139 97
11 140 47
11 142 16
11 155 88
11 160 20
11 36 30
11 295 91
11 296 56
11 172 74
11 48 36
11 179 90
11 180 70
11 57 50
11 59 32
11 202 15
11 190 3
11 67 36
11 69 4
11 71 9
11 74 20
11 210 47
11 212 52
11 223 42
11 96 38
11 233 27
11 115 74
11 116 93
11 117 68
11 120 74
12 136 38
12 258 18
12 16 55
12 147 2
12 276 17
12 21 47
12 151 11
12 286 28
12 161 77
12 174 61
12 49 20
12 53 85
12 183 89
12 56 44
12 62 50
12 192 22
12 65 27
12 70 84
12 203 53
12 99 93
12 228 44
12 111 75
12 112 39
12 114 43
12 251 28
12 124 68
12 255 61
13 134 88
13 209 65
13 268 97
13 270 27
13 273 78
13 22 62
13 279 69
13 283 48
13 285 79
13 30 78
13 37 99
13 295 58
13 297 33
13 298 73
13 299 41
13 157 47
13 50 18
13 67 36
13 202 78
13 81 27
13 215 2
13 216 18
13 228 0
13 293 58
13 224 4
13 225 31
13 98 82
13 100 11
13 101 10
13 103 32
13 167 55
13 108 25
13 115 22
13 244 38
13 118 40
13 119 22
14 261 52
14 268 26
14 142 35
14 274 80
14 152 41
14 197 62
14 289 45
14 167 62
14 168 100
14 54 33
14 196 28
14 69 94
14 76 59
14 89 97
14 91 62
14 227 64
14 233 37
14 235 52
14 240 85
14 244 74
14 246 58
14 123 75
15 129 43
15 263 59
15 270 61
15 145 26
15 283 89
15 29 13
15 293 29
15 166 2
15 39 64
15 299 75
15 138 42
15 66 91
15 67 2
15 196 67
15 71 10
15 207 4
15 142 34
15 86 96
15 37 61
15 167 36
15 240 43
15 113 58
15 243 50
15 246 92
15 248 85
15 124 42
15 253 90
16 96 60
16 19 77
16 34 77
16 227 58
16 198 84
16 70 73
16 72 40
16 202 92
16 43 51
16 80 73
16 177 70
16 115 84
16 286 54
16 246 29
16 151 79
16 187 66
16 30 75
16 296 53
17 131 47
17 134 38
17 146 3
17 21 85
17 25 44
17 157 22
17 286 40
17 291 66
17 294 28
17 40 21
17 42 76
17 174 25
17 54 76
17 63 78
17 203 42
17 228 47
17 106 21
17 108 52
17 239 96
17 114 52
17 122 79
18 129 13
18 100 25
18 69 16
18 199 99
18 137 12
18 173 18
18 206 74
18 145 46
18 114 86
18 244 46
18 86 7
18 247 62
18 89 67
18 185 46
18 157 38
18 62 43
18 95 43
19 256 86
19 133 14
19 267 85
19 26 36
19 27 9
19 285 11
19 30 93
19 32 63
19 289 67
19 167 62
19 297 50
19 174 45
19 158 96
19 60 99
19 73 40
19 74 15
19 247 52
19 98 75
19 206 68
19 79 38
19 215 15
19 89 96
19 226 80
19 103 42
19 41 76
19 250 67
19 251 17
20 128 52
20 64 37
20 129 38
20 139 24
20 275 9
20 276 20
20 152 92
20 26 43
20 159 20
20 163 0
20 294 65
20 263 54
20 48 21
20 183 20
20 187 15
20 191 73
20 192 76
20 207 72
20 208 40
20 83 37
20 94 1
20 227 31
20 235 48
20 240 40
20 248 55
20 122 44
20 253 55
21 130 100
21 264 17
21 22 71
21 23 74
21 24 93
21 281 41
21 285 70
21 162 23
21 39 70
21 297 90
21 199 90
21 50 20
21 51 67
21 64 15
21 66 88
21 70 30
21 71 11
21 140 96
21 74 65
21 82 100
21 85 22
21 86 52
21 215 48
21 222 60
21 227 3
21 233 24
21 236 78
21 238 18
21 116 95
21 252 72
22 132 70
22 261 30
22 262 31
22 138 3
22 140 88
22 272 24
22 281 85
22 159 69
22 36 98
22 295 70
22 171 67
22 48 40
22 55 87
22 186 54
22 62 46
22 202 28
22 203 19
22 81 40
22 82 96
22 87 47
22 235 77
22 238 37
22 111 44
22 254 78
23 134 63
23 139 32
23 269 80
23 274 2
23 151 46
23 280 100
23 159 10
23 290 53
23 164 2
23 165 52
23 295 4
23 43 30
23 176 74
23 53 68
23 58 64
23 69 57
23 85 97
23 214 52
23 87 18
23 94 58
23 234 41
23 108 64
23 110 42
23 111 27
23 250 33
23 251 70
23 253 18
24 96 31
24 230 30
24 66 24
24 262 2
24 68 78
24 229 95
24 134 34
24 266 77
24 107 22
24 207 56
24 79 46
24 244 16
24 247 49
24 152 59
24 25 41
24 282 17
24 251 10
24 250 35
24 286 14
25 131 1
25 135 93
25 136 39
25 140 33
25 144 45
25 149 57
25 279 2
25 155 28
25 156 45
25 287 49
25 36 36
25 165 56
25 177 99
25 56 48
25 59 82
25 65 1
25 82 73
25 83 90
25 213 11
25 214 57
25 89 4
25 222 20
25 235 26
25 108 36
25 240 49
25 241 65
25 247 82
25 126 6
25 255 72
26 256 16
26 128 88
26 258 56
26 139 89
26 165 6
26 42 54
26 107 54
26 66 38
26 238 97
26 207 2
26 80 42
26 82 85
26 180 16
26 78 71
26 143 53
26 94 11
27 260 69
27 263 96
27 265 41
27 150 52
27 31 22
27 32 35
27 34 14
27 168 56
27 72 37
27 50 97
27 180 1
27 182 3
27 188 83
27 64 50
27 200 44
27 74 65
27 78 25
27 210 90
27 215 95
27 226 52
27 100 11
27 230 39
27 105 77
27 237 85
27 114 64
27 245 78
27 246 36
27 122 28
28 260 43
28 263 37
28 137 3
28 278 10
28 156 81
28 31 12
28 35 0
28 44 13
28 174 40
28 50 65
28 287 56
28 76 56
28 202 41
28 204 44
28 291 9
28 228 15
28 221 2
28 100 64
28 101 74
28 230 99
28 231 49
28 238 69
28 116 64
28 245 81
28 125 65
28 254 92
29 214 95
29 257 16
29 99 66
29 292 63
29 246 90
29 260 65
29 231 76
29 40 69
29 135 80
29 205 71
29 142 57
29 272 51
29 136 3
29 242 25
29 212 84
29 182 67
29 249 52
29 123 20
29 167 41
29 223 77
30 133 73
30 135 40
30 266 69
30 145 76
30 286 31
30 291 1
30 37 86
30 167 41
30 168 60
30 299 75
30 44 78
30 183 32
30 59 58
30 190 48
30 69 69
30 74 41
30 210 59
30 226 81
30 273 77
31 256 3
31 128 16
31 150 68
31 65 53
31 278 96
31 159 26
31 165 91
31 295 0
31 156 97
31 62 96
31 193 96
31 71 69
31 201 33
31 203 37
31 78 88
31 37 8
31 97 80
31 101 0
31 253 48
31 113 33
31 114 43
31 243 91
31 245 79
31 125 97
32 258 60
32 259 83
32 270 73
32 281 13
32 156 89
32 287 84
32 294 0
32 168 45
32 297 93
32 299 85
32 172 78
32 173 5
32 49 91
32 55 100
32 70 45
32 201 72
32 80 11
32 211 56
32 223 30
32 226 61
32 109 56
32 240 86
32 119 59
32 122 14
33 258 88
33 131 21
33 101 10
33 264 65
33 201 78
33 266 44
33 43 47
33 108 17
33 146 64
33 285 97
33 272 57
33 177 93
33 183 98
33 213 89
33 247 21
33 127 25
33 72 69
33 251 35
33 156 44
33 159 66
33 63 80
34 256 70
34 262 49
34 267 79
34 151 10
34 282 25
34 157 84
34 290 45
34 163 30
34 293 54
34 294 60
34 167 82
34 297 12
34 44 10
34 51 51
34 63 23
34 67 30
34 203 75
34 210 5
34 291 80
34 213 23
34 88 63
34 89 21
34 218 52
34 222 76
34 100 86
34 111 71
35 263 11
35 268 56
35 145 31
35 282 38
35 155 16
35 157 70
35 287 60
35 298 25
35 46 8
35 285 92
35 72 16
35 178 7
35 51 5
35 266 42
35 191 52
35 197 27
35 200 36
35 77 68
35 89 65
35 223 0
35 96 68
35 108 10
35 119 75
35 125 47
36 256 2
36 136 58
36 151 99
36 288 47
36 292 31
36 298 68
36 43 64
36 173 56
36 49 25
36 184 54
36 63 2
36 195 76
36 71 85
36 207 13
36 84 68
36 87 77
36 225 84
36 237 92
36 264 21
37 275 83
37 277 69
37 150 44
37 279 25
37 69 35
37 167 18
37 40 90
37 58 55
37 191 54
37 64 11
37 196 42
37 197 10
37 75 64
37 208 89
37 209 93
37 221 63
37 223 73
37 80 79
37 226 4
37 106 4
37 239 5
37 120 46
37 255 42
38 257 67
38 258 91
38 187 60
38 68 98
38 70 8
38 270 10
38 226 84
38 55 61
38 45 92
38 46 78
38 109 98
38 50 22
38 115 99
38 245 39
38 247 22
38 100 50
38 123 64
38 165 53
39 256 25
39 263 55
39 138 84
39 260 74
39 285 64
39 167 97
39 168 15
39 297 77
39 47 73
39 180 0
39 183 79
39 185 70
39 58 26
39 63 27
39 77 73
39 100 69
39 110 8
39 114 46
39 246 92
39 121 57
40 257 39
40 136 70
40 146 65
40 152 20
40 284 100
40 287 87
40 177 45
40 222 57
40 184 17
40 188 16
40 202 27
40 212 2
40 217 95
40 93 9
40 94 37
40 227 41
40 236 87
40 109 22
40 125 72
41 51 97
41 263 90
41 268 84
41 269 35
41 144 25
41 149 77
41 160 18
41 161 59
41 290 66
41 50 49
41 179 7
41 214 49
41 95 3
41 228 23
41 106 73
41 119 26
41 249 58
41 123 55
41 234 23
41 277 13
42 131 67
42 139 17
42 274 33
42 282 1
42 164 98
42 186 25
42 187 93
42 87 17
42 219 42
42 220 52
42 222 11
42 224 47
42 97 19
42 228 60
42 103 79
42 105 70
42 234 8
42 239 49
42 115 10
42 255 12
43 135 11
43 265 80
43 149 3
43 278 59
43 285 46
43 159 36
43 174 49
43 157 0
43 59 9
43 66 93
43 196 5
43 72 0
43 80 69
43 85 54
43 223 18
43 110 93
43 113 66
43 243 31
43 244 5
43 124 58
44 259 0
44 262 77
44 138 22
44 141 45
44 271 32
44 275 52
44 148 42
44 149 80
44 157 47
44 158 25
44 288 79
44 289 76
44 294 61
44 298 99
44 171 33
44 201 37
44 76 8
44 212 5
44 86 20
44 215 3
44 89 18
44 218 81
44 220 76
44 221 9
44 225 62
44 101 1
44 102 61
44 112 24
44 118 65
45 288 90
45 193 91
45 115 30
45 243 78
45 166 9
45 289 51
45 200 72
45 74 38
45 107 65
45 77 58
45 109 43
45 275 6
45 269 100
45 86 44
45 183 58
45 121 26
45 187 93
45 55 48
45 69 0
46 131 18
46 278 70
46 135 72
46 267 91
46 142 17
46 271 43
46 273 27
46 150 46
46 281 42
46 283 96
46 285 62
46 261 56
46 161 100
46 49 17
46 179 11
46 53 20
46 186 30
46 63 38
46 193 65
46 66 50
46 85 84
46 220 60
46 94 23
46 96 29
46 101 98
46 240 99
46 166 61
47 130 84
47 271 17
47 274 55
47 280 30
47 159 59
47 290 52
47 169 16
47 171 87
47 48 79
47 198 5
47 200 12
47 208 64
47 209 95
47 84 14
47 91 28
47 222 37
47 95 51
47 97 50
47 227 72
47 230 91
47 253 49
48 129 86
48 259 85
48 134 98
48 141 81
48 145 94
48 295 61
48 296 74
48 176 16
48 177 66
48 180 59
48 222 4
48 184 57
48 67 50
48 77 73
48 206 37
48 81 46
48 214 49
48 88 2
48 91 10
48 92 41
48 94 30
48 96 44
48 227 15
48 248 17
48 276 94
48 127 83
49 256 73
49 142 64
49 286 28
49 294 99
49 295 2
49 172 33
49 50 53
49 183 0
49 188 8
49 64 73
49 65 25
49 67 36
49 199 12
49 268 94
49 80 11
49 212 69
49 90 47
49 91 55
49 100 72
49 166 41
49 105 25
49 167 74
49 116 88
49 117 72
49 254 15
50 133 50
50 262 64
50 135 93
50 265 63
50 153 99
50 288 6
50 298 71
50 172 92
50 175 79
50 178 90
50 179 62
50 180 28
50 182 46
50 62 35
50 191 4
50 199 36
50 74 87
50 204 7
50 216 84
50 224 29
50 230 11
50 232 46
50 105 53
50 240 64
50 249 26
50 250 18
51 256 96
51 129 95
51 259 52
51 261 62
51 155 99
51 177 30
51 183 19
51 186 37
51 187 6
51 199 23
51 200 3
51 75 34
51 207 67
51 84 94
51 85 83
51 214 64
51 220 15
51 235 8
51 236 51
51 252 38
51 125 24
52 64 96
52 258 22
52 291 42
52 132 59
52 297 52
52 170 14
52 75 27
52 290 39
52 206 35
52 239 1
52 139 68
52 277 90
52 203 30
52 265 66
52 218 80
52 92 88
52 298 67
52 95 13
53 258 72
53 131 55
53 165 80
53 135 76
53 138 77
53 139 47
53 236 16
53 240 78
53 118 47
53 247 52
53 122 69
53 219 42
53 124 55
53 157 58
54 271 16
54 147 9
54 276 16
54 149 18
54 152 45
54 285 63
54 171 37
54 65 37
54 70 87
54 74 34
54 203 28
54 210 29
54 214 39
54 215 29
54 217 48
54 93 49
54 111 68
54 245 35
54 251 99
55 128 76
55 140 22
55 216 79
55 280 22
55 153 45
55 159 92
55 289 97
55 163 17
55 167 19
55 297 5
55 176 9
55 187 0
55 202 13
55 68 80
55 200 40
55 74 31
55 207 49
55 84 91
55 88 78
55 227 92
55 105 15
55 241 36
55 242 33
55 253 24
56 134 30
56 138 0
56 141 3
56 144 79
56 152 32
56 294 61
56 297 10
56 299 53
56 178 11
56 183 67
56 62 60
56 63 78
56 64 91
56 75 88
56 204 82
56 221 12
56 94 23
56 101 57
56 244 70
56 117 62
56 118 37
57 128 32
57 139 31
57 102 1
57 167 29
57 168 51
57 137 13
57 74 55
57 173 25
57 80 55
57 87 21
57 179 13
57 235 19
57 214 7
57 170 53
57 249 33
57 282 18
57 92 69
57 266 72
57 254 16
58 260 81
58 264 12
58 138 54
58 139 30
58 152 48
58 156 50
58 162 26
58 168 42
58 169 8
58 298 30
58 172 61
58 174 0
58 68 11
58 73 26
58 75 37
58 94 82
58 293 66
58 100 31
58 101 84
58 232 50
58 242 55
58 254 44
58 251 24
58 126 14
59 132 44
59 261 8
59 140 94
59 275 91
59 284 36
59 285 75
59 293 62
59 166 50
59 113 57
59 296 99
59 173 38
59 179 5
59 187 100
59 194 85
59 75 100
59 81 27
59 83 48
59 224 100
59 294 6
59 104 2
59 238 90
59 241 6
59 122 45
60 135 45
60 265 82
60 144 63
60 146 18
60 149 21
60 284 2
60 164 32
60 298 16
60 179 18
60 224 58
60 200 34
60 203 86
60 77 35
60 88 43
60 222 19
60 96 25
60 103 14
60 105 11
60 108 71
60 114 20
60 116 82
60 117 81
61 137 66
61 273 23
61 274 8
61 148 49
61 150 69
61 281 89
61 154 14
61 157 7
61 158 46
61 176 53
61 186 78
61 192 6
61 69 19
61 79 29
61 212 17
61 221 98
61 98 32
61 99 2
61 102 53
61 236 53
61 112 83
61 120 21
61 254 89
62 258 10
62 148 43
62 277 60
62 284 65
62 291 3
62 287 21
62 196 16
62 71 61
62 200 98
62 203 48
62 217 71
62 221 63
62 222 43
62 98 54
62 100 91
62 101 87
62 233 6
62 238 6
62 250 76
62 125 96
63 257 69
63 133 22
63 140 31
63 144 25
63 146 9
63 152 95
63 287 59
63 294 28
63 222 89
63 65 43
63 68 70
63 200 32
63 201 56
63 82 62
63 221 93
63 280 72
63 268 92
64 132 97
64 265 80
64 145 68
64 277 87
64 283 25
64 164 4
64 296 64
64 175 21
64 186 70
64 191 4
64 195 37
64 206 28
64 98 11
64 229 36
64 238 55
64 246 99
64 149 6
65 257 79
65 134 31
65 147 52
65 277 25
65 150 68
65 155 24
65 295 95
65 186 78
65 66 14
65 79 22
65 212 6
65 216 58
65 240 23
65 244 19
65 248 21
65 251 57
65 255 53
66 149 83
66 257 62
66 259 84
66 262 70
66 142 7
66 276 48
66 277 69
66 279 77
66 280 61
66 164 87
66 134 2
66 170 87
66 175 6
66 191 13
66 197 63
66 198 3
66 199 22
66 221 15
66 230 65
66 232 51
66 106 35
66 104 67
66 249 14
66 123 18
67 131 43
67 133 63
67 141 84
67 270 15
67 152 28
67 281 68
67 168 78
67 297 8
67 179 15
67 189 46
67 72 44
67 204 27
67 210 95
67 213 50
67 216 83
67 90 5
67 229 82
67 224 83
67 225 6
67 101 42
67 104 31
67 108 85
67 244 39
67 119 63
67 121 85
67 255 53
68 281 98
68 288 95
68 165 13
68 170 91
68 299 1
68 93 69
68 177 29
68 188 6
68 79 64
68 86 41
68 186 100
68 94 12
68 102 69
68 232 9
68 235 93
68 238 50
68 114 45
68 245 26
68 249 22
68 124 46
68 255 94
69 128 49
69 133 64
69 135 5
69 138 78
69 275 37
69 148 3
69 280 83
69 294 43
69 175 57
69 158 80
69 185 19
69 187 77
69 192 16
69 196 51
69 205 6
69 82 47
69 219 17
69 226 80
69 101 3
69 231 99
69 105 29
69 110 13
69 189 1
69 115 72
69 254 90
70 129 65
70 139 64
70 141 20
70 272 94
70 146 14
70 275 24
70 151 7
70 287 34
70 163 87
70 175 78
70 201 20
70 204 13
70 78 45
70 93 97
70 108 74
70 240 38
70 246 16
70 251 48
70 254 4
71 264 58
71 269 9
71 142 28
71 155 66
71 160 2
71 290 97
71 293 61
71 295 44
71 296 0
71 176 97
71 194 98
71 195 47
71 79 54
71 80 21
71 211 83
71 213 98
71 214 94
71 217 93
71 227 48
71 234 98
71 244 65
71 190 32
71 118 13
71 247 2
71 255 79
72 130 76
72 262 89
72 136 25
72 267 58
72 145 10
72 275 41
72 158 83
72 163 67
72 293 100
72 167 85
72 155 16
72 180 64
72 201 22
72 76 58
72 206 59
72 208 5
72 212 9
72 85 62
72 98 2
72 273 42
72 108 67
72 112 55
72 119 55
72 254 64
73 225 49
73 162 21
73 163 13
73 292 7
73 262 26
73 103 74
73 232 96
73 235 95
73 140 34
73 238 27
73 272 69
73 264 28
73 249 23
73 280 35
73 89 76
73 168 12
73 188 27
73 190 76
74 146 14
74 287 67
74 167 13
74 168 15
74 187 39
74 190 87
74 191 8
74 194 0
74 79 69
74 80 66
74 211 94
74 87 57
74 217 79
74 219 11
74 94 17
74 96 49
74 108 5
74 275 64
74 247 90
75 256 3
75 138 94
75 146 94
75 277 60
75 159 53
75 288 43
75 167 4
75 174 48
75 175 87
75 287 31
75 183 28
75 190 62
75 199 33
75 83 7
75 89 55
75 90 50
75 221 89
75 96 64
75 226 9
75 187 22
75 232 92
75 105 17
75 295 96
75 117 66
75 248 6
75 126 90
75 127 8
76 256 25
76 129 72
76 137 97
76 138 42
76 274 40
76 148 97
76 277 19
76 285 55
76 142 37
76 176 88
76 178 50
76 265 55
76 199 42
76 183 55
76 210 23
76 213 48
76 219 4
76 221 75
76 94 14
76 226 68
76 103 87
76 236 35
76 241 71
76 250 19
76 124 20
77 256 19
77 128 89
77 146 36
77 277 95
77 284 46
77 288 62
77 289 30
77 295 99
77 168 17
77 176 17
77 80 99
77 208 27
77 227 100
77 100 90
77 101 30
77 236 8
77 241 79
77 119 31
77 253 92
77 255 71
78 261 91
78 267 88
78 270 41
78 152 60
78 156 16
78 286 57
78 169 44
78 182 6
78 195 68
78 80 95
78 89 19
78 227 23
78 228 80
78 231 89
78 233 95
78 107 36
78 117 20
78 248 48
79 265 17
79 280 7
79 156 2
79 290 81
79 291 13
79 284 48
79 298 77
79 176 30
79 179 5
79 184 39
79 188 61
79 194 91
79 85 84
79 225 20
79 98 61
79 99 95
79 100 5
79 231 38
79 232 60
79 105 80
79 234 84
79 114 42
79 245 35
79 122 88
80 259 58
80 134 80
80 135 3
80 266 5
80 150 82
80 279 34
80 161 5
80 295 69
80 138 24
80 215 91
80 216 81
80 224 24
80 99 9
80 167 43
80 113 73
80 243 55
80 247 4
81 259 33
81 138 86
81 144 32
81 146 31
81 155 83
81 289 35
81 293 51
81 296 71
81 172 11
81 184 51
81 196 36
81 205 37
81 269 43
81 211 18
81 218 48
81 94 15
81 228 49
81 231 18
81 108 44
81 248 62
81 127 22
82 128 18
82 138 58
82 140 74
82 272 83
82 274 51
82 187 17
82 189 68
82 190 56
82 204 80
82 211 94
82 84 2
82 92 2
82 231 13
82 104 1
82 236 57
82 237 13
82 115 38
82 116 22
82 251 32
82 126 76
83 263 48
83 142 27
83 276 91
83 281 33
83 157 71
83 158 67
83 292 11
83 165 1
83 296 87
83 174 30
83 178 20
83 205 31
83 211 69
83 85 30
83 219 31
83 97 63
83 238 68
83 111 66
83 117 23
83 127 31
84 161 24
84 98 14
84 179 75
84 167 15
84 297 88
84 202 73
84 199 56
84 142 84
84 216 72
84 276 38
84 248 24
84 185 93
84 153 74
84 127 80
85 262 19
85 266 63
85 267 10
85 161 14
85 290 91
85 167 89
85 296 11
85 174 26
85 178 47
85 179 54
85 244 76
85 193 25
85 210 29
85 215 42
85 225 29
85 101 21
85 231 81
85 106 20
85 111 85
85 116 22
86 258 51
86 136 76
86 265 5
86 277 99
86 154 45
86 288 38
86 164 97
86 168 94
86 298 96
86 174 25
86 271 67
86 230 37
86 238 8
86 113 27
86 244 46
86 245 34
87 106 78
87 226 70
87 131 50
87 132 16
87 261 89
87 236 81
87 237 30
87 217 24
87 276 8
87 196 18
87 249 40
87 250 90
87 287 80
87 252 40
87 125 82
88 279 82
88 193 41
88 100 68
88 262 9
88 166 0
88 167 4
88 104 96
88 137 5
88 295 86
88 236 34
88 206 99
88 216 43
88 184 62
88 251 83
88 285 94
88 254 44
89 130 64
89 140 85
89 272 5
89 132 48
89 163 96
89 295 59
89 188 67
89 189 6
89 199 55
89 205 6
89 208 15
89 206 75
89 221 42
89 95 87
89 123 11
89 228 37
89 102 48
89 231 91
89 113 62
89 117 37
89 247 82
89 251 39
90 129 37
90 260 99
90 228 67
90 231 78
90 137 9
90 269 15
90 276 8
90 214 91
90 244 38
90 154 8
90 125 20
90 254 37
91 271 56
91 144 99
91 147 24
91 149 82
91 289 6
91 162 7
91 292 68
91 173 46
91 174 69
91 182 8
91 183 66
91 203 45
91 290 60
91 209 97
91 223 60
91 227 24
91 233 61
91 118 61
91 119 6
91 121 64
91 277 58
92 226 77
92 166 99
92 199 5
92 264 87
92 201 30
92 266 70
92 235 48
92 242 81
92 213 1
92 216 97
92 154 80
92 222 36
92 277 13
93 257 76
93 131 19
93 267 49
93 271 7
93 272 33
93 279 19
93 285 93
93 297 75
93 172 35
93 177 34
93 186 88
93 191 1
93 195 53
93 96 99
93 230 96
93 235 99
93 236 69
93 238 76
93 248 63
93 252 35
93 253 8
94 132 43
94 261 56
94 262 28
94 275 2
94 278 75
94 150 30
94 293 72
94 294 3
94 176 44
94 177 1
94 99 69
94 166 91
94 236 86
94 119 78
94 253 46
95 128 72
95 132 70
95 266 52
95 144 81
95 280 86
95 153 6
95 156 44
95 167 63
95 294 40
95 295 55
95 168 74
95 182 71
95 211 55
95 220 89
95 230 12
95 104 98
95 235 63
95 108 91
95 245 25
96 130 38
96 262 92
96 266 35
96 144 35
96 273 14
96 276 74
96 281 62
96 284 92
96 176 72
96 134 85
96 297 48
96 187 91
96 192 20
96 194 28
96 197 45
96 199 55
96 207 9
96 218 51
96 219 81
96 114 11
96 127 92
97 128 86
97 240 92
97 98 69
97 123 30
97 164 52
97 135 60
97 258 73
97 269 23
97 143 39
97 112 53
97 114 59
97 215 59
97 255 1
97 159 91
98 257 77
98 136 3
98 143 45
98 151 49
98 287 20
98 164 0
98 295 63
98 169 95
98 187 4
98 101 26
98 99 99
98 229 71
98 237 23
98 111 31
98 240 47
98 113 12
98 118 13
98 251 38
99 139 99
99 270 86
99 145 53
99 148 91
99 150 51
99 153 62
99 281 88
99 159 37
99 289 99
99 290 39
99 172 18
99 173 56
99 177 48
99 205 89
99 229 13
99 102 45
99 231 65
99 244 61
99 126 97
100 128 78
100 258 46
100 260 53
100 266 86
100 147 68
100 149 20
100 151 3
100 280 71
100 284 58
100 158 71
100 283 78
100 169 93
100 298 78
100 173 89
100 182 19
100 199 10
100 221 88
100 294 6
100 110 80
100 247 51
100 253 32
100 126 74
101 269 62
101 145 64
101 278 57
101 279 23
101 291 96
101 294 1
101 181 57
101 182 60
101 185 47
101 192 72
101 219 42
101 223 71
101 118 8
101 251 99
102 259 40
102 140 73
102 145 91
102 281 28
102 156 84
102 160 19
102 166 76
102 298 24
102 171 24
102 177 97
102 183 38
102 190 13
102 197 53
102 201 39
102 202 36
102 207 19
102 219 88
102 220 88
102 222 26
102 106 13
103 259 72
103 146 52
103 148 55
103 279 60
103 290 63
103 291 70
103 170 53
103 194 72
103 195 20
103 269 11
103 214 31
103 217 64
103 219 92
103 107 98
103 112 31
103 248 25
104 132 0
104 133 2
104 134 73
104 139 43
104 283 85
104 158 61
104 160 95
104 176 75
104 264 33
104 183 27
104 192 31
104 196 9
104 197 36
104 206 94
104 217 89
104 108 56
104 239 17
104 241 41
104 244 26
104 245 100
104 248 63
105 257 96
105 258 38
105 269 34
105 272 25
105 290 22
105 179 92
105 180 70
105 208 3
105 231 3
105 113 23
105 183 24
105 254 91
106 256 50
106 129 16
106 197 88
106 263 36
106 110 16
106 239 33
106 150 45
106 253 29
106 223 50
107 265 59
107 138 46
107 146 7
107 275 95
107 151 17
107 152 16
107 158 73
107 287 75
107 164 49
107 297 12
107 174 4
107 175 76
107 186 75
107 189 45
107 193 71
107 207 34
107 212 55
107 206 85
107 228 96
107 233 75
107 274 52
107 113 35
107 254 2
108 128 24
108 134 96
108 136 69
108 137 27
108 139 99
108 282 39
108 157 90
108 261 87
108 173 44
108 174 13
108 188 90
108 206 27
108 207 89
108 208 63
108 291 4
108 214 27
108 215 13
108 218 98
108 222 76
108 224 42
108 225 74
108 226 0
108 232 23
108 239 52
108 243 64
108 246 20
108 248 80
109 160 88
109 262 41
109 203 62
109 270 27
109 175 26
109 209 10
109 243 90
109 150 4
109 185 89
109 122 89
109 246 32
109 118 98
109 255 26
110 137 36
110 138 72
110 140 36
110 269 59
110 162 6
110 166 97
110 169 59
110 183 87
110 188 60
110 195 66
110 197 84
110 228 8
110 221 22
110 237 90
110 113 53
110 114 5
110 117 72
111 263 39
111 142 49
111 146 6
111 275 58
111 149 33
111 152 62
111 177 34
111 195 24
111 196 96
111 209 91
111 211 76
111 232 60
111 112 66
112 261 20
112 142 50
112 150 52
112 158 48
112 287 27
112 295 83
112 174 9
112 175 61
112 203 16
112 208 71
112 210 75
112 223 55
112 226 71
112 229 23
112 234 25
112 242 15
112 244 17
112 122 77
113 260 35
113 265 59
113 284 35
113 288 100
113 161 80
113 290 93
113 170 23
113 210 87
113 225 17
113 232 80
113 208 74
113 118 79
113 248 29
113 251 10
114 135 47
114 138 43
114 130 21
114 270 94
114 149 49
114 152 78
114 165 5
114 166 34
114 168 91
114 192 32
114 195 38
114 199 17
114 210 81
114 213 83
114 215 21
114 222 47
114 231 67
114 233 83
114 235 39
114 239 58
114 247 18
114 250 92
114 252 78
114 254 36
115 129 73
115 261 35
115 138 88
115 147 63
115 290 64
115 174 60
115 186 6
115 217 31
115 222 33
115 229 91
115 232 80
115 233 98
115 240 28
115 119 58
115 248 42
116 128 47
116 130 46
116 151 16
116 154 38
116 287 99
116 160 48
116 162 36
116 163 42
116 294 58
116 168 37
116 299 81
116 177 37
116 185 79
116 198 64
116 209 7
116 210 71
116 244 60
117 143 12
117 276 55
117 280 22
117 282 30
117 283 42
117 159 74
117 168 36
117 182 62
117 199 73
117 204 77
117 207 4
117 211 68
117 225 3
117 234 48
117 236 67
117 250 99
117 255 78
118 258 98
118 131 37
118 133 91
118 137 61
118 277 49
118 165 49
118 175 33
118 178 82
118 180 73
118 186 5
118 191 40
118 220 87
118 122 4
118 293 9
118 229 53
118 233 21
118 236 85
118 242 18
118 247 69
118 248 18
118 250 7
118 126 99
119 131 37
119 143 80
119 144 54
119 145 27
119 195 38
119 156 91
119 292 36
119 166 19
119 168 88
119 299 91
119 177 91
119 198 38
119 269 17
119 271 26
119 227 40
119 233 12
119 237 63
120 289 92
120 267 2
120 132 1
120 133 88
120 166 20
120 141 60
120 239 42
120 209 49
120 285 12
120 246 22
120 280 1
120 159 78
120 126 73
121 147 93
121 275 31
121 130 50
121 228 71
121 294 55
121 194 56
121 233 41
121 162 7
121 238 48
121 209 45
121 149 41
121 251 55
121 157 39
121 181 22
122 264 8
122 137 75
122 258 69
122 272 96
122 146 93
122 157 49
122 289 87
122 210 74
122 236 48
122 274 83
122 244 23
123 224 12
123 228 21
123 292 51
123 170 1
123 235 86
123 204 82
123 173 20
123 144 71
123 148 11
123 297 44
123 252 23
123 189 62
124 193 5
124 191 33
124 195 78
124 264 74
124 236 83
124 242 48
124 208 5
124 178 74
124 214 57
124 248 51
124 283 80
124 219 92
124 277 96
125 132 80
125 143 25
125 160 3
125 289 21
125 299 38
125 177 11
125 182 12
125 184 32
125 191 67
125 288 61
125 212 57
125 244 56
125 255 16
126 262 5
126 138 21
126 144 29
126 145 87
126 278 5
126 283 36
126 172 79
126 176 7
126 184 66
126 191 89
126 206 37
126 226 81
126 232 59
126 234 13
126 236 47
126 251 26
126 254 67
127 128 46
127 228 89
127 278 66
127 136 0
127 243 43
127 182 92
127 285 17
128 132 62
128 261 54
128 138 67
128 142 58
128 149 39
128 169 57
128 186 64
128 194 61
128 211 78
128 241 36
128 255 84
128 252 97
129 258 90
129 257 57
129 136 69
129 265 28
129 139 53
129 280 80
129 152 33
129 158 31
129 160 95
129 291 51
129 198 35
129 294 24
129 173 43
129 186 14
129 191 99
129 197 54
129 209 87
129 271 8
129 244 50
129 245 29
129 251 68
130 288 42
130 208 42
130 290 78
130 163 33
130 234 4
130 267 34
130 142 46
130 271 54
130 214 65
130 250 23
130 175 55
130 149 71
131 260 100
131 265 3
131 267 2
131 272 68
131 275 86
131 153 70
131 285 80
131 163 39
131 175 34
131 179 5
131 196 29
131 198 65
131 206 42
131 222 27
131 224 51
131 233 31
131 236 20
131 239 65
131 242 88
131 255 77
132 258 18
132 134 24
132 263 56
132 267 0
132 270 93
132 276 17
132 286 9
132 163 18
132 293 69
132 296 3
132 171 11
132 175 15
132 187 46
132 188 79
132 189 67
132 196 17
132 199 94
132 208 78
132 211 38
132 230 87
132 236 52
132 242 69
133 258 35
133 135 97
133 265 28
133 270 46
133 271 74
133 273 32
133 148 29
133 286 22
133 288 36
133 299 22
133 179 88
133 184 30
133 187 45
133 197 50
133 199 11
133 235 42
133 236 74
133 237 23
134 263 70
134 282 51
134 284 12
134 174 89
134 195 9
134 200 25
134 203 92
134 212 41
134 217 14
134 223 89
134 232 64
134 239 41
135 299 29
135 270 89
135 145 2
135 156 59
135 158 1
135 166 58
135 167 67
135 242 95
135 175 4
135 183 12
135 185 0
135 193 18
135 196 47
135 244 39
135 255 13
136 263 96
136 142 22
136 148 88
136 279 63
136 280 93
136 289 5
136 163 25
136 196 48
136 202 39
136 216 7
136 224 83
136 234 63
137 138 54
137 267 59
137 271 48
137 274 57
137 150 23
137 153 41
137 159 71
137 288 50
137 297 58
137 299 53
137 177 18
137 198 84
137 201 72
137 206 34
137 220 31
137 223 99
137 228 16
137 238 93
137 249 38
137 251 21
138 261 96
138 140 43
138 146 57
138 283 39
138 286 29
138 265 91
138 194 1
138 216 52
138 237 23
138 241 99
138 246 49
139 236 76
139 151 64
139 143 46
139 146 100
139 277 29
139 278 7
139 285 19
139 180 65
139 164 3
139 165 4
139 295 70
139 182 52
139 192 14
139 204 94
139 210 88
139 291 52
139 220 3
139 223 42
139 225 51
139 237 21
139 148 68
140 262 89
140 270 69
140 146 52
140 279 38
140 283 95
140 199 76
140 215 12
140 224 74
140 240 30
140 246 31
140 247 18
141 259 10
141 262 40
141 270 43
141 272 82
141 154 62
141 282 5
141 161 85
141 172 80
141 180 47
141 194 25
141 198 94
141 210 35
141 218 56
141 226 25
141 254 68
141 255 43
142 266 31
142 283 91
142 284 6
142 162 100
142 164 24
142 165 51
142 299 19
142 267 30
142 198 83
142 224 79
142 241 37
143 266 37
143 270 33
143 273 74
143 150 3
143 157 61
143 172 46
143 285 18
143 181 9
143 189 20
143 200 76
143 202 85
143 203 65
143 215 7
143 243 25
143 245 15
143 248 21
144 272 70
144 275 35
144 150 28
144 156 2
144 160 17
144 163 69
144 293 67
144 299 77
144 190 80
144 194 66
144 203 91
144 221 8
144 165 48
144 209 42
145 262 40
145 267 56
145 286 92
145 292 32
145 296 51
145 184 11
145 197 69
145 230 30
145 255 28
146 256 5
146 279 15
146 154 60
146 177 28
146 178 12
146 183 25
146 186 8
146 192 78
146 193 64
146 194 51
146 203 79
146 210 52
146 212 47
146 239 44
146 245 11
146 246 60
146 247 10
146 255 90
147 292 90
147 150 46
147 211 99
147 233 28
147 202 50
147 178 44
147 149 40
147 216 21
147 156 53
147 157 55
147 255 81
148 272 90
148 154 29
148 161 100
148 162 70
148 165 4
148 168 2
148 171 1
148 176 58
148 179 83
148 200 38
148 214 13
148 224 58
148 236 66
148 240 97
148 244 77
148 246 62
148 248 39
148 255 42
149 155 64
149 159 25
149 283 89
149 166 8
149 185 32
149 186 96
149 205 100
149 214 28
149 231 34
150 258 92
150 269 65
150 278 2
150 279 34
150 280 85
150 282 95
150 288 28
150 163 23
150 171 1
150 185 16
150 266 7
150 209 66
150 231 43
150 232 57
150 244 58
150 246 38
150 253 18
150 255 51
151 256 21
151 262 52
151 283 87
151 156 14
151 160 72
151 296 51
151 171 63
151 172 28
151 244 25
151 188 15
151 193 75
151 194 20
151 204 8
151 237 4
151 252 79
152 271 34
152 273 94
152 162 13
152 188 76
152 196 81
152 197 39
152 206 5
152 221 60
152 191 54
152 243 71
152 251 92
152 255 97
153 224 60
153 225 99
153 200 97
153 233 35
153 170 79
153 204 21
153 288 92
153 272 93
153 209 10
153 277 24
153 190 38
154 283 60
154 292 36
154 200 86
154 202 43
154 235 48
154 172 58
154 207 89
154 177 59
154 182 90
154 155 94
154 282 86
154 197 82
155 164 31
155 169 14
155 170 97
155 173 76
155 176 80
155 194 59
155 195 86
155 196 41
155 201 88
155 203 18
155 205 6
155 291 41
155 212 81
155 218 48
155 221 76
155 222 10
155 239 71
155 242 34
155 243 46
155 251 42
156 259 28
156 262 7
156 267 45
156 270 50
156 277 6
156 159 31
156 288 38
156 291 57
156 292 1
156 165 92
156 295 55
156 297 86
156 205 60
156 208 84
156 163 53
156 207 26
156 220 13
156 227 81
156 236 25
156 240 84
156 245 31
157 158 53
157 160 79
157 292 31
157 169 72
157 176 92
157 186 17
157 207 24
157 213 74
157 217 49
157 218 71
157 286 89
157 227 38
158 258 3
158 273 96
158 162 18
158 164 91
158 293 23
158 168 47
158 191 21
158 195 25
158 211 84
158 221 45
158 224 40
158 236 18
158 239 1
159 256 17
159 268 12
159 175 82
159 164 12
159 187 90
159 210 83
159 220 8
159 226 53
159 238 55
159 242 23
160 264 99
160 268 87
160 237 14
160 272 30
160 281 35
160 289 84
160 167 52
160 175 42
160 191 75
160 196 40
160 205 98
160 209 16
160 236 47
160 249 9
161 261 41
161 270 75
161 275 98
161 282 52
161 294 28
161 167 55
161 178 47
161 190 64
161 210 69
161 220 68
161 229 7
161 235 39
161 276 65
161 250 5
162 258 77
162 268 7
162 271 49
162 163 64
162 183 35
162 188 75
162 191 49
162 193 0
162 200 43
162 203 69
162 206 37
162 210 93
162 213 28
162 218 57
162 227 99
162 231 57
162 255 42
163 263 64
163 166 58
163 194 20
163 204 93
163 215 95
163 223 34
163 238 28
163 247 54
164 266 78
164 167 38
164 168 85
164 189 54
164 201 100
164 208 37
164 227 42
164 170 90
164 254 96
165 268 56
165 283 57
165 176 69
165 208 17
165 217 8
165 272 29
165 249 58
166 263 85
166 270 66
166 272 63
166 275 47
166 281 36
166 288 46
166 174 40
166 181 7
166 182 56
166 184 91
166 197 76
166 222 76
166 211 68
166 217 38
166 230 4
166 242 98
166 235 48
166 246 20
167 256 91
167 204 49
167 290 49
167 208 42
167 224 98
167 228 49
167 234 2
167 295 46
167 244 72
167 246 57
168 257 2
168 263 40
168 279 95
168 282 87
168 285 98
168 242 72
168 174 85
168 203 79
168 204 62
168 216 18
168 218 31
168 226 82
168 240 67
168 241 81
169 256 94
169 294 2
169 178 14
169 298 23
169 234 89
169 299 39
169 173 100
169 273 27
169 242 43
169 283 63
170 272 83
170 275 17
170 280 74
170 196 61
170 290 28
170 172 46
170 178 22
170 193 17
170 200 93
170 227 30
170 234 32
170 238 8
170 252 5
170 253 30
171 226 27
171 198 25
171 232 62
171 233 21
171 235 44
171 260 32
171 251 31
171 255 5
171 223 30
172 275 64
172 282 76
172 173 77
172 196 4
172 197 33
172 200 34
172 213 46
172 186 9
173 261 14
173 257 35
173 271 73
173 278 52
173 286 44
173 206 57
173 227 21
173 221 96
173 233 4
173 235 5
173 240 51
173 248 99
173 255 81
174 276 45
174 279 41
174 283 33
174 193 39
174 199 86
174 227 53
174 229 97
174 232 7
174 249 54
174 251 76
175 266 81
175 272 43
175 275 37
175 260 47
175 286 97
175 289 16
175 198 69
175 183 83
175 196 52
175 224 87
175 226 57
175 228 48
176 259 81
176 282 33
176 178 74
176 191 65
176 196 38
176 198 76
176 213 77
176 215 68
176 230 99
176 233 51
176 239 31
177 262 49
177 273 95
177 281 9
177 187 19
177 192 66
177 193 34
177 205 7
177 214 9
177 229 70
177 272 3
177 230 54
177 238 78
177 249 21
178 261 16
178 269 73
178 272 25
178 280 59
178 289 17
178 296 17
178 193 95
178 195 28
178 196 23
179 272 34
179 282 79
179 283 1
179 296 88
179 299 2
179 205 83
179 210 46
179 222 6
179 226 87
180 258 61
180 268 1
180 273 34
180 296 78
180 186 43
180 191 18
180 192 62
180 194 51
180 219 49
180 233 95
180 234 28
180 241 71
180 249 89
181 228 35
181 201 62
181 204 75
181 214 55
181 283 49
181 253 65
182 257 55
182 258 93
182 271 57
182 253 93
182 226 45
182 239 76
182 243 80
183 273 76
183 276 32
183 291 14
183 292 31
183 206 16
183 207 30
183 223 37
183 227 81
183 231 84
184 256 10
184 270 92
184 283 42
184 186 63
184 188 34
184 195 83
184 209 14
184 207 26
184 216 16
184 226 16
184 227 40
184 229 69
184 236 56
184 243 13
184 244 85
184 248 59
184 249 20
185 235 49
185 228 97
185 296 28
185 264 48
185 242 59
185 245 37
185 190 28
186 272 49
186 294 46
186 197 93
186 200 10
186 203 24
186 211 41
186 225 10
186 230 74
186 240 93
186 245 2
186 247 59
186 248 92
187 288 68
187 296 44
187 202 56
187 233 33
187 241 86
187 247 32
187 251 46
188 269 90
188 275 79
188 278 60
188 293 81
188 294 21
188 298 66
188 200 38
188 240 12
188 254 75
189 256 97
189 263 3
189 200 37
189 291 25
189 213 34
189 246 83
189 247 23
189 280 62
189 299 56
190 262 86
190 200 14
190 203 21
190 269 53
190 273 11
190 280 65
190 282 30
190 296 79
191 285 92
191 292 78
191 291 47
191 214 66
191 217 27
191 225 7
191 226 1
192 259 71
192 260 18
192 270 43
192 280 58
192 197 62
192 293 58
192 299 67
192 198 62
192 221 53
192 229 6
192 230 51
192 231 36
192 243 48
192 246 80
192 250 51
193 256 87
193 268 76
193 281 30
193 284 53
193 207 67
193 211 12
193 219 24
193 224 36
193 249 49
194 296 47
194 201 79
194 213 3
194 223 38
194 231 73
194 251 1
195 259 24
195 265 21
195 207 38
195 211 29
195 237 33
196 265 90
196 296 67
196 298 74
196 200 89
196 224 34
196 225 25
196 254 38
197 257 30
197 267 83
197 285 32
197 297 95
197 210 26
197 270 55
197 280 46
197 240 92
198 260 6
198 263 16
198 264 98
198 259 45
198 281 0
198 282 75
198 212 85
198 213 58
198 222 34
198 230 17
199 257 45
199 282 86
199 293 48
199 294 28
199 296 34
199 298 41
199 268 14
199 202 99
199 222 98
199 243 31
199 247 9
199 250 28
199 252 79
200 282 86
200 287 86
200 294 94
200 249 17
200 250 55
200 254 61
201 256 53
201 259 14
201 278 69
201 291 54
201 205 11
201 221 94
201 230 64
201 240 87
201 242 88
201 245 76
201 253 0
202 259 39
202 278 81
202 293 69
202 209 3
202 215 22
202 219 34
202 223 6
202 235 28
202 251 56
203 268 83
203 282 26
203 216 69
203 220 86
203 221 71
203 272 30
203 236 83
203 243 94
203 247 44
203 249 12
204 261 10
204 271 48
204 273 88
204 279 68
204 284 16
204 207 50
204 222 38
204 241 64
204 242 91
204 246 78
204 247 25
205 227 72
205 241 80
205 270 85
205 240 32
205 276 57
205 206 83
205 219 48
205 247 52
206 273 50
206 287 88
206 292 58
206 293 28
206 208 90
206 223 68
206 235 39
206 242 95
207 264 31
207 270 74
207 274 18
207 287 23
207 298 37
207 299 20
207 208 40
207 209 45
207 211 22
207 214 98
207 215 58
207 216 8
207 271 41
207 221 54
207 239 29
207 241 52
207 243 86
207 247 79
207 250 6
208 262 69
208 269 92
208 217 66
208 290 58
208 214 65
208 218 81
208 226 5
208 231 51
208 232 94
208 238 19
208 239 94
208 242 12
208 248 50
208 249 24
209 261 12
209 271 32
209 269 50
209 290 73
209 228 52
209 251 94
209 253 34
209 254 72
210 273 15
210 275 5
210 284 58
210 283 26
210 293 35
210 295 46
210 298 38
210 299 91
210 212 58
210 218 98
210 219 51
210 238 58
210 243 96
210 254 8
211 273 88
211 279 50
211 289 13
211 286 75
211 216 34
211 219 27
211 238 65
211 246 27
212 258 66
212 266 61
212 269 82
212 279 85
212 280 19
212 288 99
212 213 18
212 251 16
213 265 18
213 281 67
213 242 79
213 218 86
213 232 58
213 243 64
213 247 20
214 259 66
214 287 33
214 292 49
214 293 66
214 224 63
214 251 88
214 255 50
215 287 42
215 290 1
215 295 66
215 297 25
215 242 23
215 219 41
215 222 100
215 228 21
215 249 4
216 267 56
216 280 88
216 284 55
216 269 30
216 217 76
216 235 42
216 246 53
217 290 15
217 295 82
217 234 10
217 231 20
217 238 100
217 243 40
217 244 30
217 248 16
217 250 74
218 270 38
218 284 25
218 287 95
218 289 81
218 222 59
218 246 96
218 249 63
218 252 26
219 265 87
219 278 64
219 240 42
219 249 79
220 289 59
220 226 35
220 259 48
220 291 55
220 235 69
220 262 88
221 259 71
221 276 25
221 244 78
222 256 73
222 272 49
222 278 51
222 287 25
222 290 78
223 269 18
223 293 98
223 231 90
223 235 14
224 258 32
224 236 21
224 268 78
224 270 95
224 280 69
224 284 67
224 296 17
224 276 75
224 252 20
225 292 91
225 293 10
226 257 9
226 274 58
226 283 79
226 230 9
226 238 83
226 250 73
227 287 41
227 290 17
227 234 36
227 240 10
227 246 42
227 276 23
228 262 23
228 266 83
228 274 6
228 276 51
228 289 54
228 299 18
228 239 69
228 253 67
229 260 44
229 264 58
229 265 49
229 283 99
229 291 28
229 234 4
229 240 17
229 242 4
229 250 85
229 252 58
230 264 14
230 282 14
230 298 83
230 244 82
230 254 83
231 268 20
232 260 60
232 263 64
232 264 70
232 287 39
232 290 2
232 295 21
232 233 22
232 253 82
232 255 18
233 265 40
233 266 9
233 268 19
233 249 92
234 259 83
234 269 79
234 275 71
234 278 42
234 299 83
234 238 64
235 280 16
235 292 2
235 294 83
236 257 14
236 265 40
236 275 32
236 278 56
236 279 33
236 284 31
236 299 49
236 259 72
236 248 46
237 260 48
237 263 81
237 264 61
237 287 66
237 290 69
237 293 3
237 297 84
237 299 92
237 267 31
237 250 21
238 290 42
238 292 15
238 299 10
239 293 29
239 252 2
240 263 21
240 274 72
240 289 85
240 293 67
240 257 5
240 255 64
241 264 15
241 278 30
241 281 48
241 284 71
241 290 20
241 295 6
241 254 75
242 257 67
242 277 51
242 248 43
242 249 55
243 265 83
243 290 4
243 244 1
243 253 87
244 280 18
244 248 7
244 250 19
244 252 23
244 254 89
245 273 0
245 287 46
245 250 52
246 258 61
246 261 52
246 286 90
246 298 5
247 262 28
247 270 27
247 275 56
247 281 33
247 288 52
248 260 80
248 270 81
248 277 24
248 280 63
248 283 30
248 251 37
249 262 2
249 263 45
249 269 87
249 298 42
249 258 35
249 250 22
250 263 56
250 291 1
250 292 59
250 295 54
250 252 100
251 256 35
251 259 77
251 267 16
251 286 92
251 292 23
251 293 16
252 262 23
252 264 80
252 267 76
252 284 2
252 254 27
253 265 50
253 288 0
253 295 27
254 260 31
254 270 63
254 273 14
254 292 20
255 270 87
255 277 57
255 290 54
256 286 40
257 266 53
257 277 49
257 278 78
258 275 30
258 291 94
258 289 11
259 276 86
259 296 74
260 281 96
260 287 99
260 293 87
260 297 41
260 295 1
261 268 32
261 283 50
261 289 38
261 290 91
261 291 62
262 267 98
262 282 7
262 265 48
263 287 71
263 288 43
263 296 32
264 271 13
264 294 48
265 269 25
266 278 8
266 275 71
266 285 24
267 291 37
267 298 47
267 290 10
268 271 94
268 273 43
268 276 39
268 285 70
268 290 82
268 269 96
269 276 44
269 285 89
269 287 86
269 289 33
270 281 26
270 294 21
271 272 58
271 275 96
271 278 80
271 293 100
271 296 38
272 299 94
273 279 4
276 286 51
276 295 93
277 288 91
277 291 56
278 281 98
278 290 8
278 297 30
279 281 0
279 283 3
279 288 8
279 290 36
279 293 7
280 284 87
280 297 68
280 298 73
281 285 20
283 284 93
284 288 14
284 296 8
284 295 64
285 299 64
288 295 62
290 298 61
291 297 15
293 294 97
293 297 23
294 295 61
297 299 59
