300 4000
0 6 75
0 8 43
0 12 37
0 147 78
0 286 58
0 33 31
0 35 28
0 171 57
0 181 20
0 56 25
0 58 100
0 195 24
0 76 28
0 206 1
0 207 79
0 210 86
0 91 39
0 93 29
0 98 86
0 232 88
0 236 32
0 243 41
0 244 98
0 245 55
0 255 69
1 258 94
1 278 76
1 136 85
1 10 10
1 11 11
1 148 8
1 22 83
1 283 38
1 284 55
1 32 6
1 49 72
1 182 73
1 55 31
1 184 75
1 57 40
1 186 90
1 63 49
1 68 75
1 201 43
1 76 8
1 82 51
1 216 48
1 227 100
1 103 76
1 116 2
2 128 52
2 130 29
2 135 21
2 9 1
2 268 14
2 143 5
2 19 78
2 276 94
2 278 91
2 27 55
2 37 39
2 296 78
2 170 0
2 175 76
2 178 88
2 51 34
2 60 26
2 191 87
2 192 34
2 76 37
2 79 54
2 216 95
2 217 19
2 227 29
2 228 93
2 117 34
2 118 6
2 124 52
2 125 38
2 254 3
3 5 90
3 137 53
3 140 29
3 270 33
3 147 9
3 154 60
3 155 75
3 156 57
3 30 69
3 160 86
3 289 33
3 290 35
3 164 85
3 54 83
3 265 38
3 59 20
3 60 56
3 68 91
3 199 37
3 72 2
3 202 49
3 78 59
3 102 2
3 105 86
3 238 27
3 111 45
3 112 4
3 243 53
3 254 7
4 112 49
4 258 10
4 70 89
4 295 3
4 105 97
4 106 15
4 75 38
4 44 2
4 211 85
4 93 63
4 239 16
4 80 71
4 179 66
4 149 99
4 217 42
4 220 26
4 170 66
4 62 36
4 159 65
5 262 42
5 19 6
5 151 14
5 285 36
5 158 95
5 34 100
5 37 59
5 168 5
5 182 69
5 57 77
5 59 85
5 60 60
5 62 40
5 192 27
5 84 87
5 165 69
5 231 76
5 108 95
5 110 77
5 120 89
5 123 9
6 129 43
6 133 9
6 139 88
6 272 99
6 148 3
6 154 79
6 159 55
6 294 64
6 299 8
6 177 46
6 180 83
6 54 96
6 57 30
6 95 15
6 231 45
6 238 93
6 239 33
6 114 62
6 244 22
6 119 83
6 122 58
7 131 37
7 134 48
7 10 19
7 11 2
7 268 7
7 15 54
7 144 63
7 145 88
7 149 4
7 279 75
7 281 45
7 157 88
7 34 33
7 167 14
7 170 72
7 266 88
7 61 14
7 67 13
7 68 53
7 207 90
7 82 66
7 214 96
7 90 45
7 97 35
7 228 41
7 232 96
7 234 82
7 240 20
7 244 11
7 117 57
7 121 48
8 129 74
8 145 91
8 153 51
8 285 55
8 164 87
8 38 94
8 170 19
8 172 61
8 176 39
8 178 10
8 55 96
8 200 27
8 209 59
8 220 91
8 228 57
8 233 89
8 234 69
8 113 79
8 248 98
8 249 23
8 123 0
9 261 83
9 262 9
9 12 5
9 19 13
9 148 62
9 149 69
9 280 0
9 30 32
9 32 91
9 37 47
9 297 15
9 299 79
9 46 63
9 177 10
9 180 29
9 52 4
9 187 79
9 62 69
9 246 15
9 71 63
9 200 25
9 202 69
9 80 62
9 83 12
9 84 31
9 87 37
9 219 30
9 98 44
9 227 50
9 102 44
9 104 71
9 106 73
9 235 78
9 118 13
9 121 35
10 258 47
10 261 75
10 139 9
10 142 46
10 271 36
10 145 37
10 26 52
10 283 14
10 30 20
10 292 55
10 166 98
10 39 6
10 176 12
10 50 74
10 65 54
10 70 64
10 76 49
10 143 74
10 231 40
10 233 60
10 238 74
10 255 47
11 132 61
11 136 91
11 266 91
11 267 26
11 269 47
11 143 70
11 145 90
11 147 90
11 156 12
11 33 6
11 164 93
11 167 28
11 296 21
11 43 37
11 46 32
11 48 17
11 181 68
11 183 57
11 58 30
11 187 6
11 138 44
11 193 5
11 66 12
11 70 73
11 199 8
11 208 42
11 86 32
11 89 89
11 227 89
11 244 74
11 247 80
11 123 20
11 125 4
12 14 37
12 273 70
12 20 1
12 26 63
12 284 11
12 289 40
12 299 39
12 54 49
12 62 71
12 197 36
12 199 92
12 80 48
12 213 87
12 215 69
12 92 66
12 102 65
12 230 39
12 110 47
12 239 35
12 119 61
13 258 26
13 135 19
13 175 61
13 271 34
13 273 61
13 147 88
13 148 48
13 282 10
13 283 45
13 157 46
13 286 31
13 287 66
13 48 23
13 291 26
13 285 53
13 176 82
13 49 0
13 65 98
13 71 29
13 203 41
13 205 98
13 82 88
13 84 51
13 214 87
13 88 77
13 223 38
13 229 51
13 115 65
13 248 5
14 257 100
14 134 42
14 263 8
14 109 31
14 17 33
14 275 49
14 149 62
14 152 82
14 293 58
14 172 14
14 181 92
14 63 72
14 71 36
14 207 47
14 81 43
14 216 21
14 222 28
14 232 90
14 234 96
14 235 81
14 237 27
15 289 76
15 259 31
15 294 52
15 60 64
15 74 3
15 173 54
15 29 25
15 48 11
15 145 23
15 52 31
15 57 49
15 121 52
15 185 17
15 239 65
15 188 98
15 157 73
15 126 41
16 258 26
16 136 13
16 144 67
16 17 79
16 279 99
16 155 64
16 284 40
16 286 75
16 159 61
16 288 98
16 166 7
16 169 69
16 185 47
16 62 49
16 73 47
16 204 10
16 85 14
16 214 90
16 96 12
16 225 27
16 102 98
16 233 98
16 76 52
16 253 6
17 290 85
17 35 11
17 166 47
17 227 0
17 233 13
17 266 63
17 171 7
17 108 91
17 285 72
17 145 11
17 42 31
17 148 58
17 206 21
17 55 74
17 152 27
17 89 100
17 74 20
17 46 2
18 259 64
18 260 39
18 147 54
18 150 76
18 279 6
18 28 77
18 157 13
18 31 58
18 38 40
18 41 5
18 49 79
18 60 57
18 192 86
18 65 87
18 66 50
18 67 53
18 204 90
18 215 83
18 217 1
18 228 73
18 101 88
18 119 73
19 257 38
19 145 78
19 281 46
19 26 21
19 156 46
19 168 7
19 181 16
19 54 9
19 58 38
19 187 29
19 188 76
19 66 96
19 68 87
19 70 35
19 77 63
19 78 16
19 88 100
19 89 87
19 227 38
19 100 45
19 273 89
19 107 55
19 241 31
19 119 85
19 127 37
20 136 73
20 111 88
20 151 35
20 152 17
20 283 92
20 157 79
20 31 81
20 160 62
20 291 48
20 38 20
20 295 74
20 47 25
20 50 72
20 51 94
20 181 8
20 62 1
20 64 81
20 194 35
20 71 13
20 74 40
20 205 82
20 210 25
20 88 3
20 90 67
20 221 73
20 229 69
20 230 78
20 108 66
20 239 10
20 117 77
20 251 65
20 125 22
21 257 14
21 268 11
21 148 91
21 280 18
21 281 37
21 176 18
21 165 16
21 295 37
21 48 15
21 51 87
21 181 37
21 183 80
21 58 13
21 187 61
21 61 91
21 77 63
21 207 46
21 216 31
21 79 23
21 92 10
21 97 96
21 227 53
21 234 29
21 108 19
21 253 5
21 248 88
21 255 39
21 125 2
21 126 29
21 127 73
22 128 96
22 107 2
22 257 86
22 266 45
22 140 54
22 273 49
22 24 7
22 287 0
22 41 98
22 170 98
22 172 25
22 175 97
22 50 15
22 190 50
22 63 29
22 64 9
22 194 72
22 67 26
22 203 29
22 213 97
22 233 42
22 235 75
22 241 97
22 123 91
22 125 11
22 254 84
23 130 68
23 131 52
23 136 32
23 142 58
23 143 71
23 259 82
23 149 44
23 24 12
23 29 44
23 30 7
23 31 98
23 162 82
23 40 73
23 169 66
23 171 64
23 47 21
23 54 27
23 59 97
23 71 28
23 218 67
23 95 90
23 96 80
23 231 4
23 110 20
23 114 71
23 243 14
23 249 36
24 135 78
24 264 32
24 142 34
24 145 55
24 278 9
24 151 33
24 280 77
24 285 7
24 32 44
24 33 14
24 176 19
24 185 73
24 59 76
24 75 77
24 210 25
24 96 98
24 102 12
24 104 23
24 111 18
24 115 0
24 245 85
24 120 41
24 122 24
24 253 81
25 274 52
25 279 43
25 281 9
25 155 55
25 285 98
25 164 3
25 38 60
25 39 80
25 199 13
25 44 58
25 47 49
25 176 1
25 178 89
25 56 32
25 63 47
25 71 77
25 202 39
25 78 93
25 81 23
25 206 23
25 215 2
25 221 84
25 225 3
25 106 91
25 108 97
25 241 68
25 118 52
25 250 32
25 253 57
25 85 20
26 132 10
26 266 26
26 140 4
26 159 99
26 161 95
26 164 23
26 294 66
26 299 88
26 175 14
26 179 3
26 55 27
26 190 72
26 74 100
26 78 18
26 210 72
26 83 63
26 96 56
26 239 24
26 116 31
26 118 96
26 251 30
27 132 4
27 274 27
27 163 81
27 38 63
27 171 67
27 44 94
27 45 27
27 54 36
27 184 94
27 188 37
27 61 93
27 63 48
27 195 52
27 202 8
27 206 73
27 80 69
27 227 98
27 212 8
27 225 43
27 99 55
27 100 50
27 231 32
27 104 89
27 114 73
27 119 7
27 253 45
28 266 53
28 143 65
28 147 60
28 150 5
28 29 66
28 286 87
28 163 34
28 36 20
28 171 17
28 172 32
28 53 15
28 55 84
28 74 32
28 77 52
28 206 90
28 81 48
28 82 33
28 84 55
28 99 92
28 229 24
28 107 16
28 237 71
28 111 19
28 243 42
28 117 95
29 269 37
29 148 51
29 157 63
29 162 57
29 91 29
29 166 53
29 40 81
29 169 50
29 176 50
29 177 80
29 50 50
29 55 56
29 60 90
29 194 71
29 205 71
29 90 22
29 271 30
29 101 38
29 105 30
29 109 1
29 233 95
29 122 38
30 257 14
30 135 46
30 138 55
30 268 31
30 142 64
30 275 3
30 276 7
30 34 13
30 165 71
30 39 20
30 41 85
30 45 25
30 46 92
30 47 9
30 176 49
30 50 13
30 54 84
30 59 83
30 190 81
30 75 20
30 120 75
30 211 34
30 226 16
30 231 26
30 295 39
30 111 69
30 242 57
30 119 28
30 248 46
30 253 39
31 258 37
31 262 96
31 264 95
31 265 22
31 266 2
31 268 40
31 141 35
31 144 31
31 145 33
31 274 32
31 275 28
31 280 0
31 32 77
31 161 93
31 174 51
31 176 97
31 53 51
31 96 58
31 67 18
31 68 12
31 69 26
31 160 86
31 210 83
31 224 92
31 230 51
31 105 55
31 108 47
31 123 58
31 252 38
31 253 34
32 261 100
32 262 91
32 139 37
32 150 83
32 156 62
32 160 96
32 289 40
32 91 75
32 37 64
32 295 20
32 179 34
32 182 91
32 76 95
32 214 42
32 217 71
32 219 72
32 220 83
32 228 96
32 39 94
32 108 66
32 239 68
32 244 70
32 248 84
32 125 63
33 143 98
33 275 20
33 149 0
33 157 85
33 288 16
33 292 59
33 48 10
33 49 8
33 50 19
33 55 14
33 184 16
33 189 78
33 190 62
33 204 64
33 206 7
33 80 58
33 84 32
33 87 99
33 88 16
33 93 8
33 98 70
33 229 8
33 125 59
34 128 41
34 134 48
34 267 43
34 144 76
34 273 28
34 281 49
34 164 19
34 167 92
34 51 11
34 55 60
34 185 87
34 75 24
34 292 97
34 202 60
34 203 63
34 204 91
34 84 1
34 85 70
34 217 51
34 272 53
34 231 63
34 126 79
35 130 38
35 259 36
35 138 24
35 269 55
35 272 45
35 277 21
35 286 11
35 288 26
35 161 78
35 166 76
35 167 42
35 180 54
35 184 45
35 190 6
35 195 55
35 200 14
35 78 81
35 80 8
35 211 60
35 91 15
35 93 52
35 99 40
35 101 88
35 104 95
35 248 64
36 96 92
36 162 46
36 209 37
36 296 98
36 169 58
36 151 35
36 76 3
36 205 1
36 46 29
36 79 91
36 272 21
36 136 2
36 146 54
36 276 73
36 119 87
36 155 62
36 109 3
36 255 30
37 257 82
37 259 12
37 262 1
37 130 45
37 146 76
37 280 7
37 156 66
37 289 21
37 166 17
37 52 95
37 182 69
37 188 10
37 65 53
37 195 55
37 89 86
37 93 44
37 95 92
37 109 20
37 116 56
37 118 39
37 255 88
38 257 73
38 260 43
38 281 7
38 282 88
38 285 47
38 287 34
38 155 47
38 173 17
38 174 90
38 180 71
38 283 11
38 57 72
38 69 86
38 205 78
38 219 64
38 92 74
38 242 51
38 245 9
38 255 99
38 252 5
38 127 24
39 128 95
39 259 24
39 262 43
39 65 63
39 67 51
39 151 18
39 167 52
39 170 40
39 171 74
39 54 9
39 61 9
39 160 58
39 195 16
39 68 43
39 69 69
39 204 54
39 77 73
39 80 42
39 84 53
39 214 58
39 220 100
39 96 65
39 225 22
39 232 31
39 113 10
39 121 98
39 124 52
40 260 39
40 265 26
40 273 94
40 290 89
40 171 68
40 47 41
40 178 45
40 66 29
40 75 1
40 85 76
40 214 88
40 217 46
40 100 73
40 101 71
40 106 14
40 236 9
40 114 42
40 285 48
40 245 57
40 213 20
41 132 95
41 269 86
41 109 87
41 260 92
41 156 81
41 289 14
41 167 26
41 168 54
41 176 90
41 180 74
41 53 13
41 183 91
41 185 36
41 187 21
41 63 76
41 71 75
41 75 76
41 209 46
41 210 70
41 217 42
41 220 62
41 221 99
41 102 51
41 107 82
41 274 29
41 120 39
41 254 19
41 255 99
42 262 91
42 135 88
42 136 74
42 268 21
42 279 89
42 154 67
42 285 36
42 288 44
42 162 37
42 292 35
42 169 8
42 170 23
42 172 51
42 186 6
42 190 45
42 75 100
42 86 95
42 219 68
42 58 51
42 245 13
42 253 7
43 131 67
43 261 82
43 140 68
43 141 49
43 276 0
43 150 63
43 157 63
43 288 31
43 293 28
43 48 64
43 49 64
43 57 41
43 61 21
43 193 76
43 73 8
43 87 39
43 217 67
43 90 63
43 222 40
43 225 75
43 98 67
43 104 7
43 109 13
43 113 37
43 268 5
44 132 86
44 140 95
44 143 33
44 167 7
44 45 59
44 201 1
44 68 18
44 197 76
44 73 63
44 76 89
44 79 35
44 218 90
44 219 45
44 101 59
44 102 33
44 230 19
44 231 75
44 242 34
44 115 58
44 248 50
44 252 55
45 262 14
45 135 83
45 264 23
45 265 68
45 155 68
45 156 9
45 293 47
45 297 19
45 47 33
45 50 64
45 134 71
45 191 53
45 199 76
45 76 74
45 214 39
45 227 60
45 104 8
45 105 51
45 169 34
46 134 38
46 268 59
46 147 74
46 148 73
46 277 73
46 152 16
46 282 95
46 155 64
46 161 54
46 174 22
46 47 46
46 185 38
46 289 9
46 76 6
46 81 90
46 214 81
46 91 11
46 101 73
46 106 77
46 235 98
46 110 63
46 111 52
46 247 98
46 253 40
47 266 54
47 272 81
47 283 78
47 161 36
47 167 3
47 171 57
47 57 49
47 61 12
47 63 31
47 193 21
47 71 38
47 76 39
47 209 47
47 85 76
47 95 7
47 144 55
47 229 73
47 108 88
47 113 84
47 115 75
47 251 20
47 124 98
48 145 1
48 275 20
48 150 39
48 159 68
48 288 62
48 169 40
48 173 2
48 177 39
48 58 96
48 287 17
48 199 72
48 204 68
48 79 90
48 214 27
48 96 74
48 97 62
48 231 3
48 234 88
48 225 19
48 110 79
48 247 39
48 248 81
48 254 30
49 132 17
49 262 15
49 147 15
49 152 95
49 167 26
49 298 64
49 172 38
49 187 91
49 189 50
49 66 92
49 195 42
49 69 74
49 76 28
49 207 68
49 94 53
49 233 19
49 116 93
49 245 96
49 248 4
49 126 81
49 127 91
50 267 13
50 269 28
50 142 82
50 150 52
50 279 77
50 288 35
50 178 33
50 51 34
50 54 17
50 55 55
50 184 49
50 189 33
50 64 67
50 202 18
50 79 27
50 81 83
50 112 54
50 252 67
51 134 7
51 279 92
51 282 15
51 284 41
51 286 1
51 159 91
51 295 20
51 156 88
51 202 7
51 211 55
51 106 93
51 83 42
51 119 60
51 249 90
51 122 58
51 254 7
51 127 6
52 64 14
52 257 69
52 224 32
52 163 97
52 243 81
52 137 8
52 298 94
52 82 74
52 110 28
52 272 67
52 145 40
52 210 34
52 211 0
52 276 59
52 247 35
52 185 56
52 265 48
53 130 16
53 287 56
53 290 10
53 164 20
53 296 24
53 172 58
53 181 53
53 183 64
53 57 87
53 58 38
53 71 53
53 202 82
53 203 22
53 207 33
53 92 97
53 220 53
53 110 97
53 239 64
53 245 57
53 249 13
53 250 30
54 264 56
54 142 8
54 168 28
54 62 39
54 201 95
54 86 86
54 218 81
54 93 50
54 222 26
54 227 15
54 259 33
54 105 14
54 234 49
54 108 21
54 242 69
55 133 86
55 267 4
55 153 48
55 158 87
55 168 43
55 297 4
55 176 59
55 177 41
55 181 95
55 189 93
55 67 79
55 78 17
55 209 28
55 82 1
55 213 21
55 98 70
55 244 7
55 118 86
56 265 42
56 142 91
56 273 26
56 154 66
56 155 23
56 286 87
56 164 50
56 171 88
56 185 25
56 198 31
56 79 59
56 80 58
56 83 62
56 85 44
56 219 50
56 224 50
56 230 7
56 109 97
56 245 10
56 250 0
56 251 16
56 125 100
57 261 56
57 135 62
57 136 6
57 269 34
57 151 39
57 153 21
57 175 15
57 179 84
57 183 34
57 80 34
57 85 16
57 86 4
57 87 80
57 229 5
57 232 12
57 108 13
57 121 37
57 126 51
58 258 61
58 271 67
58 148 22
58 283 57
58 286 13
58 294 92
58 297 37
58 184 73
58 61 99
58 62 41
58 239 88
58 80 65
58 227 16
58 102 85
58 189 6
58 241 92
58 118 76
58 255 24
59 140 34
59 271 66
59 144 17
59 288 28
59 291 10
59 166 98
59 168 67
59 299 36
59 175 91
59 189 47
59 190 6
59 64 85
59 198 11
59 203 42
59 76 3
59 77 41
59 84 64
59 86 28
59 220 97
59 95 64
59 102 21
59 233 0
59 239 16
59 126 61
59 127 36
60 257 72
60 136 17
60 272 64
60 273 91
60 280 49
60 154 38
60 286 90
60 162 24
60 168 42
60 297 79
60 174 72
60 175 60
60 72 55
60 180 28
60 193 51
60 66 41
60 200 37
60 215 82
60 216 9
60 217 48
60 225 12
60 109 94
60 239 30
60 124 47
60 253 4
61 259 89
61 260 75
61 263 35
61 147 85
61 150 20
61 282 79
61 294 69
61 295 35
61 177 41
61 181 21
61 64 39
61 193 70
61 66 59
61 70 27
61 72 64
61 135 20
61 94 38
61 226 7
61 233 27
61 243 38
61 127 26
62 129 73
62 267 7
62 156 42
62 161 38
62 295 90
62 174 64
62 197 53
62 199 92
62 75 54
62 80 12
62 209 30
62 213 21
62 92 80
62 223 49
62 272 60
62 100 31
62 167 76
62 208 82
62 111 50
62 245 51
62 253 30
62 255 18
63 133 12
63 135 12
63 237 18
63 282 93
63 284 26
63 285 82
63 161 8
63 278 90
63 297 86
63 171 82
63 178 100
63 187 91
63 66 9
63 196 2
63 197 14
63 198 63
63 199 84
63 79 7
63 80 90
63 107 44
63 289 23
63 154 9
63 114 42
63 243 20
63 122 31
64 133 31
64 264 72
64 145 66
64 275 9
64 153 5
64 156 20
64 65 11
64 66 33
64 205 45
64 217 94
64 218 73
64 94 1
64 111 60
64 114 56
64 247 77
64 249 58
65 129 12
65 260 77
65 134 80
65 272 23
65 148 26
65 277 52
65 279 56
65 280 78
65 290 51
65 166 55
65 168 68
65 180 40
65 189 6
65 195 38
65 201 66
65 204 43
65 77 26
65 209 54
65 214 0
65 217 92
65 224 27
65 97 56
65 102 95
65 295 55
65 274 42
65 120 77
65 249 93
65 250 98
65 253 76
66 136 38
66 138 6
66 142 82
66 145 99
66 281 13
66 282 21
66 283 72
66 163 84
66 293 91
66 176 52
66 218 61
66 91 95
66 93 22
66 224 52
66 98 90
66 273 51
66 113 61
66 242 50
66 115 73
66 250 81
66 254 88
67 260 14
67 139 83
67 269 99
67 143 87
67 147 33
67 148 66
67 149 99
67 282 2
67 161 90
67 162 45
67 292 69
67 293 9
67 189 20
67 76 36
67 164 21
67 231 88
67 116 66
67 248 10
68 258 52
68 261 61
68 172 54
68 153 3
68 155 89
68 285 90
68 287 95
68 295 36
68 296 46
68 183 34
68 188 90
68 216 36
68 89 34
68 220 37
68 98 74
68 99 31
68 229 57
68 238 68
68 113 11
68 242 50
68 243 65
68 251 59
68 125 90
69 256 76
69 129 61
69 264 46
69 267 89
69 152 63
69 288 33
69 162 75
69 292 32
69 169 91
69 192 3
69 248 36
69 223 98
69 97 18
69 229 14
69 103 55
69 238 86
69 241 88
69 114 19
69 117 35
69 118 76
69 120 10
69 121 45
69 122 53
70 263 52
70 137 54
70 273 19
70 284 58
70 90 2
70 287 32
70 161 40
70 163 72
70 293 13
70 192 99
70 205 16
70 208 31
70 82 31
70 211 17
70 212 53
70 218 26
70 220 71
70 223 59
70 244 25
70 121 18
71 151 52
71 154 61
71 283 3
71 174 14
71 181 6
71 188 100
71 203 79
71 214 83
71 222 77
71 100 83
71 231 76
71 112 7
71 248 23
71 123 53
71 124 39
71 125 74
71 127 17
72 160 76
72 258 78
72 166 43
72 200 33
72 137 5
72 215 69
72 268 85
72 206 90
72 125 91
72 179 34
72 139 42
72 213 78
72 183 62
72 169 84
72 191 23
72 221 89
72 158 36
72 95 8
73 259 8
73 261 32
73 262 19
73 266 10
73 141 20
73 271 17
73 272 63
73 276 48
73 154 44
73 155 68
73 168 4
73 176 22
73 191 49
73 202 100
73 77 70
73 207 41
73 144 36
73 112 36
73 242 35
73 244 25
73 118 17
73 248 21
74 264 1
74 277 61
74 152 14
74 155 18
74 296 78
74 184 84
74 75 64
74 210 10
74 84 38
74 85 68
74 86 61
74 216 77
74 221 97
74 226 2
74 103 90
74 234 86
74 109 74
74 247 70
75 136 40
75 139 38
75 277 52
75 151 5
75 153 87
75 282 36
75 180 50
75 184 13
75 192 41
75 197 19
75 77 32
75 78 11
75 83 12
75 88 47
75 96 37
75 106 90
75 211 5
75 247 83
75 253 22
76 132 38
76 237 33
76 274 15
76 275 90
76 151 21
76 154 60
76 175 71
76 287 59
76 155 47
76 296 46
76 170 61
76 299 38
76 178 83
76 189 72
76 198 22
76 77 18
76 207 47
76 208 82
76 84 27
76 216 83
76 89 78
76 109 61
76 115 22
76 249 34
76 252 10
77 235 68
77 273 19
77 159 53
77 288 22
77 161 94
77 162 88
77 291 45
77 166 49
77 179 58
77 203 62
77 82 45
77 211 22
77 86 77
77 220 48
77 93 36
77 222 0
77 230 78
77 106 68
77 107 30
77 245 72
77 250 57
77 125 37
78 259 39
78 133 25
78 262 65
78 265 10
78 148 66
78 137 13
78 162 71
78 291 46
78 165 33
78 173 95
78 205 53
78 85 55
78 217 94
78 218 2
78 92 41
78 94 82
78 240 90
78 243 32
78 120 81
79 257 8
79 138 67
79 268 36
79 272 56
79 151 41
79 162 98
79 293 83
79 169 38
79 171 4
79 186 29
79 189 81
79 191 28
79 292 2
79 200 94
79 204 69
79 290 15
79 81 39
79 88 59
79 164 47
79 221 25
79 237 77
79 115 37
80 144 11
80 148 32
80 278 77
80 285 81
80 290 33
80 292 17
80 176 39
80 183 23
80 81 7
80 164 1
80 94 86
80 101 82
80 116 100
80 117 37
80 248 47
80 123 26
81 131 19
81 260 69
81 263 9
81 139 69
81 145 64
81 279 29
81 159 64
81 164 92
81 167 12
81 156 89
81 187 41
81 195 66
81 207 47
81 102 62
81 108 20
82 262 42
82 265 41
82 150 8
82 151 26
82 280 40
82 283 40
82 297 100
82 137 63
82 190 26
82 196 94
82 203 88
82 206 38
82 141 92
82 83 38
82 88 90
82 231 6
82 107 44
82 241 32
82 125 48
83 128 32
83 258 16
83 134 39
83 270 91
83 153 43
83 283 95
83 292 49
83 262 80
83 298 14
83 189 7
83 190 33
83 194 35
83 199 99
83 203 85
83 204 53
83 93 1
83 106 66
83 125 18
83 244 9
83 234 28
84 256 80
84 261 63
84 136 68
84 141 88
84 270 39
84 272 53
84 154 14
84 160 98
84 165 33
84 298 56
84 264 62
84 182 42
84 209 98
84 85 100
84 217 16
84 231 55
84 110 5
84 112 75
84 241 14
84 244 99
84 249 77
84 124 92
85 129 82
85 265 60
85 267 40
85 270 59
85 153 19
85 184 86
85 293 64
85 166 62
85 174 34
85 181 2
85 193 25
85 194 67
85 197 100
85 209 36
85 210 23
85 86 38
85 93 53
85 101 4
85 237 53
85 248 90
86 128 68
86 257 52
86 265 81
86 143 76
86 283 54
86 291 27
86 168 21
86 299 80
86 177 29
86 181 84
86 188 46
86 201 5
86 217 18
86 219 11
86 95 27
86 228 26
86 298 9
87 261 69
87 263 22
87 140 1
87 259 88
87 171 58
87 155 5
87 288 79
87 290 67
87 295 67
87 299 6
87 173 65
87 175 13
87 186 93
87 190 11
87 93 44
87 95 66
87 105 77
87 107 75
87 109 13
87 111 72
87 112 81
87 126 53
88 131 49
88 140 33
88 269 82
88 271 55
88 277 21
88 156 60
88 177 82
88 178 65
88 179 18
88 183 85
88 197 77
88 202 92
88 206 86
88 216 92
88 90 76
88 220 92
88 96 17
88 99 8
88 108 7
88 240 10
88 241 63
88 123 71
89 258 33
89 134 60
89 140 4
89 141 6
89 290 85
89 297 28
89 299 1
89 187 35
89 216 46
89 217 69
89 90 65
89 93 70
89 225 57
89 227 89
89 111 95
89 244 84
89 117 9
89 169 80
89 120 43
89 249 7
89 123 85
90 130 40
90 143 4
90 147 14
90 154 18
90 156 94
90 171 58
90 174 54
90 188 24
90 189 49
90 221 34
90 96 66
90 97 63
90 230 15
90 108 61
90 112 16
90 242 51
90 118 4
91 227 21
91 167 49
91 129 89
91 226 13
91 194 91
91 206 86
91 175 90
91 104 43
91 179 58
91 150 8
91 152 20
91 153 67
91 255 35
91 149 94
92 258 85
92 260 99
92 265 38
92 144 98
92 154 7
92 283 82
92 288 16
92 162 8
92 164 6
92 294 66
92 177 37
92 178 11
92 184 47
92 190 72
92 191 74
92 205 37
92 207 61
92 210 1
92 212 78
92 220 42
92 221 58
92 226 69
92 227 93
92 101 76
92 113 37
92 244 31
92 253 46
93 261 90
93 263 27
93 141 68
93 279 43
93 156 97
93 287 20
93 162 45
93 296 9
93 179 11
93 222 88
93 189 35
93 204 18
93 208 44
93 94 80
93 229 21
93 106 58
93 111 89
93 242 89
93 244 83
93 117 6
94 128 43
94 129 12
94 263 52
94 137 85
94 139 98
94 281 22
94 162 55
94 291 76
94 175 80
94 181 12
94 200 1
94 210 98
94 219 41
94 100 37
94 101 68
94 232 18
94 107 89
94 238 27
94 104 81
94 117 36
94 120 69
95 130 69
95 139 41
95 281 7
95 294 67
95 170 29
95 180 17
95 181 3
95 190 72
95 203 89
95 207 98
95 212 20
95 216 50
95 224 18
95 228 89
95 107 1
95 116 65
95 153 26
95 250 100
96 258 47
96 134 27
96 135 94
96 264 35
96 267 63
96 140 91
96 130 79
96 280 21
96 275 18
96 284 82
96 173 48
96 178 10
96 188 96
96 198 82
96 99 14
96 164 5
96 227 48
96 239 47
96 243 15
96 116 20
96 120 20
96 249 76
97 257 21
97 130 57
97 139 29
97 145 71
97 218 17
97 157 94
97 167 12
97 169 82
97 178 13
97 183 36
97 188 12
97 203 57
97 206 99
97 226 87
97 228 98
97 117 45
97 122 61
97 254 74
98 138 4
98 275 47
98 157 54
98 158 38
98 291 94
98 292 73
98 170 84
98 299 4
98 186 78
98 195 56
98 196 63
98 206 95
98 211 68
98 212 93
98 224 30
98 228 68
98 233 4
98 107 53
98 241 13
98 114 15
98 247 72
98 120 4
98 121 11
99 295 27
99 210 45
99 202 11
99 109 85
99 174 99
99 113 57
99 242 32
99 274 77
99 116 4
99 124 39
99 296 65
100 260 83
100 262 84
100 272 77
100 146 94
100 153 70
100 287 9
100 164 77
100 297 78
100 199 49
100 176 3
100 185 16
100 195 90
100 213 42
100 224 67
100 230 14
100 235 44
100 236 70
100 110 34
100 296 17
100 119 4
100 248 40
100 123 73
100 253 21
101 129 41
101 259 80
101 135 76
101 271 52
101 131 47
101 278 67
101 166 1
101 179 88
101 185 14
101 189 62
101 190 80
101 191 34
101 199 76
101 202 55
101 209 70
101 216 91
101 224 77
101 146 34
101 239 52
101 114 47
101 247 14
101 252 74
101 125 17
102 134 92
102 139 60
102 152 83
102 131 54
102 279 60
102 157 36
102 292 45
102 175 55
102 137 45
102 212 18
102 213 85
102 226 66
102 229 41
102 104 100
102 115 63
102 247 82
103 140 15
103 144 28
103 145 17
103 151 20
103 197 41
103 288 3
103 289 88
103 292 90
103 296 21
103 297 32
103 299 2
103 178 13
103 181 62
103 189 57
103 194 24
103 208 95
103 210 22
103 217 8
103 230 35
103 106 37
103 242 58
104 128 6
104 155 27
104 262 46
104 263 60
104 264 56
104 271 43
104 276 54
104 279 54
104 281 13
104 156 43
104 288 1
104 169 57
104 180 78
104 219 50
104 188 68
104 284 67
104 108 78
104 241 91
104 248 58
105 259 67
105 282 33
105 283 12
105 161 9
105 169 5
105 172 97
105 183 97
105 198 20
105 289 49
105 207 15
105 223 15
105 229 78
105 233 59
105 108 50
105 241 12
105 115 67
105 249 33
105 125 91
106 130 6
106 261 10
106 134 46
106 264 3
106 274 52
106 275 25
106 148 12
106 280 63
106 156 27
106 289 5
106 172 14
106 190 75
106 195 28
106 214 70
106 230 22
106 146 35
106 241 74
106 211 88
106 119 69
107 129 3
107 134 100
107 140 55
107 273 79
107 148 87
107 280 96
107 262 51
107 166 66
107 170 71
107 173 14
107 210 74
107 284 75
107 221 71
107 225 57
107 234 69
107 108 35
107 245 11
107 249 8
107 123 28
107 127 91
108 134 3
108 267 93
108 270 76
108 272 78
108 153 25
108 280 50
108 293 76
108 177 9
108 185 84
108 139 6
108 199 79
108 210 32
108 142 36
108 220 36
108 228 98
108 111 38
108 243 40
108 248 3
108 253 31
109 128 46
109 262 83
109 140 34
109 148 58
109 149 83
109 153 53
109 286 69
109 160 0
109 168 89
109 171 88
109 189 83
109 217 26
109 252 64
109 253 79
109 254 68
110 133 5
110 278 75
110 153 56
110 282 29
110 160 95
110 291 85
110 192 24
110 197 11
110 212 36
110 233 64
110 241 40
110 244 62
110 127 53
111 130 8
111 150 39
111 159 34
111 162 20
111 299 85
111 177 14
111 184 89
111 204 44
111 223 83
111 244 46
111 124 94
112 130 28
112 263 69
112 280 7
112 287 27
112 160 93
112 290 78
112 293 17
112 168 48
112 193 74
112 119 5
112 206 69
112 216 3
112 219 78
112 113 69
112 247 86
112 126 27
112 127 21
113 128 50
113 299 10
113 267 64
113 276 82
113 282 74
113 294 88
113 180 63
113 181 7
113 183 28
113 186 0
113 204 87
113 211 76
113 215 42
113 221 46
113 226 29
113 229 55
113 117 3
113 253 80
114 256 59
114 257 62
114 131 68
114 267 39
114 141 33
114 275 35
114 282 95
114 156 83
114 166 21
114 198 97
114 206 81
114 213 93
114 216 31
114 221 25
114 227 94
114 241 7
114 115 61
114 245 55
114 248 54
114 255 44
115 134 34
115 146 9
115 289 5
115 164 43
115 172 71
115 180 27
115 191 67
115 199 88
115 209 19
115 210 53
115 231 86
115 232 18
115 244 68
115 249 1
115 127 30
116 256 56
116 135 98
116 271 56
116 284 54
116 165 92
116 167 32
116 299 62
116 183 21
116 202 56
116 207 99
116 214 79
116 220 12
116 295 59
116 243 47
116 246 7
117 136 77
117 269 29
117 272 53
117 146 10
117 275 7
117 164 30
117 293 0
117 168 44
117 135 56
117 180 94
117 186 22
117 199 77
117 203 49
117 205 60
117 141 79
117 216 100
117 221 5
117 233 2
117 235 63
118 256 37
118 261 83
118 279 64
118 265 13
118 293 55
118 170 73
118 180 74
118 196 55
118 198 43
118 208 50
118 222 3
118 226 75
118 229 84
118 232 49
118 241 61
118 246 73
118 122 95
118 123 13
119 260 10
119 261 99
119 141 57
119 142 80
119 145 34
119 276 96
119 149 95
119 133 89
119 289 47
119 168 70
119 298 65
119 158 98
119 188 85
119 189 86
119 191 70
119 208 45
119 219 53
119 220 69
119 227 88
119 236 97
119 244 2
119 253 20
120 259 27
120 263 41
120 154 61
120 284 82
120 174 5
120 178 1
120 179 57
120 190 69
120 192 19
120 206 56
120 209 41
120 212 60
120 214 52
120 225 31
120 232 67
120 239 17
121 133 97
121 134 90
121 263 94
121 141 15
121 144 35
121 145 22
121 286 46
121 292 31
121 297 47
121 172 97
121 185 23
121 198 95
121 212 84
121 233 32
121 244 79
122 131 10
122 261 40
122 263 65
122 136 12
122 296 32
122 169 74
122 174 39
122 202 72
122 203 87
122 204 37
122 214 75
122 228 53
122 230 67
122 241 63
122 242 95
122 243 94
122 250 50
122 127 4
123 261 26
123 134 5
123 145 16
123 277 94
123 154 10
123 288 26
123 296 54
123 169 58
123 173 67
123 188 50
123 190 1
123 193 5
123 202 38
123 233 63
123 239 23
123 251 27
123 252 87
123 255 14
124 261 60
124 147 88
124 278 57
124 151 85
124 284 64
124 161 36
124 165 48
124 168 53
124 199 8
124 215 97
124 222 68
124 293 95
124 231 82
124 240 30
124 247 34
125 257 0
125 132 77
125 278 90
125 137 23
125 138 50
125 142 94
125 272 37
125 151 51
125 290 32
125 292 87
125 294 85
125 168 69
125 299 90
125 178 99
125 212 38
125 221 67
125 228 95
125 237 60
125 245 87
125 254 56
125 277 95
126 163 26
126 132 61
126 138 85
126 130 35
126 243 77
126 150 85
126 282 21
126 156 48
126 222 95
127 128 62
127 265 3
127 140 24
127 142 90
127 273 87
127 276 1
127 281 84
127 156 63
127 291 28
127 296 3
127 298 23
127 178 87
127 191 6
127 163 47
127 223 49
127 227 16
127 241 90
128 262 56
128 135 91
128 148 93
128 153 63
128 282 44
128 286 1
128 162 5
128 181 99
128 197 21
128 290 0
128 209 69
128 212 45
128 219 86
128 230 49
128 246 35
128 247 36
129 267 49
129 268 95
129 280 11
129 160 1
129 294 33
129 174 63
129 182 52
129 186 63
129 190 60
129 200 46
129 241 54
129 243 64
129 245 14
130 136 25
130 271 37
130 275 41
130 278 87
130 218 1
130 286 6
130 174 20
130 180 53
130 183 38
130 185 4
130 223 100
130 204 24
130 229 91
130 236 9
131 258 7
131 263 21
131 265 6
131 271 96
131 277 13
131 153 22
131 172 20
131 174 65
131 195 90
131 223 62
131 228 77
131 244 89
131 245 9
131 247 99
132 258 97
132 133 77
132 281 87
132 284 51
132 154 17
132 261 94
132 161 73
132 163 25
132 299 63
132 172 79
132 190 47
132 195 87
132 197 74
132 291 70
132 221 67
132 237 45
132 238 89
132 240 65
133 258 1
133 137 81
133 142 59
133 272 72
133 145 33
133 150 84
133 165 86
133 180 62
133 196 1
133 199 29
133 205 96
133 207 15
133 249 72
133 221 72
133 293 74
133 228 7
133 251 54
134 136 31
134 138 46
134 271 32
134 281 2
134 282 24
134 297 65
134 188 8
134 195 93
134 207 39
134 209 24
134 229 18
134 232 39
134 237 28
134 248 29
135 270 93
135 152 41
135 287 22
135 160 88
135 296 9
135 172 26
135 175 42
135 178 93
135 180 97
135 207 68
135 223 44
135 225 52
135 236 89
135 255 70
136 256 24
136 138 24
136 268 3
136 269 89
136 149 53
136 152 67
136 158 40
136 292 72
136 293 22
136 166 62
136 297 40
136 170 37
136 178 73
136 286 44
136 205 29
136 213 93
136 229 99
136 188 93
136 212 79
136 252 46
137 258 81
137 260 16
137 289 81
137 291 36
137 293 62
137 166 36
137 298 3
137 299 53
137 174 31
137 179 18
137 188 59
137 191 5
137 207 4
137 219 97
137 224 53
137 244 44
138 266 96
138 140 30
138 146 79
138 276 57
138 154 19
138 282 52
138 163 30
138 293 25
138 298 9
138 171 49
138 174 50
138 184 42
138 186 2
138 192 56
138 193 24
138 218 56
138 238 2
138 244 86
139 258 71
139 267 95
139 142 72
139 278 86
139 279 61
139 157 6
139 161 26
139 176 68
139 160 25
139 196 88
139 203 91
139 222 83
139 224 82
139 231 13
139 244 51
140 256 100
140 215 27
140 143 88
140 275 3
140 151 27
140 156 79
140 292 51
140 298 23
140 214 26
140 222 46
140 234 91
140 242 76
140 244 73
141 263 21
141 264 100
141 267 70
141 268 57
141 291 65
141 292 26
141 179 67
141 181 38
141 182 34
141 183 25
141 185 81
141 190 43
141 196 80
141 197 47
141 203 4
141 216 11
142 275 81
142 277 35
142 165 84
142 205 3
142 211 67
142 213 96
142 224 40
142 240 57
142 249 35
142 255 42
143 271 19
143 145 73
143 274 41
143 277 18
143 278 14
143 151 33
143 281 57
143 283 96
143 287 82
143 291 53
143 298 8
143 199 11
143 184 72
143 163 4
143 217 40
143 219 94
143 232 69
143 233 46
143 243 52
143 253 97
144 259 52
144 263 81
144 265 54
144 268 72
144 147 98
144 284 11
144 285 99
144 292 15
144 177 21
144 201 35
144 204 17
144 221 35
144 224 99
144 230 32
144 234 90
144 241 43
144 243 26
145 272 54
145 153 65
145 157 0
145 288 73
145 291 50
145 296 6
145 170 18
145 179 6
145 187 59
145 266 12
145 191 11
145 203 39
145 218 52
145 224 55
145 230 71
145 249 79
146 224 91
146 197 70
146 276 43
146 199 15
146 267 35
146 226 3
146 206 40
146 285 99
146 241 99
146 242 63
146 148 53
146 280 85
147 262 50
147 264 39
147 150 5
147 154 32
147 162 48
147 184 33
147 206 76
147 272 57
147 230 3
147 233 5
147 241 73
147 250 43
148 193 84
148 151 63
148 152 32
148 287 27
148 161 69
148 290 11
148 296 83
148 299 63
148 289 79
148 202 36
148 227 27
148 231 37
148 233 72
148 243 65
149 268 45
149 270 31
149 155 3
149 157 18
149 286 83
149 290 99
149 164 18
149 170 61
149 176 100
149 183 77
149 187 38
149 196 13
149 201 71
149 247 50
149 204 10
149 214 65
149 243 11
149 250 68
149 251 90
150 193 68
150 195 57
150 198 12
150 269 50
150 222 32
150 185 66
151 257 46
151 259 2
151 277 78
151 155 23
151 288 44
151 294 10
151 174 76
151 175 92
151 179 80
151 202 31
151 211 80
151 216 96
151 218 96
151 226 21
151 276 37
151 232 89
151 242 46
152 274 31
152 278 67
152 283 85
152 162 42
152 293 52
152 295 12
152 174 8
152 180 45
152 194 27
152 196 52
152 197 1
152 215 17
152 225 65
152 239 22
153 268 46
153 269 38
153 275 30
153 287 57
153 289 11
153 219 48
153 166 28
153 295 28
153 168 45
153 179 84
153 188 20
153 193 40
153 197 95
153 198 98
153 199 37
153 214 27
153 218 55
153 236 70
153 244 37
154 156 83
154 165 75
154 168 52
154 189 97
154 194 86
154 293 44
154 247 33
154 248 45
155 257 60
155 270 39
155 271 33
155 171 6
155 180 43
155 186 29
155 213 82
155 222 56
155 231 24
155 252 27
155 253 67
156 274 77
156 218 27
156 293 82
156 188 43
156 201 85
156 230 97
156 238 82
157 283 21
157 286 16
157 298 22
157 185 16
157 187 67
157 200 49
157 202 55
157 214 73
157 218 98
157 222 15
157 232 19
157 245 89
158 195 52
158 227 26
158 261 2
158 263 20
158 169 21
158 243 42
158 291 27
158 207 71
158 211 89
158 181 71
158 223 59
158 220 0
158 266 9
159 259 83
159 261 56
159 270 33
159 260 71
159 289 30
159 291 42
159 296 9
159 297 97
159 172 26
159 185 50
159 198 90
159 161 83
159 208 2
159 243 58
160 256 67
160 265 28
160 245 55
160 278 57
160 217 99
160 212 67
160 218 89
160 223 55
161 270 20
161 274 28
161 283 39
161 291 51
161 165 27
161 176 25
161 220 94
161 221 40
161 228 11
161 241 95
161 246 12
161 249 96
161 191 24
162 257 28
162 264 4
162 266 17
162 195 39
162 287 25
162 163 21
162 168 62
162 211 60
162 222 68
162 229 89
162 231 57
162 238 56
162 245 93
163 267 12
163 194 4
163 289 26
163 295 95
163 284 49
163 171 33
163 174 16
163 181 0
163 189 7
163 190 66
163 199 8
163 200 63
163 227 34
163 231 40
163 242 9
163 251 84
164 257 96
164 276 37
164 285 74
164 288 78
164 166 33
164 295 13
164 170 17
164 177 55
164 199 0
164 210 92
164 228 22
164 234 82
164 246 78
164 255 41
165 266 26
165 272 100
165 292 76
165 299 43
165 177 57
165 187 48
165 192 43
165 195 95
165 196 70
165 203 43
165 212 56
165 217 87
165 223 17
165 225 35
165 238 80
166 288 30
166 296 71
166 177 31
166 179 41
166 185 82
166 186 22
166 273 1
166 234 25
166 235 57
166 239 36
167 228 88
167 230 69
167 241 15
167 271 92
168 259 7
168 273 77
168 278 75
168 173 84
168 177 53
168 189 30
168 191 55
168 217 77
168 223 92
168 231 0
168 252 81
168 242 87
168 243 47
168 244 91
168 251 65
169 264 14
169 288 80
169 171 2
169 174 16
169 184 54
169 195 70
169 235 69
170 259 72
170 295 51
170 186 25
170 205 3
170 212 78
170 219 76
170 238 16
171 279 60
171 281 3
171 177 58
171 180 2
171 283 24
171 236 48
172 258 50
172 286 9
172 290 12
172 294 7
172 175 87
172 180 25
172 287 36
172 190 28
172 195 89
172 198 41
172 228 88
173 259 49
173 263 54
173 235 23
173 290 57
173 175 88
173 187 87
173 191 44
173 195 90
173 198 77
173 208 37
173 210 25
173 271 52
173 237 4
173 242 1
173 244 3
173 253 44
174 261 89
174 280 98
174 287 35
174 288 61
174 290 45
174 183 43
174 212 20
174 225 42
174 228 5
174 252 8
175 256 57
175 258 82
175 273 29
175 282 57
175 289 0
175 218 3
175 243 78
175 251 26
176 259 4
176 267 25
176 268 51
176 295 55
176 178 28
176 194 50
176 195 98
176 203 1
176 228 87
176 219 73
176 231 86
176 232 54
177 259 62
177 263 47
177 264 31
177 267 91
177 277 62
177 287 42
177 288 11
177 291 42
177 178 90
177 182 17
177 185 93
177 200 26
177 272 27
177 231 25
177 241 66
177 248 97
177 249 57
178 261 62
178 265 23
178 277 6
178 278 85
178 182 13
178 188 77
178 190 44
178 196 49
178 230 2
178 243 92
178 255 62
179 257 100
179 279 61
179 287 32
179 295 59
179 181 6
179 186 77
179 189 66
179 190 10
179 227 69
179 234 27
179 245 17
180 273 41
180 261 27
180 289 56
180 262 80
180 287 87
180 197 21
180 205 73
180 230 57
180 251 20
181 277 31
181 186 56
181 190 6
181 195 31
181 256 34
181 216 98
181 244 31
182 290 89
182 291 16
182 268 18
182 239 22
182 241 29
182 227 27
182 183 66
182 280 12
182 271 74
182 285 94
182 286 100
183 275 48
183 288 31
183 296 93
183 210 6
183 214 78
183 228 94
183 240 63
183 243 76
183 250 61
183 253 16
184 259 47
184 191 8
184 192 11
184 203 74
184 210 12
184 232 80
184 255 56
185 265 100
185 273 28
185 292 81
185 207 30
185 224 61
185 230 27
185 248 73
186 256 11
186 258 32
186 279 26
186 280 89
186 266 2
186 189 8
186 220 1
186 225 16
186 240 40
187 260 83
187 263 8
187 281 15
187 292 46
187 294 16
187 204 3
187 208 23
187 227 80
187 273 27
187 234 43
187 240 38
188 263 66
188 267 52
188 270 85
188 282 69
188 192 41
188 195 51
188 198 94
188 209 16
188 216 22
188 220 11
188 221 85
188 224 7
188 234 61
189 267 88
189 268 21
189 294 42
189 295 56
189 212 81
189 219 63
190 274 98
190 296 2
190 223 30
190 212 39
190 225 72
190 252 35
191 259 49
191 264 55
191 292 52
191 299 91
191 202 0
191 210 100
191 222 63
192 291 5
192 209 52
192 264 93
192 229 73
192 242 40
192 248 32
192 284 57
192 254 77
193 293 89
193 268 91
193 211 41
193 213 36
193 217 82
193 250 65
193 220 83
194 289 90
194 259 90
194 196 41
194 197 80
194 294 65
194 275 100
194 199 94
194 237 16
194 243 79
195 261 25
195 292 77
195 198 67
195 202 84
195 212 68
195 223 43
195 228 89
195 234 36
196 229 51
196 246 79
196 231 74
196 200 57
196 278 69
196 212 21
196 217 86
196 223 57
196 253 70
197 276 5
197 201 5
197 206 65
197 207 82
197 236 29
197 240 44
198 261 59
198 249 100
198 298 76
198 267 84
198 206 62
199 288 21
199 298 22
199 205 36
199 217 54
199 224 57
199 252 100
200 261 68
200 225 46
200 268 39
200 237 52
200 214 31
200 271 13
200 252 21
201 272 46
201 296 62
201 297 61
201 257 15
201 270 67
201 204 99
201 265 17
201 280 70
201 219 95
202 267 58
202 272 48
202 273 22
202 277 46
202 299 28
202 204 33
202 220 29
202 223 89
202 234 2
202 243 53
203 256 19
203 271 92
203 286 6
203 299 46
203 208 25
203 212 62
203 214 42
203 222 21
203 239 71
203 243 77
203 249 43
204 256 97
204 266 96
204 275 51
204 279 3
204 282 80
204 210 13
204 274 13
204 249 10
204 250 73
204 255 32
205 268 60
205 278 93
205 269 0
205 214 62
205 215 36
205 226 47
205 236 5
205 249 93
206 257 85
206 261 59
206 263 28
206 266 44
206 279 18
206 212 75
206 218 72
206 223 99
206 231 86
206 246 19
206 250 95
207 273 22
207 287 32
207 270 29
207 227 23
207 238 83
207 243 53
207 246 35
207 248 8
208 259 87
208 260 49
208 264 59
208 292 8
208 216 85
208 232 72
208 233 65
208 235 46
208 239 63
208 243 11
209 262 51
209 268 20
209 287 13
209 291 0
209 294 12
209 296 59
209 243 74
209 218 66
209 223 73
209 231 25
209 249 4
209 250 78
209 255 2
210 268 13
210 272 23
210 283 96
210 295 8
210 223 39
210 253 26
211 263 0
211 299 63
211 271 74
212 275 9
212 284 31
212 217 28
212 235 85
212 247 82
213 224 76
213 225 18
213 235 82
213 276 14
213 270 41
213 277 92
214 265 63
214 270 72
214 278 35
214 286 28
214 288 96
214 291 16
214 228 53
214 233 67
215 289 79
215 260 36
215 247 42
215 269 57
215 279 40
215 281 0
215 222 91
215 255 0
216 261 61
216 257 37
216 281 11
216 224 46
216 228 30
216 235 12
216 247 41
216 254 59
217 264 35
217 269 77
217 281 13
217 296 48
217 221 79
217 222 18
217 224 84
217 225 76
217 228 21
217 234 89
217 238 91
217 239 80
217 247 34
217 251 64
217 253 94
218 262 62
218 264 30
218 265 10
218 272 81
218 280 35
218 283 83
218 242 42
218 251 23
219 280 29
219 291 72
219 225 30
219 230 58
219 298 71
219 251 6
219 253 64
220 263 77
220 265 71
220 284 29
220 289 49
220 234 6
220 243 89
220 246 86
220 253 47
221 260 58
221 264 96
221 267 56
221 287 99
221 296 0
221 223 93
221 272 86
221 297 66
221 248 20
222 258 15
222 279 1
222 286 68
222 297 95
222 223 23
222 253 23
223 258 43
223 266 41
223 239 70
223 289 10
223 295 28
223 231 17
223 237 100
223 250 49
223 255 67
224 260 9
224 266 73
224 269 2
224 283 33
224 291 4
224 237 33
224 243 62
225 256 53
225 258 26
225 259 71
225 261 62
225 269 53
225 283 1
225 284 83
225 296 88
225 299 19
226 290 20
226 235 47
226 299 43
226 272 95
226 244 79
226 287 24
227 270 11
227 278 73
228 259 49
228 275 42
228 286 51
228 288 24
228 234 54
228 295 35
228 253 88
229 290 19
229 269 44
229 238 84
229 250 95
230 262 24
230 239 24
230 240 43
230 253 21
231 274 68
231 275 56
231 283 53
231 233 78
231 251 16
231 255 36
232 290 24
232 298 62
232 281 1
232 270 21
232 252 33
233 249 98
233 238 24
233 252 71
234 275 97
234 278 53
234 284 100
234 289 21
234 236 6
234 244 14
235 262 62
235 245 19
235 278 92
235 292 80
235 282 91
235 277 80
236 296 46
236 243 87
236 247 86
236 280 51
236 253 57
237 295 75
237 270 23
237 272 21
237 248 55
238 256 50
238 260 68
238 268 3
238 270 54
238 272 11
238 259 75
238 284 45
238 249 67
239 256 10
239 258 89
239 282 39
239 286 64
239 299 29
240 277 43
240 281 4
240 261 24
241 280 38
241 295 6
241 251 72
242 286 67
242 298 45
242 249 46
242 253 11
243 256 88
243 257 81
243 270 47
243 289 9
243 246 63
244 263 55
244 264 25
244 274 86
244 290 90
245 267 53
245 268 31
245 269 31
246 275 67
246 277 98
247 256 89
247 266 61
247 275 16
248 257 39
248 285 30
248 287 77
248 294 67
249 285 32
249 298 49
249 251 9
250 258 95
250 262 100
250 298 79
251 276 11
251 268 80
251 254 32
252 261 53
252 270 11
252 271 41
252 277 72
252 279 43
252 286 84
252 290 31
252 298 8
252 255 16
253 267 82
253 268 34
253 269 38
253 273 38
253 274 81
253 289 18
253 291 1
253 297 1
254 292 85
254 284 33
254 255 23
255 260 9
255 270 51
255 273 4
255 295 86
256 260 71
256 274 24
256 294 45
256 264 53
257 271 89
257 283 68
258 264 87
258 294 9
258 295 63
258 266 85
258 269 58
259 261 77
259 265 12
259 278 58
259 287 75
259 295 38
259 299 96
260 267 77
260 270 99
260 273 100
260 277 93
260 281 6
260 289 44
260 293 24
261 278 30
261 285 0
262 264 50
262 270 44
262 290 43
262 293 28
262 297 72
263 285 67
263 287 7
263 288 23
263 292 19
263 294 6
263 299 5
264 275 22
264 283 58
264 291 75
265 281 88
265 299 36
265 288 79
265 275 59
266 269 94
266 282 86
267 268 48
267 280 70
267 282 79
268 271 95
268 279 53
268 289 28
268 286 99
269 271 6
269 284 33
269 285 100
269 289 41
270 284 91
270 299 10
271 291 87
271 299 17
272 297 1
274 283 95
274 288 57
274 290 50
274 296 18
275 279 95
275 289 85
275 291 99
275 292 51
275 296 4
276 279 42
276 280 63
276 282 88
276 284 61
276 292 12
278 292 54
280 294 16
281 285 62
281 290 15
282 286 62
282 293 97
282 297 55
283 292 98
283 293 29
285 298 52
286 292 59
287 297 51
288 290 24
288 295 38
288 296 11
289 290 58
289 292 4
289 299 34
290 291 84
290 294 100
293 294 39
