300 4000
0 129 15
0 137 36
0 12 62
0 144 72
0 145 65
0 276 65
0 279 76
0 24 73
0 282 7
0 162 87
0 291 80
0 296 87
0 41 7
0 298 56
0 45 63
0 178 57
0 180 77
0 55 2
0 63 77
0 65 78
0 71 10
0 204 93
0 205 9
0 206 47
0 83 40
0 87 47
0 250 74
0 95 88
0 224 9
0 97 33
0 98 9
0 233 85
0 236 90
0 109 62
0 239 100
0 119 6
0 122 49
0 254 30
1 16 64
1 194 14
1 132 89
1 167 69
1 40 29
1 103 26
1 75 71
1 143 4
1 208 20
1 275 34
1 84 75
1 245 12
1 23 81
1 56 61
1 228 13
1 154 29
1 123 34
1 213 2
2 128 1
2 129 96
2 87 61
2 277 17
2 25 10
2 286 75
2 289 87
2 38 79
2 241 50
2 42 20
2 51 86
2 52 64
2 53 86
2 62 59
2 63 42
2 192 20
2 11 7
2 196 58
2 69 48
2 33 74
2 78 43
2 208 84
2 81 94
2 212 32
2 214 59
2 215 55
2 88 86
2 89 44
2 218 10
2 219 63
2 96 38
2 226 14
2 100 54
2 108 40
2 113 88
2 116 2
3 288 52
3 214 63
3 226 1
3 22 25
3 293 37
3 130 18
3 236 79
3 106 9
3 19 62
3 204 76
3 269 14
3 15 34
3 240 46
3 227 88
3 181 35
3 54 44
3 169 21
3 280 73
3 58 15
3 124 91
3 85 70
4 261 64
4 135 23
4 272 39
4 274 92
4 20 24
4 278 30
4 153 60
4 158 35
4 159 50
4 161 28
4 34 71
4 296 95
4 297 82
4 263 89
4 172 84
4 60 67
4 191 54
4 65 90
4 67 86
4 90 44
4 102 20
4 104 66
4 107 79
4 237 89
4 241 31
4 126 45
4 118 29
4 252 91
4 254 80
5 129 23
5 137 99
5 267 28
5 12 96
5 13 98
5 270 77
5 143 98
5 150 63
5 28 54
5 294 15
5 174 4
5 50 94
5 181 97
5 54 89
5 62 32
5 70 10
5 199 92
5 76 47
5 215 13
5 226 71
5 110 8
5 112 65
5 242 77
5 247 9
5 123 35
5 253 76
6 128 83
6 35 68
6 130 5
6 99 23
6 293 53
6 19 74
6 8 44
6 202 81
6 78 36
6 206 93
6 111 67
6 27 78
6 209 56
6 50 49
6 51 24
6 149 82
6 250 86
6 283 20
6 200 25
6 253 9
6 63 94
7 128 97
7 258 98
7 171 84
7 132 73
7 197 89
7 34 68
7 163 17
7 293 53
7 295 17
7 299 6
7 174 2
7 175 49
7 176 87
7 177 9
7 61 50
7 67 32
7 69 94
7 85 93
7 106 23
7 241 41
7 249 81
7 234 95
7 254 28
7 213 54
8 256 13
8 263 0
8 137 81
8 13 24
8 15 26
8 17 14
8 274 1
8 278 28
8 23 33
8 157 63
8 36 82
8 165 51
8 177 8
8 56 23
8 60 21
8 64 97
8 195 86
8 211 82
8 214 2
8 88 39
8 218 73
8 237 17
8 112 67
9 256 19
9 99 51
9 36 11
9 261 3
9 200 31
9 73 96
9 206 63
9 207 0
9 156 53
9 25 93
9 85 72
9 182 44
9 183 92
9 185 66
9 282 72
9 283 16
9 188 66
9 126 94
9 245 26
10 259 93
10 132 13
10 133 46
10 268 58
10 151 75
10 26 53
10 28 7
10 159 89
10 291 74
10 166 52
10 295 45
10 41 48
10 173 75
10 49 3
10 183 29
10 184 88
10 62 27
10 191 22
10 66 88
10 197 23
10 203 75
10 80 44
10 163 81
10 212 46
10 86 88
10 88 33
10 245 54
10 247 51
10 249 59
10 251 48
11 128 64
11 137 7
11 138 36
11 143 77
11 274 2
11 149 4
11 28 72
11 285 25
11 287 40
11 36 92
11 284 13
11 48 66
11 178 75
11 53 24
11 58 67
11 62 78
11 181 97
11 64 83
11 65 11
11 68 72
11 78 33
11 271 20
11 93 96
11 225 70
11 243 57
11 249 19
11 126 47
11 277 10
12 258 99
12 138 59
12 149 42
12 22 16
12 280 64
12 284 41
12 29 49
12 159 59
12 32 96
12 33 78
12 156 18
12 44 33
12 53 35
12 54 86
12 187 96
12 188 81
12 71 89
12 77 97
12 84 39
12 85 32
12 217 67
12 220 6
12 242 20
12 116 64
12 248 35
12 123 92
13 261 28
13 136 90
13 139 1
13 149 45
13 150 98
13 279 23
13 22 14
13 155 44
13 161 71
13 291 42
13 292 89
13 165 70
13 179 2
13 190 49
13 66 61
13 197 56
13 35 64
13 36 59
13 94 64
13 101 28
13 110 100
13 239 54
13 211 14
13 118 88
13 123 12
14 261 46
14 15 55
14 273 26
14 277 51
14 22 9
14 151 45
14 24 90
14 156 72
14 160 88
14 289 64
14 36 96
14 41 29
14 175 60
14 63 12
14 194 80
14 271 68
14 89 94
14 91 17
14 92 5
14 221 51
14 96 38
14 228 21
14 93 15
14 239 60
14 119 29
14 127 46
15 129 50
15 131 37
15 265 26
15 267 16
15 141 42
15 142 2
15 237 43
15 145 14
15 275 55
15 155 89
15 158 83
15 161 2
15 36 54
15 65 48
15 70 98
15 33 50
15 210 45
15 86 78
15 91 19
15 94 50
15 223 60
15 101 17
15 106 25
15 109 60
15 111 39
15 118 61
15 234 47
16 260 27
16 133 71
16 279 18
16 142 93
16 274 64
16 149 39
16 23 27
16 157 60
16 162 18
16 298 43
16 172 46
16 49 25
16 184 45
16 63 24
16 73 4
16 77 73
16 206 73
16 81 2
16 82 8
16 212 78
16 78 5
16 223 77
16 224 86
16 226 97
16 249 51
17 130 92
17 66 84
17 273 69
17 278 20
17 280 68
17 162 93
17 293 57
17 296 61
17 46 56
17 125 68
17 55 11
17 57 48
17 187 28
17 194 12
17 199 29
17 222 5
17 95 34
17 228 3
17 103 66
17 105 42
17 111 99
17 242 79
17 244 78
17 246 34
17 124 84
17 253 49
18 129 37
18 131 18
18 134 82
18 282 73
18 156 64
18 158 30
18 160 95
18 177 95
18 186 67
18 59 44
18 188 60
18 61 14
18 68 8
18 84 43
18 219 76
18 230 95
18 239 4
18 113 47
18 243 74
18 244 82
18 124 72
18 253 40
18 127 62
19 131 80
19 260 90
19 133 85
19 273 15
19 276 47
19 279 71
19 153 2
19 155 0
19 218 75
19 261 1
19 32 67
19 33 66
19 40 88
19 169 30
19 42 55
19 44 42
19 47 68
19 31 89
19 74 20
19 90 65
19 102 63
19 109 10
19 112 96
19 246 18
19 121 75
19 122 12
19 126 33
20 130 72
20 171 82
20 148 62
20 27 56
20 29 47
20 31 12
20 294 85
20 299 43
20 44 65
20 173 62
20 178 46
20 179 22
20 195 24
20 80 43
20 121 61
20 88 57
20 223 38
20 225 80
20 229 85
20 106 47
20 244 75
20 276 48
20 254 97
21 144 8
21 67 24
21 196 68
21 230 97
21 233 40
21 234 64
21 215 89
21 142 51
21 61 1
21 80 100
21 74 89
21 149 67
21 279 8
21 248 47
21 25 82
21 90 86
21 251 94
21 93 87
21 222 71
21 85 41
22 261 96
22 137 90
22 143 50
22 144 53
22 26 77
22 34 5
22 38 98
22 43 43
22 52 48
22 182 17
22 184 21
22 185 86
22 245 14
22 65 38
22 196 23
22 203 57
22 76 76
22 77 99
22 205 37
22 209 10
22 96 7
22 97 31
22 117 57
22 125 65
22 126 39
23 68 93
23 258 79
23 67 17
23 196 76
23 276 0
23 252 72
23 151 74
23 172 8
23 271 15
23 244 65
23 203 84
23 185 26
23 280 54
23 57 89
23 154 71
23 251 33
23 284 79
23 254 13
24 258 61
24 259 47
24 132 71
24 136 11
24 138 12
24 139 57
24 130 75
24 37 64
24 297 89
24 47 91
24 62 64
24 194 74
24 196 98
24 75 21
24 81 3
24 92 81
24 227 79
24 112 40
24 124 98
24 253 80
25 129 28
25 151 2
25 29 26
25 158 23
25 31 56
25 36 29
25 40 49
25 297 4
25 199 71
25 44 47
25 175 29
25 180 64
25 188 22
25 192 74
25 65 32
25 70 46
25 71 35
25 201 93
25 206 30
25 81 39
25 211 90
25 164 49
25 92 90
25 96 36
25 226 55
25 233 3
25 234 86
25 110 68
25 240 42
25 244 68
25 122 43
25 251 36
25 252 43
26 288 99
26 226 19
26 99 8
26 36 78
26 230 84
26 168 22
26 201 19
26 172 75
26 237 13
26 78 77
26 114 5
26 84 84
26 196 86
26 202 19
27 225 88
27 132 33
27 262 74
27 198 100
27 264 68
27 168 28
27 299 41
27 50 88
27 240 28
27 81 40
27 242 30
27 115 55
27 147 34
27 244 41
27 123 71
27 124 39
28 263 46
28 140 56
28 271 18
28 145 17
28 276 24
28 159 84
28 288 6
28 161 51
28 163 90
28 37 95
28 50 71
28 180 13
28 55 50
28 287 44
28 63 31
28 69 66
28 198 72
28 73 12
28 90 25
28 228 44
28 101 6
28 237 85
28 241 13
28 242 60
28 115 26
28 246 13
28 119 35
28 121 47
28 127 51
29 128 31
29 43 70
29 262 12
29 162 85
29 40 7
29 169 90
29 299 57
29 44 62
29 180 25
29 188 22
29 189 8
29 268 15
29 86 20
29 219 63
29 96 46
29 97 8
29 227 75
29 106 47
29 113 81
29 116 53
30 134 75
30 275 95
30 282 85
30 284 94
30 33 100
30 34 2
30 298 20
30 172 7
30 56 52
30 61 2
30 62 67
30 64 87
30 194 73
30 161 76
30 202 68
30 79 21
30 87 100
30 97 29
30 98 35
30 103 73
30 233 53
30 107 30
30 112 86
30 252 52
30 170 89
31 131 62
31 149 4
31 151 30
31 154 9
31 158 88
31 159 53
31 161 15
31 36 68
31 165 88
31 167 13
31 170 59
31 172 47
31 45 81
31 54 52
31 62 20
31 192 96
31 66 40
31 196 9
31 72 99
31 75 88
31 76 35
31 82 66
31 83 8
31 92 91
31 235 21
31 243 88
31 122 13
31 123 3
31 254 20
32 139 60
32 132 27
32 229 36
32 135 19
32 233 93
32 42 35
32 111 53
32 76 36
32 207 30
32 271 60
32 178 36
32 214 2
32 186 64
32 260 33
32 90 84
32 47 68
32 58 0
32 127 33
33 274 60
33 151 8
33 293 34
33 294 49
33 41 83
33 175 8
33 180 17
33 181 36
33 63 97
33 205 71
33 81 61
33 211 47
33 85 83
33 89 1
33 90 48
33 96 24
33 225 34
33 226 22
33 232 100
33 106 82
33 107 64
33 123 92
34 128 9
34 259 34
34 136 66
34 148 55
34 161 64
34 164 68
34 166 75
34 168 12
34 263 33
34 49 44
34 185 32
34 67 95
34 79 9
34 211 0
34 87 95
34 292 53
34 105 81
34 234 44
34 236 45
35 135 48
35 138 62
35 275 44
35 282 85
35 283 69
35 295 39
35 41 60
35 298 41
35 177 2
35 57 90
35 191 95
35 67 14
35 72 72
35 84 70
35 85 33
35 214 3
35 90 64
35 226 89
35 237 63
35 113 29
35 252 60
36 128 1
36 130 59
36 261 0
36 135 100
36 138 20
36 148 41
36 278 55
36 297 39
36 174 73
36 175 5
36 177 86
36 179 43
36 186 4
36 60 94
36 64 54
36 195 76
36 70 96
36 72 4
36 74 22
36 213 54
36 88 19
36 98 69
36 230 79
36 231 82
36 107 60
36 237 84
36 247 28
36 120 38
36 121 28
36 253 48
37 138 50
37 270 96
37 271 60
37 158 94
37 295 33
37 40 83
37 175 99
37 176 56
37 51 74
37 181 31
37 55 62
37 63 64
37 66 14
37 195 100
37 74 60
37 206 12
37 216 88
37 229 5
37 113 77
37 243 2
37 247 3
37 123 47
37 125 10
38 160 31
38 226 74
38 131 7
38 167 10
38 298 13
38 202 43
38 111 33
38 109 82
38 269 34
38 173 85
38 272 84
38 205 78
38 67 95
38 86 26
38 170 16
38 250 18
38 219 13
38 253 74
38 190 71
39 263 91
39 289 68
39 126 100
39 259 53
39 66 64
39 293 56
39 166 42
39 65 2
39 64 73
39 299 68
39 61 63
39 93 57
39 48 7
39 274 93
39 53 47
39 151 40
39 250 85
39 70 2
39 125 22
39 134 92
39 197 12
40 160 51
40 99 20
40 257 93
40 161 67
40 128 65
40 50 68
40 80 88
40 145 52
40 114 98
40 131 23
40 180 51
40 277 66
40 187 24
40 276 16
41 128 87
41 259 57
41 144 24
41 149 6
41 154 99
41 288 65
41 57 32
41 189 95
41 66 27
41 70 77
41 76 94
41 82 58
41 211 56
41 85 98
41 217 51
41 90 73
41 226 6
41 228 63
41 104 68
41 105 21
41 233 19
42 134 94
42 136 100
42 137 99
42 266 3
42 141 55
42 275 93
42 154 32
42 157 61
42 159 80
42 172 17
42 177 55
42 265 98
42 68 12
42 80 28
42 211 53
42 87 84
42 218 80
42 96 85
42 225 56
42 229 40
42 104 0
42 208 38
42 120 2
42 123 92
42 254 54
43 256 51
43 271 58
43 274 69
43 277 84
43 281 75
43 290 11
43 157 62
43 181 9
43 184 36
43 186 44
43 224 84
43 200 8
43 201 5
43 80 46
43 81 36
43 92 22
43 222 20
43 223 37
43 96 85
43 98 73
43 100 21
43 229 68
43 209 49
43 232 19
43 233 26
43 239 52
43 247 97
43 252 92
43 126 10
44 131 7
44 133 58
44 149 74
44 152 46
44 291 63
44 166 74
44 167 57
44 169 32
44 170 65
44 177 41
44 58 77
44 190 39
44 81 41
44 211 55
44 218 15
44 221 23
44 226 0
44 109 71
44 112 52
44 245 90
44 298 31
44 125 10
44 127 85
45 289 34
45 130 78
45 283 58
45 229 70
45 134 59
45 129 87
45 95 1
45 141 2
45 206 36
45 269 87
45 147 35
45 118 6
45 281 96
45 122 62
45 255 59
45 125 4
45 94 78
45 191 34
46 196 2
46 293 1
46 199 61
46 284 65
46 231 24
46 204 36
46 205 3
46 80 74
46 82 70
46 52 78
46 219 83
46 60 12
46 221 6
47 129 16
47 258 78
47 259 45
47 270 99
47 157 17
47 161 82
47 52 4
47 60 16
47 196 50
47 201 66
47 81 32
47 86 27
47 216 75
47 92 48
47 222 55
47 96 27
47 232 87
47 109 46
47 238 9
47 239 99
47 112 1
47 114 19
47 117 4
47 118 19
48 259 78
48 140 10
48 141 60
48 143 24
48 273 0
48 160 52
48 178 79
48 198 54
48 82 69
48 84 15
48 88 8
48 221 8
48 223 93
48 123 1
48 228 12
48 101 96
48 230 48
48 104 52
48 237 57
48 251 87
49 130 75
49 264 39
49 141 6
49 142 94
49 271 67
49 277 94
49 153 81
49 283 83
49 286 10
49 293 1
49 173 25
49 174 41
49 53 28
49 184 59
49 60 60
49 61 90
49 63 25
49 70 39
49 72 17
49 77 92
49 56 32
49 83 57
49 107 2
49 108 85
49 240 82
49 124 15
49 125 67
50 263 71
50 152 51
50 157 77
50 155 45
50 295 87
50 156 97
50 135 62
50 189 23
50 213 6
50 92 64
50 94 57
50 96 46
50 111 0
50 241 4
50 243 75
50 245 34
50 248 100
50 124 43
50 253 84
51 263 70
51 149 64
51 152 61
51 160 50
51 170 32
51 172 73
51 177 51
51 181 16
51 183 39
51 195 14
51 205 74
51 215 1
51 89 58
51 224 12
51 99 1
51 106 6
51 236 8
51 238 79
51 122 79
51 125 89
51 127 98
52 64 90
52 129 57
52 197 98
52 71 15
52 169 45
52 170 14
52 127 89
52 204 35
52 205 36
52 237 42
52 209 43
52 53 25
52 151 86
52 56 72
52 126 55
52 133 12
53 256 4
53 192 96
53 131 37
53 262 19
53 265 45
53 141 45
53 271 72
53 144 20
53 273 64
53 147 95
53 149 61
53 279 42
53 152 92
53 294 21
53 298 9
53 172 95
53 137 46
53 64 89
53 199 53
53 140 27
53 78 8
53 79 29
53 211 69
53 87 75
53 93 17
53 224 93
53 98 50
53 102 92
53 252 16
53 253 32
54 258 37
54 134 100
54 135 47
54 266 24
54 141 35
54 272 85
54 146 19
54 147 28
54 162 14
54 297 67
54 188 82
54 189 30
54 76 78
54 79 99
54 208 98
54 209 42
54 215 3
54 207 30
54 222 4
54 236 93
54 243 71
55 257 15
55 138 41
55 194 62
55 278 93
55 279 94
55 218 58
55 181 29
55 182 29
55 186 13
55 66 42
55 77 2
55 211 6
55 214 80
55 90 67
55 104 23
55 109 98
55 117 30
55 252 95
56 135 53
56 139 36
56 142 12
56 271 58
56 274 26
56 147 98
56 148 84
56 277 27
56 152 63
56 159 86
56 162 85
56 291 2
56 298 24
56 177 89
56 179 77
56 185 20
56 287 52
56 188 41
56 190 60
56 64 7
56 67 41
56 85 3
56 216 31
56 224 17
56 228 4
56 250 97
56 253 94
56 126 50
56 149 55
57 128 65
57 264 1
57 266 72
57 139 75
57 268 25
57 147 95
57 150 32
57 289 79
57 294 67
57 179 21
57 138 73
57 61 11
57 190 79
57 192 75
57 67 12
57 68 44
57 71 53
57 73 94
57 79 55
57 217 100
57 93 83
57 224 80
57 101 49
57 105 46
57 107 99
57 239 59
57 121 43
57 252 80
58 192 53
58 272 3
58 277 7
58 280 81
58 284 43
58 158 30
58 297 57
58 180 75
58 181 73
58 64 30
58 66 70
58 246 33
58 70 0
58 73 33
58 203 64
58 208 6
58 89 30
58 93 3
58 95 2
58 100 73
58 106 25
58 107 39
58 242 95
58 118 89
58 249 56
59 131 31
59 134 89
59 263 46
59 195 39
59 149 33
59 152 43
59 282 94
59 284 90
59 160 76
59 164 29
59 295 76
59 156 70
59 176 72
59 180 58
59 186 32
59 203 79
59 69 8
59 75 39
59 79 81
59 248 62
59 214 3
59 92 31
59 224 75
59 101 46
59 102 40
59 108 78
59 245 58
59 120 9
59 252 28
59 254 31
60 262 100
60 265 33
60 140 91
60 141 59
60 270 0
60 145 14
60 278 65
60 163 82
60 295 69
60 181 16
60 199 48
60 73 39
60 80 12
60 212 84
60 219 64
60 225 51
60 226 26
60 102 14
60 238 42
60 249 28
61 256 58
61 133 99
61 134 95
61 137 17
61 272 92
61 275 61
61 156 79
61 157 53
61 292 63
61 263 61
61 192 80
61 69 37
61 201 5
61 76 21
61 80 9
61 216 18
61 220 64
61 94 22
61 95 37
61 229 24
61 231 40
61 235 51
61 108 45
61 111 83
61 240 59
61 244 85
61 246 79
61 127 32
62 128 90
62 130 0
62 267 47
62 141 27
62 144 8
62 148 60
62 282 68
62 157 79
62 160 42
62 175 91
62 185 75
62 186 89
62 66 34
62 205 59
62 207 78
62 84 10
62 93 62
62 94 30
62 225 98
62 99 41
62 238 94
62 240 40
62 242 28
62 120 31
63 131 100
63 140 55
63 269 39
63 277 99
63 157 42
63 159 22
63 166 34
63 168 2
63 297 39
63 298 39
63 184 0
63 113 87
63 116 37
63 124 68
64 259 27
64 272 62
64 293 82
64 168 21
64 169 2
64 176 95
64 183 40
64 80 72
64 213 27
64 90 32
64 95 72
64 226 44
64 103 55
64 104 15
64 111 33
64 120 12
65 128 68
65 135 72
65 268 38
65 141 77
65 155 18
65 156 99
65 157 34
65 159 33
65 288 74
65 289 21
65 291 49
65 186 62
65 189 100
65 190 98
65 67 76
65 196 56
65 199 28
65 211 86
65 226 32
65 230 59
65 234 93
65 236 2
66 129 33
66 258 31
66 133 2
66 137 45
66 267 50
66 272 99
66 147 48
66 293 91
66 170 49
66 174 50
66 180 26
66 95 59
66 67 82
66 197 3
66 80 88
66 212 57
66 89 78
66 92 11
66 93 99
66 165 40
66 101 80
66 110 31
66 241 57
66 297 54
66 123 27
66 126 83
67 130 14
67 131 35
67 134 91
67 269 99
67 281 37
67 284 38
67 287 53
67 160 47
67 293 46
67 168 38
67 194 40
67 201 58
67 203 37
67 290 36
67 207 24
67 221 18
67 100 97
67 234 89
67 240 65
67 114 1
67 121 49
68 261 72
68 136 29
68 149 50
68 155 34
68 157 54
68 161 13
68 291 75
68 164 24
68 169 21
68 179 69
68 184 56
68 195 21
68 196 56
68 72 81
68 212 28
68 214 3
68 226 64
68 252 74
69 134 91
69 130 32
69 272 84
69 148 63
69 286 29
69 288 26
69 299 56
69 172 78
69 174 91
69 187 76
69 196 61
69 72 2
69 217 21
69 94 97
69 228 54
69 114 23
69 250 68
70 131 78
70 145 95
70 274 13
70 276 93
70 277 40
70 150 63
70 280 55
70 156 80
70 289 94
70 172 46
70 198 52
70 199 27
70 77 78
70 78 36
70 211 77
70 91 53
70 220 49
70 186 55
70 146 67
70 239 12
70 240 51
70 113 4
70 250 75
71 260 7
71 237 1
71 147 13
71 148 63
71 158 84
71 291 100
71 174 9
71 180 97
71 186 21
71 159 66
71 190 28
71 194 67
71 225 19
71 207 48
71 214 86
71 88 34
71 143 1
71 97 79
71 105 80
71 109 34
71 245 11
71 127 44
72 257 51
72 130 8
72 264 38
72 267 60
72 273 39
72 146 18
72 275 22
72 152 49
72 283 74
72 180 6
72 184 86
72 187 51
72 197 85
72 75 4
72 78 1
72 85 45
72 96 19
72 97 67
72 238 1
72 121 31
73 143 19
73 276 45
73 152 49
73 299 10
73 184 4
73 200 48
73 208 85
73 120 51
73 271 22
73 92 88
73 226 84
73 188 67
73 235 39
73 248 32
73 125 93
73 127 25
74 134 27
74 263 45
74 265 20
74 146 6
74 148 30
74 283 20
74 287 75
74 183 85
74 189 32
74 206 11
74 91 44
74 96 83
74 226 12
74 100 5
74 112 49
74 247 0
74 120 86
74 127 11
75 135 69
75 264 84
75 270 90
75 273 54
75 274 8
75 90 61
75 152 24
75 285 19
75 166 85
75 129 41
75 175 75
75 178 55
75 179 61
75 202 84
75 203 88
75 76 17
75 77 23
75 78 75
75 89 88
75 218 16
75 93 40
75 227 49
75 229 100
75 241 100
75 115 1
75 116 60
76 258 62
76 264 81
76 143 38
76 145 80
76 164 60
76 294 52
76 180 66
76 261 51
76 203 45
76 226 42
76 91 54
76 222 94
76 95 14
76 225 88
76 98 64
76 227 39
76 273 10
76 105 13
76 114 88
76 244 22
76 245 76
76 297 32
76 123 59
77 128 42
77 269 15
77 143 82
77 147 26
77 165 66
77 295 93
77 172 99
77 175 75
77 196 75
77 79 53
77 81 88
77 102 58
77 103 94
77 106 43
77 236 91
77 237 90
77 110 14
77 244 5
77 121 82
77 250 48
77 125 47
78 257 33
78 258 71
78 132 34
78 142 54
78 143 94
78 269 50
78 149 60
78 112 31
78 186 20
78 195 16
78 197 41
78 79 15
78 218 51
78 219 88
78 100 8
78 102 12
78 240 3
78 241 93
78 114 39
78 243 36
79 135 50
79 290 0
79 150 80
79 151 1
79 283 46
79 159 5
79 288 57
79 289 87
79 291 47
79 294 61
79 296 6
79 299 8
79 183 13
79 209 34
79 213 67
79 185 48
79 187 57
79 228 2
79 232 26
79 119 61
80 260 74
80 142 73
80 143 97
80 272 37
80 273 50
80 156 99
80 194 17
80 211 19
80 84 87
80 90 66
80 232 51
80 105 74
80 239 47
80 114 9
80 115 63
80 247 95
80 251 91
81 299 45
81 276 33
81 281 49
81 154 63
81 158 64
81 292 24
81 297 30
81 186 80
81 220 60
81 226 71
81 233 3
81 122 100
81 124 85
81 255 9
82 134 21
82 264 72
82 138 64
82 141 41
82 270 10
82 276 44
82 278 42
82 152 93
82 283 32
82 160 12
82 162 26
82 163 81
82 164 79
82 166 26
82 169 60
82 176 34
82 185 42
82 188 66
82 194 91
82 212 1
82 88 20
82 101 10
82 109 23
82 238 63
82 120 67
83 256 4
83 195 68
83 132 1
83 165 54
83 296 60
83 298 51
83 146 66
83 271 17
83 145 23
83 178 31
83 179 23
83 89 30
83 185 26
83 191 69
83 92 69
84 257 55
84 144 51
84 147 7
84 276 96
84 154 13
84 152 50
84 153 67
84 157 75
84 158 32
84 159 40
84 167 20
84 191 67
84 200 67
84 204 58
84 206 73
84 209 13
84 272 86
84 230 53
84 105 46
84 243 20
84 148 80
85 258 98
85 288 53
85 293 34
85 177 100
85 196 47
85 197 54
85 198 47
85 199 95
85 201 59
85 214 85
85 217 37
85 94 47
85 241 31
85 169 14
85 250 16
85 253 78
86 256 62
86 130 58
86 265 65
86 139 90
86 142 87
86 143 24
86 283 78
86 164 10
86 176 3
86 182 71
86 187 70
86 189 70
86 202 66
86 203 15
86 205 91
86 223 80
86 96 41
86 227 1
86 102 92
86 232 88
86 105 99
86 106 39
86 236 51
86 109 55
86 104 88
86 247 17
86 126 3
87 224 78
87 193 26
87 163 74
87 145 55
87 264 31
87 171 17
87 130 68
87 209 5
87 211 90
87 235 4
87 247 42
87 280 98
87 220 19
87 254 32
87 159 73
88 128 77
88 260 23
88 265 92
88 143 12
88 145 37
88 148 77
88 151 76
88 153 85
88 293 50
88 294 51
88 167 89
88 199 30
88 173 0
88 178 61
88 193 25
88 195 9
88 227 26
88 164 13
88 97 83
88 99 32
88 228 68
88 115 41
88 244 10
88 252 58
89 268 65
89 155 70
89 292 47
89 297 9
89 173 12
89 208 30
89 212 90
89 270 26
89 90 95
89 104 86
89 239 8
89 242 19
89 116 13
89 249 25
89 255 82
90 256 25
90 257 82
90 145 67
90 146 57
90 282 6
90 161 74
90 293 2
90 182 66
90 205 54
90 208 43
90 221 54
90 289 66
90 275 37
90 119 96
90 250 33
90 124 80
91 138 5
91 269 32
91 146 74
91 277 32
91 155 17
91 290 94
91 183 36
91 202 10
91 207 94
91 209 14
91 217 47
91 219 41
91 92 4
91 221 20
91 234 1
91 235 13
91 236 27
91 251 32
91 125 64
92 136 82
92 143 44
92 273 80
92 155 92
92 158 62
92 160 25
92 161 33
92 174 37
92 176 15
92 264 94
92 188 1
92 193 29
92 225 80
92 106 76
92 238 51
92 114 38
92 118 4
92 119 24
92 255 71
93 128 11
93 129 81
93 264 12
93 282 5
93 155 0
93 293 91
93 189 66
93 198 7
93 199 69
93 202 26
93 207 50
93 218 3
93 235 50
93 241 76
93 190 23
93 247 2
93 253 66
93 255 44
94 263 76
94 138 40
94 145 17
94 239 51
94 170 33
94 175 24
94 176 94
94 179 72
94 193 22
94 207 10
94 210 70
94 215 2
94 219 50
94 221 24
94 224 0
94 101 48
94 103 6
94 189 77
94 118 37
94 249 31
94 124 10
94 125 80
95 261 43
95 142 87
95 152 96
95 154 17
95 155 43
95 288 41
95 292 66
95 168 67
95 174 67
95 185 86
95 200 89
95 212 0
95 225 62
95 226 82
95 100 86
95 235 72
95 116 6
95 250 14
96 261 77
96 264 62
96 273 30
96 274 55
96 275 63
96 281 71
96 163 34
96 167 51
96 188 97
96 189 77
96 197 19
96 213 39
96 215 46
96 216 35
96 221 16
96 98 31
96 101 1
96 231 82
96 233 64
96 106 71
96 235 31
96 113 40
96 118 61
96 249 17
97 129 49
97 299 61
97 262 46
97 138 62
97 147 27
97 151 22
97 285 9
97 159 10
97 163 9
97 166 14
97 113 19
97 171 5
97 286 24
97 192 97
97 203 31
97 99 94
97 228 10
97 109 40
97 241 33
97 123 47
98 258 93
98 299 51
98 139 56
98 273 91
98 276 24
98 279 8
98 280 0
98 167 86
98 175 94
98 178 41
98 188 61
98 190 47
98 193 48
98 267 67
98 201 86
98 208 73
98 230 64
98 237 29
98 239 2
98 127 34
99 263 71
99 275 6
99 149 99
99 179 54
99 180 100
99 184 1
99 204 99
99 205 48
99 215 20
99 102 83
99 234 38
99 108 68
99 111 81
99 123 18
100 261 83
100 262 38
100 265 14
100 146 12
100 153 7
100 155 76
100 291 8
100 296 54
100 170 25
100 173 50
100 177 100
100 181 8
100 216 50
100 217 26
100 228 67
100 232 83
100 234 32
100 110 55
100 114 0
100 115 90
100 246 86
100 249 84
101 131 30
101 136 76
101 266 56
101 140 76
101 274 0
101 276 57
101 174 7
101 177 17
101 184 93
101 192 100
101 224 4
101 196 88
101 199 88
101 201 86
101 228 95
101 230 5
101 105 19
101 113 52
101 242 77
101 245 33
101 247 22
102 256 45
102 137 66
102 138 69
102 270 72
102 273 60
102 149 63
102 282 53
102 159 93
102 166 40
102 171 37
102 179 68
102 180 43
102 189 11
102 191 24
102 192 96
102 196 20
102 198 29
102 199 82
102 200 14
102 201 90
102 213 77
102 214 4
102 216 92
102 145 86
102 232 34
102 111 4
102 252 10
103 193 87
103 258 6
103 228 97
103 293 58
103 298 0
103 299 76
103 194 25
103 176 47
103 179 5
103 281 34
103 152 71
103 217 84
104 112 70
104 194 100
104 163 65
104 136 57
104 233 1
104 234 7
104 107 12
104 109 11
104 174 99
104 239 71
104 242 94
104 244 30
104 248 49
105 129 7
105 139 52
105 269 26
105 278 20
105 283 24
105 166 67
105 184 20
105 186 55
105 191 94
105 192 65
105 229 9
105 106 22
105 113 51
105 250 86
105 127 69
106 260 46
106 133 43
106 262 53
106 138 29
106 269 45
106 131 0
106 281 53
106 132 7
106 286 32
106 160 24
106 163 85
106 167 20
106 169 31
106 177 82
106 178 57
106 183 97
106 288 52
106 194 92
106 202 50
106 214 34
106 218 26
106 230 52
106 236 96
106 118 53
106 123 37
107 133 48
107 153 95
107 283 65
107 289 41
107 291 77
107 177 91
107 178 61
107 191 80
107 207 4
107 210 15
107 215 81
107 216 39
107 223 59
107 243 27
107 244 43
107 246 73
107 122 12
108 128 53
108 129 35
108 283 31
108 198 42
108 200 33
108 157 12
108 271 66
108 180 67
108 115 12
108 280 52
108 217 37
108 186 8
108 218 22
108 264 7
108 287 3
109 261 62
109 136 3
109 172 55
109 269 31
109 270 48
109 278 52
109 280 85
109 153 49
109 179 26
109 181 9
109 192 59
109 206 99
109 215 10
109 221 19
109 229 50
109 233 20
109 237 51
110 260 87
110 134 20
110 263 77
110 136 42
110 143 74
110 150 15
110 291 89
110 295 30
110 178 99
110 186 60
110 202 72
110 204 84
110 209 88
110 219 41
110 233 83
110 111 100
110 115 46
110 244 99
110 120 31
111 260 5
111 137 24
111 145 84
111 276 99
111 167 59
111 170 41
111 204 8
111 207 75
111 227 76
111 229 90
111 211 42
111 122 27
111 298 79
112 224 82
112 165 75
112 262 46
112 158 55
112 237 71
112 213 50
112 215 13
112 154 55
112 175 26
113 131 56
113 133 63
113 273 82
113 155 35
113 286 31
113 287 50
113 165 96
113 299 78
113 199 28
113 204 52
113 219 65
113 114 87
113 247 45
113 250 37
113 253 41
114 133 52
114 263 96
114 155 54
114 159 67
114 288 76
114 161 6
114 290 31
114 291 21
114 292 1
114 295 31
114 170 69
114 181 80
114 182 3
114 205 6
114 214 83
114 228 7
114 218 12
114 127 99
115 261 84
115 136 38
115 272 80
115 150 14
115 152 60
115 285 37
115 168 82
115 284 3
115 172 42
115 173 75
115 184 97
115 186 89
115 189 4
115 203 78
115 202 10
115 215 65
115 222 46
115 247 55
115 121 23
115 122 0
116 262 86
116 263 11
116 138 92
116 139 66
116 150 17
116 286 64
116 287 38
116 291 60
116 168 25
116 297 52
116 285 99
116 177 11
116 191 16
116 193 87
116 249 30
116 233 83
116 244 77
116 121 13
116 127 15
117 260 92
117 134 11
117 136 68
117 137 56
117 215 37
117 158 26
117 272 83
117 120 99
117 245 51
117 184 84
117 281 100
117 232 0
117 190 22
118 145 14
118 159 65
118 288 2
118 291 51
118 296 30
118 170 48
118 173 23
118 180 72
118 199 75
118 213 42
118 216 81
118 226 14
118 236 76
119 195 0
119 278 22
119 263 68
119 171 3
119 141 66
119 206 52
119 269 42
119 148 23
119 150 1
119 247 82
119 184 23
119 212 42
119 252 14
119 189 45
120 129 5
120 135 59
120 268 34
120 141 16
120 270 73
120 272 26
120 146 43
120 285 27
120 298 71
120 198 5
120 213 41
120 233 9
120 252 51
121 128 35
121 257 42
121 132 16
121 266 32
121 141 48
121 142 50
121 148 32
121 150 79
121 288 73
121 291 65
121 163 28
121 294 0
121 296 27
121 175 98
121 200 74
121 179 38
121 211 65
121 212 33
121 233 5
121 238 85
121 275 96
121 245 19
121 252 8
121 254 39
122 256 61
122 264 44
122 139 49
122 146 64
122 279 37
122 155 89
122 158 80
122 160 26
122 299 68
122 180 63
122 182 82
122 219 100
122 233 35
123 132 71
123 129 52
123 139 52
123 275 71
123 164 19
123 174 69
123 200 12
123 202 88
123 217 12
123 225 75
123 233 45
123 234 94
124 165 76
124 259 1
124 228 98
124 261 57
124 268 97
124 154 54
124 218 5
124 255 58
125 256 53
125 142 98
125 271 55
125 147 74
125 277 100
125 154 70
125 297 31
125 184 1
125 188 33
125 197 72
125 198 21
125 143 16
125 219 18
125 233 58
125 167 53
125 239 40
126 258 54
126 134 2
126 265 2
126 142 20
126 289 60
126 291 61
126 164 46
126 297 13
126 299 96
126 173 31
126 178 25
126 194 59
126 183 33
126 269 69
126 213 72
126 217 63
126 222 35
127 131 23
127 288 42
127 173 36
127 187 91
127 196 24
127 201 39
127 208 42
127 210 45
127 214 77
127 229 97
127 274 91
128 132 34
128 133 80
128 140 80
128 142 74
128 145 60
128 170 18
128 204 89
128 226 12
128 296 7
128 243 81
129 133 30
129 157 65
129 160 72
129 164 28
129 178 9
129 179 20
129 180 21
129 187 99
129 217 76
129 219 36
129 221 86
129 243 89
130 138 67
130 271 26
130 159 17
130 290 7
130 295 27
130 299 11
130 174 67
130 176 71
130 205 57
130 213 95
130 215 4
130 237 42
130 148 72
131 133 53
131 264 86
131 139 58
131 147 56
131 276 72
131 154 36
131 284 39
131 290 92
131 293 42
131 176 36
131 168 23
131 190 51
131 220 3
131 221 44
131 237 61
131 242 47
131 252 94
132 257 39
132 134 34
132 141 21
132 142 79
132 150 48
132 154 93
132 287 74
132 161 67
132 290 31
132 292 13
132 167 90
132 168 1
132 173 33
132 177 84
132 199 48
132 207 34
132 209 70
132 164 49
132 218 91
132 232 63
132 238 83
132 245 91
132 254 32
132 255 83
133 260 30
133 262 60
133 272 49
133 150 68
133 289 8
133 164 33
133 170 60
133 171 40
133 175 8
133 195 33
133 210 17
133 216 92
133 217 21
133 236 85
133 246 45
133 248 43
134 257 78
134 268 61
134 279 95
134 260 46
134 293 50
134 168 32
134 202 94
134 188 98
134 245 16
134 198 48
134 209 12
134 250 12
134 254 76
135 258 21
135 262 51
135 138 81
135 269 85
135 276 89
135 283 17
135 293 10
135 166 1
135 299 38
135 160 18
135 182 36
135 204 10
135 288 4
135 213 75
135 241 91
135 246 80
136 261 19
136 196 36
136 190 81
136 198 75
136 203 83
136 217 61
136 221 81
136 233 13
136 246 42
136 248 48
137 260 81
137 278 84
137 142 5
137 280 50
137 283 96
137 296 64
137 179 99
137 180 36
137 181 65
137 185 90
137 189 39
137 245 59
137 196 94
137 207 74
137 208 38
137 267 79
137 221 36
137 232 86
137 241 42
137 249 51
137 298 17
138 146 3
138 283 28
138 156 19
138 286 91
138 210 22
138 297 5
138 299 28
138 181 12
138 203 74
138 204 25
138 208 8
138 217 38
138 237 84
138 239 1
138 255 12
139 258 55
139 264 94
139 146 37
139 176 3
139 202 87
139 205 10
139 210 100
139 212 14
139 220 67
139 227 64
139 229 81
139 239 21
139 249 74
139 254 18
140 259 77
140 141 52
140 271 49
140 273 8
140 275 94
140 150 76
140 157 7
140 289 66
140 293 37
140 298 1
140 173 58
140 179 65
140 181 43
140 220 90
140 240 26
140 242 6
141 265 84
141 269 46
141 270 26
141 272 57
141 279 9
141 153 75
141 284 3
141 164 56
141 169 24
141 177 87
141 191 25
141 182 58
141 268 27
141 214 60
141 143 21
141 297 81
141 246 35
141 252 56
142 156 46
142 157 62
142 288 6
142 297 26
142 194 21
142 219 11
142 221 72
142 222 23
142 224 83
142 234 52
142 239 91
143 262 27
143 263 54
143 264 2
143 270 76
143 147 64
143 238 98
143 261 66
143 294 61
143 295 12
143 297 62
143 180 33
143 181 56
143 210 34
143 213 73
143 217 61
143 228 92
143 229 100
143 239 40
143 254 62
144 261 98
144 266 28
144 145 43
144 161 22
144 164 34
144 165 10
144 294 43
144 299 39
144 185 33
144 217 49
144 218 94
144 220 66
144 236 90
144 239 75
144 297 91
145 261 3
145 270 26
145 162 24
145 172 81
145 176 17
145 187 49
145 197 35
145 207 75
145 217 87
145 221 20
145 228 58
146 266 53
146 270 83
146 148 27
146 157 43
146 288 69
146 290 60
146 165 93
146 166 94
146 170 8
146 202 75
146 195 82
146 182 20
146 214 58
146 236 22
146 244 56
146 298 88
147 259 83
147 266 98
147 267 49
147 158 77
147 173 86
147 279 46
147 285 27
147 286 50
147 169 73
147 181 87
147 195 33
147 210 23
147 235 55
147 239 26
148 193 66
148 164 9
148 166 74
148 232 8
148 180 39
148 277 61
148 214 41
149 152 42
149 282 25
149 155 72
149 170 58
149 184 1
149 197 93
149 201 38
149 229 26
149 231 39
149 235 31
149 242 67
149 248 49
149 252 35
150 264 31
150 265 88
150 276 1
150 281 3
150 155 86
150 157 67
150 290 28
150 172 64
150 173 10
150 175 97
150 204 60
150 269 16
150 221 44
150 236 43
150 254 27
151 260 5
151 155 38
151 158 4
151 291 28
151 297 0
151 298 98
151 181 91
151 185 83
151 192 36
151 193 22
151 194 48
151 197 45
151 202 3
151 209 100
151 214 31
151 222 14
152 172 38
152 270 55
152 275 91
152 276 100
152 285 26
152 159 89
152 160 42
152 162 13
152 166 84
152 296 65
152 299 58
152 223 94
152 176 45
152 208 30
152 212 66
152 215 11
152 218 83
152 220 65
152 227 98
152 242 39
152 245 17
152 253 26
153 165 99
153 230 14
153 265 51
153 270 72
153 271 17
153 272 59
153 279 35
153 248 4
153 184 99
153 284 14
153 223 28
154 274 6
154 280 97
154 283 81
154 157 96
154 292 82
154 294 81
154 196 40
154 207 65
154 164 51
154 218 30
154 238 67
154 217 31
154 251 67
155 257 3
155 268 0
155 196 62
155 159 66
155 163 72
155 165 33
155 299 13
155 184 95
156 257 67
156 271 67
156 157 40
156 198 6
156 295 42
156 173 31
156 192 80
156 196 62
156 224 97
156 234 31
156 236 30
156 237 46
156 240 8
156 243 57
156 244 85
157 272 31
157 290 25
157 166 88
157 296 45
157 169 12
157 183 40
157 184 44
157 194 66
157 211 33
157 298 44
158 278 8
158 287 77
158 295 68
158 180 5
158 184 34
158 188 17
158 209 15
158 234 14
158 247 35
159 256 43
159 263 88
159 273 26
159 199 69
159 175 37
159 287 16
159 189 59
159 195 84
159 203 91
159 210 96
159 212 91
159 215 19
159 218 79
159 223 51
159 224 9
160 265 56
160 266 93
160 288 80
160 290 12
160 167 7
160 173 13
160 208 82
160 209 34
160 213 2
160 250 70
160 294 67
160 274 80
160 239 82
160 240 52
160 248 17
161 256 48
161 258 39
161 272 98
161 284 35
161 295 48
161 171 8
161 175 21
161 186 13
161 189 46
161 202 21
161 224 43
161 248 77
162 226 18
162 178 9
162 168 85
162 202 76
162 235 10
162 274 68
162 250 32
162 218 39
162 283 12
162 284 40
162 222 99
163 288 66
163 201 4
163 279 84
163 206 92
163 177 11
163 276 30
163 278 80
163 241 64
163 221 98
164 261 95
164 166 69
164 299 51
164 177 70
164 180 16
164 219 83
164 221 89
164 225 75
164 240 71
164 241 80
164 242 84
164 252 51
165 260 43
165 166 95
165 296 75
165 169 19
165 174 83
165 194 41
165 200 95
165 206 38
165 209 70
165 218 64
165 229 16
165 274 17
165 240 57
165 247 51
166 267 11
166 268 39
166 283 65
166 296 32
166 299 99
166 176 70
166 184 51
166 189 7
166 210 6
166 225 74
166 232 83
166 295 30
166 241 55
166 253 74
167 279 18
167 168 61
167 183 28
167 217 62
167 220 45
167 225 8
167 235 78
167 239 48
167 242 98
167 245 32
167 248 49
167 251 53
167 252 21
168 261 2
168 270 0
168 288 17
168 296 85
168 176 53
168 182 32
168 211 98
168 214 36
168 218 99
168 233 35
168 253 18
168 255 96
169 271 81
169 277 24
169 290 75
169 297 100
169 182 33
169 217 10
169 218 23
169 219 99
169 224 66
169 231 79
170 235 60
170 174 13
170 276 39
170 182 87
170 186 70
171 267 26
171 270 81
171 285 35
171 293 68
171 295 5
171 172 52
171 176 99
171 177 15
171 181 74
171 182 88
171 198 16
171 205 5
171 206 39
171 210 87
171 233 49
172 259 60
172 261 32
172 270 23
172 286 85
172 277 51
172 293 66
172 295 44
172 175 91
172 177 81
172 180 93
172 181 82
172 201 19
172 227 88
172 240 76
172 243 31
172 249 12
172 251 89
173 294 10
173 174 86
173 200 80
173 212 80
173 224 46
173 232 5
173 244 92
174 264 57
174 289 42
174 179 57
174 183 89
174 188 47
174 196 78
174 208 48
174 245 17
175 257 47
175 279 29
175 284 35
175 179 11
175 182 80
175 188 100
175 194 71
175 213 91
175 216 84
175 226 56
175 237 21
175 245 4
175 255 89
176 275 15
176 247 96
176 250 36
176 218 47
177 256 36
177 286 98
177 188 41
177 192 31
177 193 85
177 194 93
177 241 30
177 242 88
177 246 40
177 247 55
178 262 89
178 263 23
178 264 47
178 292 48
178 257 48
178 186 31
178 187 3
178 190 72
178 196 43
178 209 49
178 210 3
178 216 5
178 218 38
178 224 88
178 211 42
179 269 62
179 275 69
179 277 21
179 287 14
179 289 38
179 290 52
179 291 51
179 298 72
179 222 79
179 250 61
180 299 5
180 280 92
180 294 62
180 295 66
180 199 100
180 223 18
180 245 46
181 237 52
181 278 93
181 288 29
181 290 75
181 219 52
181 196 81
181 198 57
181 289 27
181 271 87
181 291 64
181 215 0
181 217 0
181 222 19
181 235 84
181 275 15
181 249 81
182 257 88
182 264 100
182 266 96
182 267 37
182 270 39
182 273 53
182 289 30
182 201 38
182 215 4
182 225 47
182 229 18
182 244 29
182 246 37
183 256 67
183 263 80
183 269 78
183 271 26
183 276 96
183 278 55
183 282 89
183 188 52
183 202 74
183 212 44
183 295 25
183 242 53
184 259 31
184 266 25
184 280 69
184 295 54
184 298 72
184 194 8
184 199 9
184 202 92
184 209 29
184 216 71
184 234 77
184 242 65
184 249 93
185 271 8
185 281 88
185 265 64
185 296 71
185 207 78
185 221 23
185 233 14
185 236 14
185 241 49
185 247 93
186 193 70
186 272 47
186 277 39
186 282 95
186 284 68
186 203 37
186 204 23
186 212 74
186 220 30
186 221 96
186 230 48
186 245 12
187 262 52
187 257 48
187 272 19
187 276 79
187 280 90
187 283 8
187 286 47
187 298 96
187 191 34
187 201 3
187 202 37
187 207 48
187 212 98
187 224 54
187 225 88
187 235 5
188 270 24
188 201 30
188 283 45
188 287 10
188 294 94
188 200 68
188 209 39
188 241 82
188 285 4
188 268 14
189 260 17
189 292 77
189 192 26
189 200 51
189 201 60
189 214 60
189 238 45
190 192 99
190 252 55
190 235 83
190 206 82
190 209 37
190 220 13
190 285 20
190 191 40
191 262 41
191 264 49
191 273 61
191 277 18
191 286 18
191 296 57
191 299 67
191 192 58
191 200 81
191 213 83
191 215 33
191 222 94
191 224 33
191 225 26
191 246 35
192 259 82
192 270 30
192 271 28
192 274 5
192 278 2
192 281 16
192 299 0
192 198 24
192 204 17
192 209 24
192 215 71
192 216 32
192 217 24
192 222 56
192 236 97
192 238 28
192 254 31
193 288 27
193 230 63
193 265 61
193 253 45
193 241 53
193 247 3
193 252 98
194 274 0
194 285 71
194 290 83
194 292 39
194 296 57
194 270 66
194 199 61
194 204 11
194 208 37
194 211 47
194 232 7
194 243 87
194 248 24
195 198 64
195 232 66
195 277 85
195 254 59
195 214 25
195 280 7
196 280 33
196 282 9
196 291 8
196 198 41
196 222 11
196 228 5
196 240 88
197 259 20
197 282 28
197 292 24
197 294 30
197 296 93
197 298 86
197 224 78
197 204 6
197 221 61
198 280 59
198 281 97
198 285 64
198 289 70
198 291 24
198 292 33
198 295 81
198 209 81
198 215 49
198 218 22
198 219 81
198 229 26
198 224 20
198 230 71
198 242 5
198 251 72
199 274 56
199 292 81
199 241 23
199 298 32
199 230 6
199 240 75
199 243 64
199 250 24
199 254 35
200 294 44
200 270 3
200 280 14
201 257 37
201 293 89
201 297 88
201 210 10
201 216 71
201 230 14
201 236 61
201 243 99
201 245 41
202 261 38
202 238 52
202 278 36
202 280 6
202 290 69
202 205 15
202 210 98
202 212 32
202 225 90
202 227 75
202 241 36
202 234 55
202 277 11
203 262 60
203 263 75
203 280 97
203 292 41
203 205 39
203 210 38
203 212 64
203 238 38
203 239 25
203 248 87
203 249 79
203 254 25
204 257 43
204 260 17
204 256 54
204 277 22
204 294 36
204 296 58
204 266 73
204 224 7
204 242 83
204 244 52
204 249 79
204 252 65
205 259 23
205 278 47
205 265 42
205 271 31
205 298 29
205 243 13
205 250 75
206 268 17
206 270 25
206 280 23
206 226 92
206 239 0
206 242 55
206 249 73
206 251 21
206 253 61
207 235 7
207 280 55
207 287 5
207 292 46
207 211 60
207 228 29
207 250 48
208 287 91
208 289 38
208 294 90
208 223 60
208 243 3
208 254 19
209 258 25
209 259 34
209 263 59
209 220 86
209 223 45
209 293 89
209 212 13
210 256 11
210 270 63
210 288 67
210 293 57
210 228 24
210 237 33
210 241 9
211 262 46
211 264 80
211 287 89
211 219 67
211 234 62
211 235 47
211 242 16
211 244 56
212 262 9
212 266 62
212 276 42
212 289 70
212 219 29
212 229 37
212 242 72
212 252 37
212 254 27
213 267 87
213 284 10
213 235 93
213 244 95
213 252 96
214 273 72
214 274 86
214 275 93
214 293 23
214 258 50
214 233 62
214 251 64
215 258 77
215 261 79
215 280 69
215 283 96
215 297 81
215 287 29
215 229 12
215 232 51
215 245 21
216 258 28
216 262 56
216 275 49
216 228 33
216 238 24
216 241 85
216 242 72
216 252 14
217 270 97
217 274 41
217 283 94
217 292 63
217 224 30
217 226 20
217 251 87
217 232 6
217 231 95
217 241 37
217 246 54
217 250 72
217 252 70
218 260 72
218 264 57
218 258 51
218 299 35
218 219 45
218 232 56
218 251 15
219 257 91
219 265 66
219 258 99
219 276 22
219 227 26
219 237 37
219 249 31
220 288 53
220 263 69
220 262 4
220 286 78
220 282 38
220 265 30
221 260 27
221 264 90
221 224 80
221 291 91
221 223 8
221 241 85
222 259 10
222 262 49
222 266 99
222 276 55
222 281 26
222 289 72
222 294 61
222 239 86
222 254 63
222 247 84
222 251 18
223 257 32
223 263 15
223 269 77
223 283 23
223 297 33
223 248 55
223 276 16
223 250 53
224 263 4
224 264 20
224 267 100
225 261 41
225 270 43
225 271 68
225 275 100
225 287 39
225 251 22
226 257 62
226 261 74
226 229 50
226 232 16
226 237 23
226 247 41
227 253 30
227 276 44
227 286 2
228 265 2
228 271 53
228 277 13
228 285 17
228 244 77
228 247 23
228 249 100
229 262 1
229 267 67
229 271 58
229 290 22
229 292 70
230 271 91
230 242 74
230 293 15
231 259 89
231 278 84
231 237 8
231 239 11
231 272 54
231 273 9
231 246 80
232 299 18
232 262 43
232 272 12
232 282 93
232 292 44
232 233 14
232 245 20
233 261 27
233 270 45
233 274 20
233 287 48
233 293 56
233 240 92
234 262 65
234 267 6
234 282 96
234 289 14
234 291 1
234 243 60
234 245 70
235 269 4
235 270 27
235 274 49
235 290 51
235 240 78
236 258 99
236 260 87
236 265 28
236 280 59
236 252 51
236 253 88
237 277 30
237 281 100
237 293 70
237 246 56
238 258 5
238 273 61
238 280 46
238 286 97
238 287 24
238 290 94
238 249 78
239 256 29
239 263 46
239 267 79
239 243 53
239 247 67
239 255 68
240 256 99
240 269 78
240 291 43
240 292 29
240 245 52
241 258 84
241 283 62
241 286 55
241 296 85
241 299 88
241 249 82
241 252 77
241 253 47
242 260 10
242 263 63
242 281 83
242 282 45
242 292 62
242 243 85
242 247 24
243 260 79
243 269 4
243 272 45
243 290 74
243 296 62
244 290 17
244 281 26
245 280 25
245 298 65
245 266 5
245 247 25
246 272 93
246 288 59
246 298 16
246 269 84
246 247 2
246 248 99
246 251 91
247 256 82
247 258 84
247 299 83
247 277 95
247 283 68
247 296 93
247 252 24
248 263 7
248 275 54
248 276 48
248 288 79
248 299 76
249 273 78
249 280 66
249 295 83
250 295 22
250 297 98
251 260 28
251 275 99
251 290 6
251 255 23
252 257 4
252 273 95
253 268 90
253 269 26
253 282 33
253 283 19
254 286 66
254 294 0
254 296 40
254 299 83
255 290 96
255 295 56
256 266 59
256 270 18
256 284 30
256 294 14
257 261 38
257 273 77
257 278 95
257 298 52
258 260 3
258 271 28
258 275 78
258 288 24
259 262 36
259 269 60
259 276 26
259 278 8
259 290 13
260 268 88
260 289 2
261 264 28
261 277 69
261 281 49
261 288 42
261 270 71
261 272 52
262 269 94
263 267 54
263 278 27
263 280 77
263 289 70
264 267 71
264 269 90
264 279 56
264 283 2
264 295 72
265 282 9
265 295 96
265 296 8
266 278 20
267 288 57
267 282 15
267 296 66
268 272 24
271 291 97
272 274 35
272 293 97
272 298 53
273 286 93
273 275 99
275 281 70
275 282 80
275 284 19
275 289 96
276 294 54
276 296 98
276 297 18
277 281 25
277 289 19
277 292 49
278 292 82
280 286 84
280 297 68
281 294 0
281 284 96
282 285 60
282 291 85
282 295 8
283 284 59
283 296 13
285 297 8
285 299 99
287 296 67
287 298 50
288 291 17
289 291 86
289 293 62
289 298 93
290 295 4
291 295 15
293 298 8
296 299 47
298 299 96
