300 4000
0 32 91
0 256 87
0 130 7
0 196 86
0 133 72
0 230 59
0 199 23
0 145 15
0 297 46
0 39 60
0 44 49
0 13 100
0 272 49
0 81 27
0 83 36
0 212 95
0 55 9
0 255 76
0 124 28
0 264 48
0 191 0
1 128 71
1 2 56
1 132 22
1 133 2
1 264 54
1 139 17
1 194 17
1 14 95
1 23 24
1 24 12
1 162 82
1 136 47
1 56 11
1 185 73
1 186 32
1 189 43
1 190 48
1 64 59
1 66 30
1 201 58
1 76 17
1 214 63
1 219 66
1 223 32
1 98 57
1 99 65
1 229 74
1 102 93
1 104 96
1 238 80
1 117 15
1 246 82
1 248 50
1 125 58
1 127 86
2 288 96
2 290 67
2 34 20
2 32 17
2 133 71
2 70 76
2 193 28
2 292 58
2 23 27
2 45 20
2 147 54
2 97 48
2 183 86
2 248 72
2 55 39
2 298 100
2 28 56
2 125 6
2 117 91
3 161 58
3 258 30
3 163 26
3 132 94
3 133 36
3 102 42
3 193 83
3 194 22
3 74 100
3 12 69
3 205 9
3 237 5
3 273 83
3 18 86
3 94 68
3 58 44
3 91 51
3 282 54
3 126 52
3 255 69
4 257 77
4 6 82
4 136 71
4 265 82
4 143 85
4 144 51
4 18 72
4 149 79
4 281 72
4 154 20
4 166 40
4 40 81
4 169 85
4 44 27
4 72 96
4 200 69
4 80 46
4 210 57
4 215 78
4 271 49
4 230 63
4 103 24
4 231 74
4 236 51
4 237 48
4 112 28
4 117 95
4 122 94
4 253 60
4 277 90
5 256 41
5 203 45
5 118 54
5 40 47
5 139 62
5 204 94
5 175 49
5 48 25
5 273 80
5 274 54
5 212 79
5 245 58
5 278 73
5 184 52
5 276 17
5 136 81
5 54 89
5 296 4
5 221 86
5 94 71
5 127 70
6 133 3
6 136 24
6 268 61
6 13 58
6 32 44
6 163 36
6 40 21
6 72 51
6 180 17
6 187 14
6 190 46
6 66 80
6 70 98
6 200 64
6 201 100
6 217 25
6 225 100
6 238 60
6 112 53
6 114 52
6 243 61
6 245 47
6 123 86
6 126 41
7 131 77
7 137 19
7 12 86
7 14 67
7 15 90
7 18 62
7 147 65
7 277 69
7 284 1
7 29 47
7 35 46
7 44 21
7 49 68
7 180 63
7 183 87
7 52 96
7 193 56
7 197 4
7 198 63
7 72 9
7 201 67
7 76 34
7 207 67
7 210 98
7 85 95
7 95 89
7 97 70
7 235 41
7 238 17
7 239 36
7 123 0
7 126 66
8 256 47
8 262 48
8 135 81
8 137 26
8 17 98
8 274 21
8 282 10
8 29 13
8 286 68
8 134 29
8 38 44
8 295 40
8 296 72
8 169 63
8 176 11
8 9 38
8 60 63
8 195 99
8 70 88
8 215 72
8 100 93
8 229 4
8 102 66
8 104 34
8 243 60
8 119 33
8 120 92
8 249 38
8 124 80
8 254 61
9 262 46
9 263 39
9 138 64
9 141 15
9 142 82
9 15 69
9 274 51
9 147 67
9 149 64
9 152 72
9 154 18
9 282 21
9 159 52
9 294 62
9 39 62
9 172 57
9 50 34
9 10 81
9 51 47
9 182 85
9 58 23
9 59 59
9 189 26
9 191 2
9 192 89
9 70 44
9 88 89
9 234 37
9 109 58
9 120 44
10 257 31
10 140 53
10 141 11
10 17 64
10 275 93
10 20 78
10 155 80
10 284 8
10 285 34
10 197 57
10 38 26
10 171 91
10 242 98
10 174 13
10 186 80
10 69 27
10 70 81
10 207 5
10 83 61
10 86 81
10 218 95
10 227 52
10 237 89
10 111 19
10 114 65
10 244 93
11 135 14
11 265 51
11 12 98
11 273 22
11 146 21
11 278 34
11 281 54
11 28 69
11 293 8
11 297 90
11 50 51
11 51 55
11 184 73
11 59 69
11 191 79
11 202 5
11 77 53
11 213 4
11 86 91
11 219 1
11 230 7
11 105 18
11 244 41
11 245 46
11 119 84
11 122 99
11 123 49
12 14 20
12 144 27
12 222 59
12 153 17
12 36 8
12 135 26
12 46 59
12 181 97
12 66 43
12 69 46
12 71 41
12 205 85
12 81 1
12 87 15
12 218 67
12 199 53
12 99 92
12 240 64
12 247 49
12 252 28
13 32 0
13 179 23
13 97 10
13 229 43
13 193 30
13 60 26
13 119 72
13 86 70
13 174 4
13 248 51
13 211 89
13 148 34
13 150 78
13 55 61
13 23 89
13 282 99
13 70 96
13 253 50
13 134 73
14 141 47
14 143 28
14 272 63
14 24 28
14 23 55
14 152 90
14 156 65
14 157 10
14 219 62
14 166 66
14 175 8
14 184 6
14 59 10
14 197 35
14 204 53
14 77 83
14 208 59
14 84 63
14 86 96
14 271 13
14 220 7
14 242 93
14 244 17
14 248 98
14 121 37
14 122 2
14 123 35
14 253 94
15 259 43
15 274 22
15 277 71
15 278 42
15 23 80
15 156 48
15 158 15
15 166 9
15 296 99
15 170 98
15 45 56
15 46 93
15 176 2
15 52 89
15 182 73
15 57 93
15 190 41
15 54 49
15 74 67
15 75 52
15 204 58
15 205 57
15 209 52
15 83 51
15 88 24
15 217 1
15 91 77
15 102 65
15 103 77
15 233 23
15 235 14
16 133 24
16 262 94
16 264 32
16 266 87
16 140 45
16 143 13
16 144 36
16 19 78
16 278 5
16 23 55
16 280 24
16 158 16
16 287 30
16 160 45
16 290 52
16 39 0
16 168 46
16 298 26
16 49 83
16 182 46
16 191 98
16 192 11
16 65 50
16 67 37
16 68 66
16 201 46
16 80 4
16 214 68
16 88 6
16 217 3
16 226 32
16 229 97
16 230 72
16 232 73
16 235 43
16 240 10
16 40 63
16 170 6
16 254 69
17 130 32
17 140 50
17 18 28
17 19 54
17 23 22
17 153 28
17 156 74
17 36 6
17 295 100
17 45 22
17 46 7
17 178 42
17 186 28
17 60 68
17 266 72
17 68 59
17 74 55
17 204 81
17 210 18
17 218 43
17 98 3
17 99 39
17 231 17
17 106 91
17 239 35
17 244 80
17 122 87
17 125 58
18 258 6
18 109 41
18 272 21
18 20 45
18 151 22
18 32 5
18 33 47
18 294 65
18 167 19
18 168 42
18 297 91
18 170 41
18 299 60
18 174 48
18 52 69
18 182 31
18 60 12
18 191 58
18 72 91
18 82 30
18 83 99
18 143 34
18 237 98
19 256 44
19 134 9
19 135 13
19 265 68
19 272 62
19 151 20
19 282 95
19 285 88
19 31 56
19 160 47
19 298 67
19 299 76
19 173 52
19 179 97
19 190 46
19 195 24
19 97 55
19 105 13
19 238 46
19 254 56
20 32 98
20 98 40
20 227 88
20 133 66
20 73 100
20 299 62
20 203 56
20 77 77
20 189 22
20 221 92
20 253 19
20 285 15
20 94 85
20 214 14
20 186 49
20 154 4
20 111 81
20 282 41
20 254 9
21 258 92
21 264 98
21 265 7
21 272 19
21 147 79
21 150 60
21 283 9
21 34 31
21 294 71
21 168 38
21 180 46
21 56 72
21 59 36
21 62 71
21 199 72
21 205 98
21 207 97
21 217 42
21 79 68
21 231 45
21 236 65
21 112 60
21 242 29
21 244 72
21 245 43
22 136 68
22 268 21
22 143 42
22 29 27
22 286 77
22 160 18
22 34 94
22 293 40
22 49 23
22 180 56
22 181 57
22 186 47
22 63 52
22 65 38
22 194 50
22 197 7
22 204 35
22 220 59
22 234 81
22 113 30
22 248 73
22 122 14
22 264 96
23 259 18
23 277 33
23 24 49
23 299 79
23 111 88
23 158 89
23 295 3
23 296 7
23 171 72
23 58 44
23 61 0
23 190 97
23 75 14
23 208 67
23 211 33
23 90 19
23 92 13
23 228 86
23 230 83
23 102 68
23 239 74
23 83 99
23 248 10
23 127 36
24 261 74
24 134 90
24 257 28
24 140 36
24 274 92
24 154 91
24 197 80
24 171 9
24 178 74
24 55 95
24 186 73
24 189 81
24 69 76
24 205 20
24 85 50
24 217 1
24 221 49
24 230 19
24 232 63
24 126 75
24 119 47
24 254 10
25 66 35
25 251 8
25 196 93
25 230 7
25 296 68
25 172 65
25 170 71
25 139 93
25 268 67
25 194 36
25 206 77
25 221 28
25 34 44
25 242 31
25 249 64
25 58 43
25 219 39
25 60 7
25 26 96
25 63 94
26 128 43
26 129 93
26 261 49
26 262 53
26 135 89
26 145 7
26 275 38
26 280 19
26 111 95
26 157 79
26 158 52
26 289 57
26 162 97
26 155 10
26 292 17
26 40 59
26 173 4
26 176 40
26 58 37
26 95 75
26 60 20
26 67 92
26 69 52
26 73 43
26 76 86
26 223 0
26 98 40
26 227 31
26 234 86
26 235 80
26 125 2
26 241 87
26 246 15
26 119 74
26 123 75
26 253 11
27 64 14
27 258 89
27 98 39
27 273 43
27 296 10
27 74 71
27 235 4
27 268 9
27 237 89
27 111 21
27 113 60
27 274 73
27 115 97
27 180 12
27 213 26
27 152 0
27 88 46
27 220 57
28 66 22
28 257 65
28 131 89
28 147 11
28 92 63
28 106 35
28 178 41
28 113 48
28 274 57
28 259 72
28 53 67
28 60 61
28 202 97
28 254 20
29 256 28
29 259 0
29 263 30
29 131 95
29 276 79
29 279 77
29 159 61
29 288 4
29 161 70
29 293 15
29 295 42
29 177 94
29 183 8
29 61 17
29 63 6
29 193 98
29 80 64
29 89 71
29 244 23
29 245 83
29 250 76
30 84 53
30 257 6
30 67 37
30 43 17
30 103 1
30 202 14
30 135 99
30 45 99
30 99 26
30 280 32
30 83 9
30 148 93
30 57 3
30 153 64
30 185 50
30 90 76
30 62 64
31 133 41
31 264 96
31 137 17
31 269 53
31 270 71
31 285 44
31 294 19
31 168 73
31 41 28
31 299 73
31 53 12
31 183 93
31 62 78
31 191 6
31 72 14
31 211 85
31 86 49
31 250 59
31 91 39
31 93 56
31 225 57
31 226 87
31 103 29
31 113 91
31 247 41
31 122 92
31 253 52
32 129 31
32 268 41
32 150 86
32 285 18
32 286 50
32 288 30
32 56 17
32 82 59
32 84 25
32 215 29
32 217 40
32 90 73
32 92 74
32 228 36
32 103 21
32 107 24
32 248 65
32 276 11
32 123 87
32 126 32
33 256 1
33 129 8
33 260 40
33 261 84
33 145 94
33 278 32
33 281 4
33 158 14
33 34 70
33 38 45
33 41 11
33 52 7
33 182 48
33 56 70
33 185 2
33 194 75
33 69 99
33 198 0
33 209 20
33 210 28
33 85 53
33 86 84
33 106 34
33 240 65
33 241 19
33 249 33
33 124 16
33 253 96
34 145 63
34 36 19
34 169 2
34 178 72
34 51 0
34 196 4
34 71 63
34 77 45
34 208 63
34 220 19
34 93 44
34 98 11
34 110 53
34 114 47
34 126 67
34 122 50
34 251 91
34 254 60
35 130 18
35 141 59
35 143 54
35 276 22
35 279 54
35 154 51
35 284 57
35 158 0
35 38 39
35 175 48
35 51 82
35 52 60
35 55 70
35 188 80
35 61 57
35 64 53
35 66 82
35 204 36
35 94 12
35 223 86
35 230 58
35 233 12
35 112 65
35 113 91
35 119 38
35 121 38
36 272 20
36 37 65
36 230 52
36 263 3
36 104 16
36 233 58
36 170 90
36 109 82
36 78 78
36 143 41
36 144 34
36 136 46
36 83 10
36 46 24
36 55 68
36 216 30
36 121 74
36 179 39
37 257 57
37 130 0
37 195 98
37 134 21
37 81 43
37 273 36
37 275 59
37 108 92
37 75 42
37 172 93
37 237 78
37 115 80
37 145 21
37 51 98
37 244 30
37 171 21
37 40 5
37 280 59
37 59 13
37 61 49
38 260 47
38 265 49
38 267 93
38 270 88
38 147 27
38 277 72
38 217 18
38 282 91
38 199 66
38 174 78
38 185 36
38 63 45
38 192 92
38 161 90
38 202 12
38 75 93
38 80 39
38 212 62
38 85 31
38 89 0
38 218 89
38 92 62
38 94 84
38 96 53
38 225 70
38 233 63
38 109 87
38 239 49
38 244 30
38 247 98
38 252 60
38 253 62
38 255 10
39 288 14
39 162 77
39 67 37
39 68 80
39 230 75
39 166 67
39 106 10
39 240 63
39 45 92
39 111 40
39 241 58
39 146 49
39 276 92
39 224 58
39 250 9
39 59 33
40 133 20
40 275 94
40 276 99
40 284 27
40 157 59
40 163 40
40 292 46
40 296 8
40 170 35
40 45 58
40 179 7
40 52 58
40 54 94
40 60 43
40 64 53
40 71 55
40 208 25
40 291 3
40 213 34
40 214 89
40 215 52
40 100 68
40 233 73
40 107 15
40 147 1
40 245 51
41 258 43
41 264 14
41 143 3
41 280 4
41 157 65
41 165 43
41 166 31
41 42 20
41 174 32
41 178 9
41 180 62
41 58 44
41 192 13
41 73 84
41 74 54
41 78 11
41 216 80
41 89 63
41 95 21
41 235 98
41 113 14
41 115 3
41 120 62
42 160 4
42 289 66
42 70 85
42 71 100
42 296 15
42 171 29
42 108 75
42 173 39
42 157 26
42 273 20
42 277 45
42 278 58
42 249 23
42 281 25
42 168 8
42 125 5
42 231 58
43 258 81
43 261 71
43 265 54
43 141 86
43 143 68
43 146 91
43 151 86
43 287 44
43 290 13
43 296 100
43 45 58
43 286 84
43 55 30
43 69 35
43 201 53
43 82 60
43 217 35
43 218 12
43 105 6
43 107 41
43 274 55
43 114 85
43 115 63
43 249 60
43 125 55
43 126 24
43 127 100
44 266 37
44 148 18
44 160 93
44 163 1
44 293 79
44 168 22
44 297 51
44 47 87
44 179 10
44 190 70
44 64 7
44 195 23
44 197 61
44 207 78
44 80 57
44 82 9
44 123 77
44 107 42
44 242 74
44 245 22
44 248 73
44 251 65
44 252 86
45 136 43
45 144 3
45 273 100
45 159 37
45 160 12
45 290 82
45 178 84
45 186 29
45 63 61
45 205 68
45 83 46
45 84 88
45 218 100
45 219 33
45 93 10
45 95 47
45 96 61
45 242 63
45 116 13
45 119 70
45 255 92
46 258 40
46 145 36
46 275 4
46 148 57
46 282 22
46 288 68
46 161 78
46 198 36
46 166 35
46 296 17
46 172 27
46 173 32
46 174 31
46 58 59
46 66 84
46 196 82
46 70 88
46 75 43
46 204 25
46 213 88
46 95 62
46 96 41
46 226 14
46 99 41
46 228 60
46 103 63
46 233 31
46 116 66
46 248 1
46 123 82
46 253 61
47 258 72
47 131 13
47 166 83
47 231 90
47 204 19
47 170 44
47 171 95
47 140 38
47 270 45
47 112 77
47 172 3
47 117 17
47 121 12
47 57 54
47 126 72
48 96 28
48 194 81
48 187 72
48 164 77
48 72 5
48 233 59
48 108 16
48 270 67
48 176 8
48 120 54
48 274 39
48 249 24
48 184 85
48 121 57
48 201 44
48 123 5
48 232 4
48 254 30
49 134 10
49 269 90
49 271 24
49 272 64
49 147 100
49 158 75
49 295 99
49 168 63
49 51 39
49 197 37
49 97 30
49 73 74
49 205 90
49 211 45
49 85 14
49 224 89
49 225 59
49 102 53
49 119 33
49 251 63
49 126 57
49 127 57
50 261 96
50 268 79
50 142 16
50 272 8
50 147 16
50 150 73
50 285 49
50 286 45
50 292 7
50 294 52
50 157 41
50 59 89
50 189 81
50 63 18
50 202 63
50 223 51
50 224 20
50 144 9
50 232 11
50 234 97
50 109 89
50 113 2
50 242 65
50 250 31
50 252 16
50 255 32
51 268 87
51 273 70
51 276 74
51 149 5
51 279 14
51 152 76
51 284 6
51 285 61
51 180 28
51 183 64
51 184 48
51 63 79
51 201 98
51 85 80
51 94 10
51 104 96
51 238 91
51 119 24
52 130 17
52 265 71
52 146 26
52 159 1
52 291 42
52 297 4
52 299 14
52 172 12
52 175 19
52 186 14
52 61 54
52 62 60
52 193 36
52 195 67
52 68 6
52 69 84
52 198 49
52 203 86
52 213 75
52 92 57
52 97 62
52 100 80
52 106 45
52 237 95
52 243 24
52 119 55
52 255 62
53 134 51
53 135 2
53 273 9
53 147 4
53 276 91
53 161 30
53 295 75
53 298 50
53 287 49
53 198 26
53 73 88
53 80 95
53 209 79
53 211 35
53 212 94
53 87 85
53 217 94
53 90 78
53 219 57
53 92 7
53 221 57
53 228 63
53 232 47
53 110 8
53 115 20
53 118 94
53 126 87
54 257 42
54 131 53
54 133 39
54 136 83
54 139 95
54 155 75
54 165 100
54 169 70
54 299 40
54 184 59
54 60 63
54 214 92
54 95 99
54 96 19
54 97 31
54 99 92
54 102 57
54 104 96
54 125 57
55 132 32
55 140 63
55 143 93
55 144 62
55 155 78
55 290 34
55 169 19
55 172 1
55 56 68
55 190 66
55 194 35
55 75 99
55 209 1
55 83 50
55 228 1
55 227 44
55 100 97
55 102 79
55 104 70
55 107 61
55 124 15
55 253 9
56 261 78
56 137 23
56 141 38
56 271 86
56 282 87
56 265 58
56 167 77
56 170 3
56 84 22
56 90 18
56 219 56
56 98 6
56 227 71
56 228 31
56 102 13
56 103 40
56 233 30
56 110 83
56 114 100
56 116 6
56 119 57
56 251 28
56 254 80
57 257 80
57 265 13
57 149 97
57 291 77
57 166 36
57 296 45
57 170 10
57 299 66
57 177 74
57 84 47
57 213 72
57 87 79
57 217 17
57 90 71
57 222 61
57 225 1
57 226 46
57 227 81
57 100 90
57 104 44
57 111 75
57 114 97
57 117 81
57 250 94
57 126 71
57 127 57
58 136 17
58 145 70
58 131 20
58 163 95
58 299 83
58 242 28
58 176 68
58 94 66
58 185 17
58 59 18
58 221 20
58 222 68
58 97 77
58 229 26
58 114 86
58 123 14
58 252 64
59 256 11
59 257 33
59 261 83
59 264 17
59 140 58
59 146 83
59 158 88
59 166 67
59 178 88
59 179 29
59 198 69
59 70 74
59 202 50
59 203 53
59 79 42
59 221 67
59 110 50
59 244 43
59 118 10
59 122 12
60 266 7
60 144 10
60 157 63
60 160 30
60 165 86
60 156 71
60 171 67
60 138 31
60 192 40
60 76 53
60 77 75
60 83 100
60 223 46
60 97 90
60 226 26
60 110 36
60 245 34
61 145 93
61 279 85
61 152 71
61 68 1
61 155 36
61 290 92
61 164 9
61 285 77
61 191 87
61 195 59
61 196 65
61 77 17
61 211 33
61 213 21
61 215 63
61 95 32
61 104 61
61 63 79
61 235 24
61 237 45
61 157 94
61 123 49
62 256 41
62 143 62
62 277 5
62 284 78
62 157 7
62 180 28
62 66 26
62 68 77
62 198 9
62 76 43
62 205 9
62 80 82
62 82 87
62 211 54
62 216 22
62 222 87
62 230 24
62 234 39
62 113 66
62 246 16
62 252 71
62 149 61
63 128 37
63 260 65
63 135 40
63 264 3
63 265 83
63 141 98
63 154 25
63 290 32
63 263 18
63 137 88
63 193 56
63 73 54
63 75 8
63 80 45
63 82 31
63 213 15
63 217 6
63 178 97
63 110 73
63 112 24
63 116 15
64 130 92
64 261 49
64 268 40
64 141 31
64 142 10
64 273 25
64 275 62
64 149 37
64 285 20
64 158 47
64 159 38
64 288 0
64 162 69
64 178 37
64 286 67
64 185 65
64 66 3
64 208 99
64 214 54
64 89 80
64 235 46
64 124 93
65 260 4
65 137 28
65 266 47
65 140 20
65 141 55
65 276 7
65 289 43
65 164 7
65 70 38
65 161 8
65 201 76
65 76 92
65 207 51
65 80 81
65 223 47
65 224 72
65 225 35
65 231 94
65 233 87
65 103 18
65 108 19
65 243 33
65 126 94
66 132 97
66 264 54
66 143 54
66 272 13
66 145 82
66 274 25
66 277 92
66 150 53
66 282 96
66 286 44
66 159 85
66 201 18
66 189 45
66 194 20
66 67 60
66 72 87
66 73 35
66 206 69
66 209 11
66 218 82
66 144 34
66 127 58
66 110 99
66 247 58
66 249 43
66 251 81
66 255 24
67 256 16
67 96 68
67 101 23
67 137 78
67 106 7
67 75 16
67 290 45
67 158 31
67 109 79
67 213 11
67 150 23
67 297 11
67 220 39
67 186 85
67 117 2
68 129 40
68 143 41
68 163 4
68 294 97
68 168 71
68 173 26
68 192 0
68 69 76
68 201 100
68 204 38
68 82 83
68 89 41
68 220 29
68 234 46
68 235 39
68 108 4
68 111 13
68 112 15
68 116 95
68 125 78
69 257 59
69 258 38
69 259 74
69 278 49
69 140 68
69 270 98
69 280 0
69 146 70
69 73 25
69 170 74
69 172 65
69 174 9
69 175 63
69 179 48
69 180 53
69 182 20
69 183 96
69 266 70
69 70 78
69 200 5
69 203 100
69 81 87
69 86 81
69 215 26
69 218 5
69 220 5
69 227 96
69 229 55
69 273 75
69 237 60
69 117 12
69 123 59
69 255 19
70 259 67
70 145 54
70 147 1
70 276 70
70 154 6
70 157 27
70 158 23
70 162 48
70 294 38
70 169 51
70 299 35
70 172 9
70 175 96
70 204 69
70 78 98
70 80 3
70 209 62
70 92 80
70 224 25
70 102 91
70 237 88
70 242 5
70 243 34
70 245 65
71 81 92
71 72 16
71 137 28
71 241 54
71 162 55
71 144 12
71 145 69
71 243 24
71 181 59
71 86 8
71 249 86
71 218 60
71 187 11
71 266 39
71 190 57
72 271 88
72 144 13
72 282 36
72 154 34
72 162 26
72 165 60
72 298 41
72 171 30
72 191 21
72 196 30
72 201 88
72 202 56
72 80 72
72 210 46
72 214 88
72 89 7
72 218 87
72 93 22
72 227 30
72 237 40
72 238 67
72 246 13
72 122 59
72 125 59
73 129 71
73 143 63
73 279 15
73 282 35
73 288 43
73 240 50
73 171 83
73 185 17
73 206 74
73 210 35
73 211 41
73 213 99
73 218 98
73 219 67
73 227 61
73 232 70
73 105 95
73 108 3
73 112 28
73 276 71
74 256 65
74 144 65
74 273 92
74 148 84
74 149 6
74 279 51
74 284 46
74 167 88
74 181 6
74 75 12
74 76 22
74 210 2
74 214 67
74 215 25
74 89 38
74 93 74
74 98 66
74 246 77
74 250 89
75 135 20
75 142 16
75 152 72
75 282 34
75 156 14
75 169 56
75 299 72
75 219 63
75 222 31
75 224 24
75 99 33
75 106 98
75 113 56
75 248 85
75 122 66
75 191 12
75 252 13
76 139 8
76 271 21
76 282 51
76 159 69
76 166 0
76 173 2
76 285 33
76 176 33
76 187 42
76 192 90
76 197 39
76 199 68
76 79 53
76 80 68
76 82 72
76 214 49
76 92 54
76 223 17
76 117 72
76 125 33
77 260 53
77 278 11
77 151 30
77 152 66
77 286 17
77 287 32
77 288 97
77 161 37
77 185 60
77 194 41
77 205 47
77 81 9
77 87 77
77 216 91
77 217 20
77 225 55
77 239 90
77 112 67
77 116 58
77 250 90
78 256 7
78 288 94
78 165 58
78 230 54
78 266 79
78 299 74
78 268 79
78 237 31
78 110 11
78 109 4
78 240 35
78 273 24
78 247 34
78 120 11
78 164 97
78 90 54
78 284 85
78 255 43
79 274 53
79 147 36
79 149 82
79 281 51
79 157 68
79 293 78
79 297 34
79 173 11
79 285 71
79 176 30
79 189 5
79 201 52
79 203 97
79 208 63
79 209 66
79 85 1
79 88 18
79 219 68
79 232 52
79 119 72
79 121 60
79 125 27
80 259 35
80 136 26
80 266 59
80 271 67
80 274 85
80 131 50
80 155 6
80 284 2
80 162 76
80 291 57
80 165 45
80 177 47
80 188 29
80 189 64
80 192 45
80 197 61
80 85 70
80 219 10
80 94 70
80 226 20
80 252 97
81 135 36
81 136 27
81 288 52
81 164 13
81 166 80
81 171 35
81 187 59
81 200 14
81 206 56
81 205 29
81 208 2
81 215 50
81 216 61
81 224 85
81 97 15
81 226 69
81 294 16
81 248 26
81 123 68
82 129 7
82 262 92
82 141 5
82 273 18
82 196 31
82 287 71
82 161 39
82 165 27
82 296 98
82 297 62
82 175 28
82 178 37
82 193 94
82 218 83
82 221 44
82 94 47
82 223 84
82 225 88
82 145 63
82 119 59
82 123 22
82 253 56
82 254 11
83 137 31
83 138 77
83 173 46
83 273 79
83 150 55
83 283 66
83 159 47
83 293 5
83 298 73
83 171 58
83 183 28
83 216 22
83 232 58
83 109 38
83 104 78
83 124 73
83 126 27
84 134 4
84 136 61
84 215 59
84 154 32
84 283 67
84 284 24
84 91 61
84 299 53
84 155 72
84 286 98
84 193 20
84 87 54
84 219 5
84 221 11
84 242 18
84 245 9
84 118 51
84 250 40
85 257 80
85 259 56
85 263 86
85 139 68
85 146 20
85 131 70
85 276 35
85 278 9
85 164 92
85 165 29
85 191 66
85 193 27
85 198 44
85 202 41
85 204 56
85 212 15
85 224 64
85 233 22
85 237 29
85 248 97
85 249 0
86 132 4
86 134 75
86 263 93
86 143 13
86 275 59
86 172 12
86 177 19
86 95 61
86 138 94
86 192 90
86 213 90
86 87 92
86 223 91
86 227 15
86 234 53
86 111 65
86 114 42
86 243 34
86 120 82
86 251 3
87 132 7
87 135 10
87 269 31
87 270 26
87 271 34
87 144 11
87 151 93
87 167 44
87 296 44
87 298 28
87 182 77
87 188 6
87 190 26
87 192 2
87 206 84
87 227 23
87 93 63
87 97 84
87 98 84
87 99 92
87 229 58
87 232 48
87 105 83
87 111 34
87 243 74
87 244 33
88 128 66
88 130 97
88 145 23
88 282 70
88 288 67
88 161 68
88 167 34
88 298 47
88 172 66
88 198 9
88 289 71
88 201 55
88 208 55
88 209 46
88 218 95
88 223 50
88 100 87
88 103 33
88 106 62
88 110 97
88 113 92
89 128 61
89 260 81
89 135 100
89 145 86
89 277 39
89 132 89
89 175 84
89 176 89
89 202 74
89 211 14
89 212 86
89 218 17
89 196 34
89 111 63
89 127 40
90 258 59
90 132 45
90 130 62
90 146 93
90 148 59
90 157 44
90 290 39
90 293 39
90 294 86
90 115 10
90 211 11
90 91 41
90 220 23
90 103 98
90 109 82
90 110 73
90 243 3
90 247 4
90 121 35
90 127 44
91 260 50
91 263 46
91 141 44
91 272 43
91 274 39
91 151 69
91 153 59
91 165 61
91 294 98
91 299 68
91 172 40
91 180 83
91 201 77
91 208 16
91 227 95
91 102 27
91 240 23
91 113 86
91 121 46
91 122 96
92 129 77
92 130 76
92 263 73
92 146 26
92 287 71
92 289 75
92 163 80
92 298 97
92 299 78
92 196 89
92 202 33
92 135 75
92 94 72
92 232 81
92 235 90
92 104 20
92 115 84
92 245 42
92 252 37
93 256 12
93 260 43
93 133 26
93 264 80
93 145 51
93 153 68
93 160 11
93 299 18
93 189 73
93 191 16
93 194 68
93 203 3
93 215 67
93 227 47
93 107 56
93 113 23
94 128 69
94 129 73
94 133 50
94 139 61
94 273 59
94 276 31
94 150 61
94 200 19
94 201 32
94 217 34
94 100 26
94 104 90
94 106 7
94 241 74
94 118 23
94 148 28
94 123 30
94 255 30
95 129 0
95 134 83
95 139 24
95 142 96
95 279 0
95 281 53
95 161 52
95 166 79
95 178 1
95 190 38
95 191 27
95 203 3
95 207 56
95 212 36
95 213 83
95 217 29
95 227 8
95 228 88
95 106 64
95 107 12
95 237 37
95 247 31
95 249 13
95 250 30
95 124 10
96 262 14
96 137 62
96 149 38
96 279 24
96 280 79
96 282 51
96 292 97
96 293 60
96 299 89
96 189 16
96 202 14
96 218 92
96 222 37
96 227 53
96 102 27
96 106 85
96 107 61
96 110 78
96 117 22
96 249 18
96 277 5
97 265 59
97 267 43
97 270 15
97 271 67
97 275 81
97 149 49
97 155 11
97 116 49
97 172 84
97 180 35
97 190 53
97 192 96
97 197 2
97 209 13
97 212 42
97 102 29
97 235 78
97 110 33
97 244 65
97 126 41
97 127 49
98 137 87
98 138 63
98 147 71
98 151 39
98 285 97
98 160 66
98 293 82
98 297 38
98 265 24
98 184 54
98 189 73
98 194 72
98 206 35
98 208 49
98 232 53
98 108 67
99 264 41
99 139 18
99 269 79
99 146 35
99 282 46
99 157 100
99 294 82
99 208 23
99 213 50
99 215 57
99 217 52
99 218 13
99 221 45
99 229 58
99 231 56
99 232 73
99 233 14
99 251 35
100 134 38
100 263 69
100 146 33
100 151 79
100 286 1
100 291 78
100 165 13
100 186 25
100 192 37
100 202 15
100 203 0
100 218 31
100 105 13
100 237 56
100 242 18
100 117 99
100 246 11
100 126 37
100 255 48
101 256 4
101 161 51
101 260 66
101 197 52
101 191 72
101 110 37
101 173 42
101 144 30
101 177 59
101 291 5
101 218 83
101 187 44
101 156 28
101 285 19
101 287 32
102 130 29
102 147 7
102 278 12
102 286 16
102 166 58
102 173 13
102 199 10
102 183 32
102 207 32
102 218 25
102 221 71
102 259 50
102 112 24
102 125 33
103 256 99
103 135 16
103 266 26
103 268 62
103 272 75
103 292 24
103 294 14
103 299 13
103 179 30
103 180 77
103 159 70
103 203 99
103 215 79
103 217 1
103 223 17
103 233 60
103 236 21
103 114 100
103 117 75
103 124 6
103 254 8
103 255 57
104 256 48
104 260 21
104 263 0
104 267 18
104 271 3
104 272 42
104 148 0
104 149 65
104 279 86
104 161 16
104 162 32
104 168 1
104 257 38
104 175 13
104 190 24
104 183 17
104 209 20
104 217 28
104 237 24
104 239 14
104 121 37
104 254 99
104 127 69
105 128 22
105 258 92
105 259 1
105 134 90
105 270 18
105 272 43
105 149 12
105 281 20
105 154 25
105 158 26
105 287 32
105 289 63
105 290 72
105 291 59
105 178 82
105 180 66
105 215 37
105 192 87
105 230 52
105 125 89
106 258 49
106 133 32
106 135 4
106 267 32
106 142 61
106 271 55
106 147 80
106 278 20
106 283 66
106 166 10
106 178 1
106 180 82
106 189 57
106 198 12
106 234 55
106 108 75
106 126 84
107 197 40
107 166 15
107 232 98
107 238 12
107 142 43
107 123 31
107 284 37
107 285 17
108 133 32
108 138 64
108 275 50
108 152 78
108 156 84
108 297 3
108 175 23
108 179 50
108 180 54
108 190 33
108 206 73
108 208 75
108 224 23
108 232 69
108 239 51
108 250 30
109 256 60
109 131 89
109 132 39
109 135 87
109 146 15
109 277 35
109 158 43
109 289 17
109 292 59
109 186 75
109 189 30
109 195 14
109 161 4
109 164 18
109 212 63
109 239 8
109 113 50
109 244 33
110 131 27
110 216 82
110 174 29
110 181 54
110 182 29
110 212 79
110 218 2
110 227 30
110 234 32
110 111 9
110 116 59
110 250 47
111 264 1
111 151 65
111 141 12
111 271 3
111 279 41
111 284 4
111 185 43
111 160 92
111 289 22
111 182 30
111 138 50
111 190 85
111 200 47
111 228 2
111 230 39
111 239 94
111 245 74
111 246 11
111 126 90
111 127 15
112 268 18
112 159 23
112 168 9
112 171 86
112 178 81
112 181 71
112 189 31
112 202 27
112 206 41
112 233 100
112 123 67
112 252 9
113 128 0
113 135 63
113 266 27
113 139 92
113 151 9
113 288 14
113 292 74
113 170 54
113 299 64
113 183 27
113 194 99
113 206 36
113 236 34
113 244 74
113 247 85
113 119 95
113 125 29
113 126 9
114 258 1
114 134 43
114 268 82
114 147 49
114 166 19
114 295 30
114 180 83
114 181 77
114 183 20
114 193 39
114 194 68
114 196 68
114 140 52
114 184 100
114 210 85
114 211 87
114 225 62
114 229 16
114 236 4
114 119 30
114 251 11
115 193 87
115 258 74
115 227 0
115 199 60
115 140 80
115 238 93
115 208 25
115 145 92
115 179 59
115 246 81
115 153 70
115 282 84
115 165 9
116 133 43
116 266 74
116 144 22
116 276 61
116 279 89
116 152 86
116 295 25
116 299 41
116 189 46
116 197 27
116 202 73
116 208 10
116 220 15
116 231 91
116 237 73
117 133 54
117 262 75
117 195 41
117 291 89
117 180 92
117 219 60
117 224 43
117 120 60
117 121 85
117 252 34
117 125 40
117 254 95
118 288 36
118 289 92
118 262 23
118 231 97
118 169 72
118 298 56
118 205 53
118 237 71
118 222 44
118 201 1
118 248 94
118 186 93
118 155 83
118 221 6
118 126 90
119 134 65
119 163 42
119 177 91
119 298 51
119 175 47
119 193 12
119 221 100
119 226 75
119 249 39
120 288 65
120 142 40
120 166 76
120 199 3
120 170 56
120 178 68
120 284 54
120 274 41
120 184 98
120 251 58
120 252 62
120 254 67
120 127 88
121 128 65
121 133 85
121 137 71
121 143 0
121 274 27
121 148 28
121 158 80
121 261 57
121 288 74
121 290 33
121 296 15
121 169 49
121 193 23
121 194 13
121 206 25
121 209 95
121 220 5
121 126 87
122 262 78
122 269 98
122 147 54
122 280 24
122 288 61
122 295 19
122 297 54
122 299 2
122 199 31
122 201 28
122 224 7
122 226 1
122 254 91
123 128 27
123 132 23
123 136 59
123 270 23
123 143 23
123 147 98
123 284 27
123 292 15
123 166 41
123 156 78
123 184 72
123 201 54
123 202 7
123 216 59
123 164 89
123 218 71
123 244 72
123 249 87
123 250 73
123 253 33
124 257 57
124 130 58
124 131 46
124 136 84
124 137 3
124 140 2
124 280 77
124 148 56
124 152 11
124 288 74
124 291 98
124 185 17
124 223 0
124 210 97
124 215 60
124 226 9
124 229 51
124 230 46
124 244 76
124 125 8
125 259 86
125 132 55
125 129 34
125 136 19
125 137 79
125 267 10
125 151 6
125 292 35
125 173 34
125 193 90
125 208 45
125 214 49
125 226 54
125 127 32
126 256 30
126 135 19
126 267 90
126 141 74
126 152 11
126 275 88
126 158 100
126 188 19
126 189 86
126 199 42
126 200 62
126 205 88
126 280 27
126 223 14
126 231 97
126 235 70
126 244 23
126 254 40
126 127 93
127 135 39
127 272 48
127 277 58
127 150 9
127 154 33
127 218 59
127 278 67
127 291 95
127 292 76
127 169 14
127 189 28
127 196 21
127 200 26
127 204 92
127 211 9
127 144 98
127 244 49
128 133 92
128 141 26
128 287 30
128 186 17
128 195 75
128 200 18
128 204 87
128 220 12
128 227 76
128 229 4
128 240 20
128 244 90
128 249 65
129 132 67
129 139 88
129 142 93
129 281 50
129 292 41
129 166 36
129 296 29
129 299 16
129 174 52
129 176 80
129 188 34
129 289 73
129 203 28
129 252 63
130 138 92
130 271 48
130 158 44
130 290 97
130 173 14
130 286 15
130 183 83
130 190 82
130 191 66
130 209 83
130 230 39
130 245 37
130 252 39
131 259 38
131 136 78
131 265 26
131 269 99
131 152 75
131 147 25
131 277 43
131 280 45
131 157 80
131 178 38
131 188 95
131 197 41
131 199 41
131 209 68
131 218 14
131 224 98
131 228 7
131 231 22
131 233 84
131 254 19
132 259 33
132 133 22
132 135 11
132 264 50
132 137 7
132 138 67
132 163 22
132 296 41
132 175 74
132 202 36
132 210 94
132 222 65
132 230 56
132 236 82
132 238 7
132 245 99
133 265 50
133 140 23
133 259 21
133 161 3
133 163 72
133 293 15
133 169 65
133 176 84
133 181 59
133 185 83
133 187 17
133 189 82
133 289 20
133 206 18
133 296 100
134 269 9
134 145 25
134 283 69
134 172 25
134 178 43
134 179 41
134 180 68
134 191 17
134 229 85
134 231 84
135 237 33
135 150 82
135 285 43
135 290 40
135 292 36
135 170 82
135 183 90
135 184 92
135 204 95
135 205 37
135 206 97
135 209 45
135 271 32
135 235 89
135 242 23
135 245 99
135 248 93
136 267 43
136 274 93
136 147 25
136 149 66
136 159 74
136 166 91
136 168 29
136 181 64
136 182 14
136 184 39
136 188 91
136 211 6
136 225 4
136 249 58
137 269 10
137 144 7
137 281 88
137 162 99
137 180 55
137 186 69
137 188 92
137 189 19
137 190 6
137 200 84
137 226 78
137 214 54
137 215 50
137 231 41
137 235 95
138 141 53
138 270 84
138 145 76
138 155 100
138 293 14
138 294 75
138 295 63
138 168 72
138 173 45
138 191 24
138 217 15
138 222 11
138 226 36
138 238 49
139 270 39
139 287 61
139 160 56
139 176 6
139 201 7
139 227 33
139 221 37
139 231 25
139 237 22
139 239 49
139 242 4
140 264 86
140 265 0
140 153 9
140 284 53
140 195 8
140 200 65
140 202 100
140 213 0
140 235 4
140 240 70
140 245 87
141 257 48
141 258 79
141 145 7
141 275 29
141 148 89
141 280 98
141 158 5
141 159 40
141 160 97
141 166 61
141 171 29
141 179 72
141 188 33
141 190 23
141 191 30
141 199 98
141 209 43
141 214 55
141 239 7
141 241 28
142 256 55
142 270 58
142 282 53
142 159 87
142 160 60
142 164 22
142 167 52
142 299 89
142 175 74
142 188 15
142 196 53
142 211 10
142 228 35
142 253 96
143 288 4
143 173 74
143 179 52
143 180 1
143 203 48
143 215 45
143 272 91
143 144 42
143 239 94
143 242 17
143 251 0
144 259 27
144 264 57
144 282 13
144 163 7
144 169 10
144 175 65
144 178 87
144 179 80
144 190 69
144 221 22
144 229 66
144 188 13
144 255 15
145 279 56
145 148 65
145 151 94
145 152 29
145 153 40
145 156 55
145 185 74
145 201 19
145 220 37
145 222 10
145 235 87
145 250 13
145 253 13
146 269 65
146 274 58
146 287 12
146 174 94
146 189 86
146 206 34
146 215 71
146 223 51
146 167 28
146 250 45
146 254 74
147 267 9
147 286 28
147 152 41
147 158 54
147 287 42
147 161 61
147 162 18
147 164 20
147 172 95
147 174 69
147 187 88
147 209 91
147 216 83
147 217 100
147 220 56
147 296 59
147 249 60
147 253 32
148 283 92
148 289 3
148 162 26
148 292 76
148 293 82
148 170 36
148 188 55
148 194 33
148 212 7
148 216 17
148 236 22
148 239 19
148 250 95
149 256 45
149 259 93
149 266 11
149 279 83
149 160 64
149 161 15
149 163 20
149 165 86
149 294 90
149 172 53
149 177 70
149 201 81
149 291 61
149 166 86
149 236 75
149 237 7
150 270 33
150 159 3
150 293 97
150 167 59
150 168 9
150 176 100
150 209 9
150 210 2
150 221 55
150 234 95
150 241 38
150 253 23
150 254 28
151 270 60
151 171 57
151 185 36
151 186 84
151 187 11
151 201 26
151 203 18
151 204 29
151 221 73
151 235 26
152 258 17
152 272 30
152 274 81
152 276 53
152 287 74
152 290 59
152 295 27
152 169 33
152 174 21
152 176 87
152 181 46
152 199 99
152 215 23
152 217 24
152 218 34
152 226 12
152 229 38
152 231 98
152 234 69
152 235 34
152 243 68
152 244 96
152 247 97
153 256 18
153 187 51
153 260 35
153 166 17
153 243 35
153 171 9
153 180 26
153 254 19
153 247 72
153 223 1
154 259 32
154 266 3
154 285 93
154 293 23
154 295 39
154 176 42
154 180 47
154 183 70
154 193 3
154 213 22
154 222 35
154 223 19
154 242 61
154 248 74
155 258 39
155 262 41
155 272 37
155 273 84
155 276 23
155 295 85
155 174 59
155 188 28
155 190 24
155 196 61
155 203 12
155 204 30
155 214 38
155 218 68
155 221 23
155 236 51
155 237 27
156 257 25
156 226 86
156 293 47
156 263 88
156 296 31
156 242 78
156 254 92
156 286 2
156 287 21
157 277 21
157 278 20
157 282 16
157 295 23
157 296 41
157 194 70
157 199 20
157 204 30
157 248 84
157 170 84
158 281 78
158 167 93
158 176 87
158 195 67
158 289 5
158 203 42
158 205 95
158 163 81
158 214 31
158 218 88
158 275 10
159 266 92
159 289 89
159 293 64
159 299 54
159 179 8
159 182 53
159 183 51
159 196 93
159 240 43
159 231 17
159 244 91
159 247 93
159 249 16
160 260 60
160 265 66
160 282 90
160 286 24
160 186 49
160 191 75
160 222 91
160 228 20
160 230 20
160 235 13
160 236 26
160 238 10
161 272 89
161 291 41
161 195 40
161 197 93
161 206 27
161 235 28
161 242 9
161 249 33
161 254 51
162 192 74
162 163 57
162 164 42
162 234 58
162 267 87
162 190 24
162 177 73
162 213 48
162 217 71
163 266 25
163 268 31
163 269 77
163 281 13
163 284 73
163 167 88
163 170 90
163 178 52
163 290 64
163 217 80
163 233 82
164 261 1
164 264 50
164 290 74
164 294 75
164 167 75
164 168 53
164 170 7
164 176 58
164 178 39
164 179 91
164 196 42
164 203 94
164 217 49
164 227 87
164 236 18
164 238 12
164 241 99
164 245 92
164 252 22
164 253 91
165 270 3
165 273 98
165 278 87
165 287 13
165 294 71
165 175 31
165 193 88
165 212 69
165 218 66
165 224 53
165 208 90
165 232 28
165 241 84
166 262 88
166 279 49
166 294 83
166 264 0
166 223 36
166 196 44
166 198 52
166 187 73
166 235 75
166 243 60
166 255 37
167 269 15
167 280 23
167 290 90
167 178 69
167 180 59
167 286 81
167 186 51
167 193 74
167 198 74
167 235 57
167 244 8
168 258 57
168 247 95
168 194 47
168 183 93
168 248 97
168 260 75
169 270 52
169 284 76
169 286 97
169 185 67
169 190 27
169 182 60
169 221 18
169 272 49
169 227 6
169 230 9
169 232 16
170 256 40
170 262 11
170 265 29
170 269 14
170 272 22
170 280 41
170 283 43
170 298 55
170 179 13
170 184 28
170 187 99
170 201 80
170 218 23
170 271 94
170 220 9
170 221 55
170 222 36
170 239 63
170 255 31
171 263 39
171 282 51
171 294 71
171 296 39
171 191 97
171 192 36
171 279 19
171 246 56
172 257 73
172 272 71
172 284 46
172 287 65
172 291 22
172 297 32
172 192 72
172 196 36
172 218 54
172 221 72
172 223 58
172 229 35
172 250 98
173 265 59
173 268 80
173 286 97
173 296 81
173 175 67
173 266 38
173 205 80
173 231 83
173 236 92
173 241 81
173 298 54
174 261 35
174 265 22
174 266 66
174 272 36
174 186 53
174 197 6
174 207 0
174 213 14
174 214 55
174 234 47
174 189 46
175 269 18
175 274 42
175 283 57
175 292 3
175 297 60
175 298 66
175 188 60
175 208 29
175 226 68
176 256 83
176 263 40
176 273 19
176 281 84
176 264 66
176 189 75
176 214 66
176 235 7
176 239 38
176 241 26
176 243 13
176 249 73
177 257 65
177 264 68
177 267 39
177 270 43
177 278 32
177 280 44
177 282 27
177 291 41
177 184 69
177 189 13
177 191 23
177 196 43
177 202 22
177 205 44
177 210 56
177 211 17
177 212 82
177 213 43
177 228 91
177 241 69
177 255 1
178 279 41
178 287 35
178 215 92
178 222 11
178 231 59
179 272 23
179 281 99
179 283 14
179 294 38
179 298 58
179 191 61
179 201 8
179 218 18
179 221 75
179 255 58
180 261 6
180 269 13
180 280 16
180 283 83
180 286 7
180 278 90
180 198 9
180 201 39
180 210 19
180 224 46
180 230 5
180 250 63
181 224 85
181 259 34
181 207 80
181 291 5
181 276 45
181 213 68
181 183 12
181 280 12
181 250 11
181 284 36
181 232 57
182 192 7
182 187 20
182 296 8
182 265 54
182 184 33
182 286 95
182 287 62
183 275 86
183 283 15
183 242 83
183 196 18
183 213 13
183 220 3
183 237 11
183 239 88
183 248 89
184 275 52
184 186 99
184 267 55
184 200 10
184 204 41
184 209 67
184 224 40
184 226 54
184 230 2
184 241 15
184 255 78
185 262 61
185 257 9
185 265 26
185 239 23
185 295 74
185 187 96
185 194 2
185 204 57
185 224 24
185 227 47
186 262 42
186 280 82
186 284 14
186 233 95
186 295 64
186 247 17
186 253 70
186 254 65
187 265 16
187 276 74
187 286 8
187 261 27
187 191 79
187 199 6
187 204 69
187 215 84
187 230 70
187 241 97
187 252 95
188 257 51
188 287 76
188 297 74
188 202 19
188 203 81
188 212 19
188 208 8
188 227 59
188 233 33
188 234 28
188 247 31
188 248 23
188 252 3
189 260 30
189 271 8
189 278 54
189 281 68
189 295 8
189 199 10
189 205 42
189 210 44
189 211 96
189 222 70
189 223 57
189 208 73
189 229 35
189 241 8
190 260 87
190 267 16
190 274 97
190 277 11
190 287 74
190 289 1
190 262 46
190 192 12
190 194 77
190 217 78
190 235 11
190 244 73
190 245 28
190 254 49
191 299 26
191 291 2
191 194 22
191 204 2
191 269 14
191 215 10
191 216 44
191 230 51
191 236 79
191 239 6
191 243 45
191 250 22
192 259 79
192 261 8
192 270 91
192 275 52
192 283 33
192 197 55
192 209 85
192 218 7
193 256 3
193 268 60
193 284 44
193 198 37
193 226 85
193 227 29
193 229 37
194 267 9
194 283 19
194 293 64
194 200 52
194 219 54
194 237 12
194 245 88
194 248 9
195 196 82
195 200 17
195 203 38
195 238 71
195 207 85
195 209 85
195 236 10
195 247 66
196 257 13
196 263 49
196 264 43
196 279 76
196 281 75
196 282 25
196 298 2
196 290 73
196 212 74
196 229 49
196 230 53
196 231 17
196 252 42
197 277 67
197 235 9
197 290 98
197 293 79
197 298 0
197 213 9
197 218 1
197 236 80
197 238 35
197 243 62
198 256 41
198 269 1
198 274 84
198 279 18
198 284 91
198 287 94
198 288 38
198 201 3
198 232 75
198 236 52
199 228 76
199 233 57
199 202 27
199 244 99
200 257 41
200 269 47
200 281 67
200 284 36
200 260 25
200 211 39
200 216 42
200 217 16
200 253 79
201 273 43
201 277 48
201 283 79
201 289 94
201 297 15
201 299 36
201 210 12
201 217 98
201 252 89
201 254 40
202 264 1
202 274 44
202 281 98
202 288 44
202 294 49
202 203 19
202 209 90
202 216 63
202 251 47
202 236 11
202 248 87
203 268 44
203 282 3
203 293 30
203 220 45
203 230 44
203 231 92
203 237 25
203 252 52
203 253 84
204 257 63
204 267 82
204 298 71
204 299 99
204 205 89
204 271 51
204 222 29
204 240 98
204 250 67
204 255 76
204 252 75
205 267 66
205 280 72
205 283 0
205 287 40
205 289 56
205 220 1
205 222 7
205 237 56
206 256 49
206 236 19
206 282 47
206 289 18
206 207 24
206 222 97
206 243 85
206 247 19
207 212 75
207 279 13
207 298 41
208 256 35
208 216 88
208 296 44
208 218 2
208 228 35
208 229 54
208 245 27
208 254 6
209 216 52
209 276 15
209 277 13
209 286 90
209 218 30
209 269 97
209 246 7
210 257 72
210 269 2
210 270 58
210 276 44
210 277 41
210 278 27
210 286 63
210 214 61
210 225 94
210 232 5
210 233 61
210 254 47
211 260 58
211 263 35
211 272 100
211 288 10
211 291 50
211 293 78
211 295 20
211 237 15
211 239 17
211 249 49
211 251 83
211 254 44
212 267 20
212 283 4
212 220 77
212 229 45
212 245 23
212 276 84
212 251 24
213 257 41
213 263 73
213 265 72
213 278 71
213 298 67
213 241 33
213 246 6
213 277 25
214 277 84
214 290 64
214 217 80
214 219 61
214 222 60
214 223 6
214 224 73
214 239 86
214 251 92
215 287 36
215 223 45
216 262 24
216 267 68
216 278 98
216 291 66
216 296 18
216 233 9
216 254 49
217 295 41
217 290 45
217 223 40
217 229 59
217 236 8
217 232 10
218 256 46
218 265 25
218 276 38
218 277 2
218 221 35
218 222 94
218 240 88
218 298 32
219 293 61
219 296 87
220 265 32
220 284 5
220 285 97
220 231 55
221 271 8
221 288 63
221 272 79
221 226 52
221 233 95
221 244 48
222 265 16
222 272 36
222 274 7
222 278 92
222 290 64
222 288 11
222 237 51
222 246 8
222 249 55
223 277 5
223 279 23
223 234 34
223 240 99
223 247 20
223 253 77
224 263 6
224 267 18
224 284 6
224 235 68
224 252 16
225 256 22
225 263 44
225 232 35
225 297 97
225 299 24
225 281 67
226 229 57
226 230 76
226 231 19
226 236 42
226 253 68
226 255 38
227 259 1
227 265 31
227 282 45
227 286 41
227 292 37
227 267 3
227 297 97
228 260 25
228 266 59
228 269 70
228 276 33
228 284 50
228 288 27
228 235 47
228 238 4
228 243 92
228 252 63
229 275 13
229 278 4
229 280 94
229 294 32
229 232 36
229 233 56
229 245 3
230 260 70
230 266 57
230 280 99
230 294 68
230 288 70
230 272 5
230 238 61
230 246 15
230 247 63
231 275 75
231 280 3
231 290 21
231 245 11
231 249 2
232 259 68
232 270 75
232 288 80
233 269 71
233 274 30
233 290 12
233 293 1
233 297 10
233 255 95
234 271 71
234 244 14
234 283 7
235 260 86
235 289 83
235 280 83
235 273 60
235 236 54
235 238 100
235 242 38
235 254 69
236 264 4
236 265 91
236 280 46
236 284 50
236 285 55
236 290 65
236 294 21
236 238 68
236 254 68
237 290 82
237 242 61
237 243 71
237 255 25
238 271 1
238 286 5
238 294 20
238 246 14
238 248 22
238 249 42
239 279 70
239 249 5
240 291 87
240 272 88
240 243 89
240 297 77
240 253 50
241 258 13
241 263 24
241 284 61
241 298 55
241 249 50
241 255 29
242 258 92
242 268 42
242 274 20
242 281 66
242 286 87
242 293 53
242 296 51
243 272 25
243 282 4
243 262 8
243 297 11
243 252 22
244 273 14
244 287 1
244 247 41
245 265 22
245 268 16
245 258 55
245 274 54
245 280 18
245 283 39
245 284 85
245 290 30
245 294 40
245 246 95
245 251 42
245 255 8
246 255 16
246 271 82
246 287 33
247 256 62
247 265 28
247 269 44
247 278 0
247 281 21
247 251 76
248 273 94
248 284 26
248 255 51
249 296 40
249 299 74
249 264 35
250 259 42
250 262 34
250 263 30
250 279 13
250 285 47
250 252 41
251 258 88
251 293 31
251 282 43
251 287 97
252 269 11
252 277 42
252 291 44
253 259 77
253 271 86
254 266 72
254 285 59
254 287 81
255 277 77
255 285 47
255 289 19
255 299 37
256 264 91
256 294 77
257 280 92
258 275 21
258 291 18
258 292 34
258 298 48
259 266 20
259 267 78
259 270 16
259 272 63
259 289 17
260 261 0
260 281 33
260 289 19
260 293 75
260 299 81
261 290 9
261 297 40
261 266 95
261 274 60
261 288 19
261 298 91
262 290 26
262 295 13
263 264 0
263 270 17
263 287 88
263 295 30
263 298 53
263 292 44
264 288 4
264 291 71
264 272 40
265 275 39
265 278 20
266 279 83
267 283 85
267 286 61
268 270 9
268 295 72
268 277 47
269 278 39
269 281 75
269 296 71
270 293 46
270 295 19
270 299 8
270 294 81
271 277 89
271 280 82
271 287 72
272 294 86
273 277 1
273 281 91
273 286 57
273 295 78
273 296 7
275 297 18
276 279 76
277 278 72
277 294 69
277 296 30
277 299 49
278 299 87
280 281 34
280 286 33
280 289 54
280 290 44
281 287 34
281 291 17
282 299 38
283 288 44
283 287 56
284 285 53
284 288 19
284 296 80
285 286 44
285 299 79
286 291 25
287 299 69
287 289 91
287 291 62
288 298 20
290 299 96
291 298 74
292 296 79
293 297 41
