300 4000
0 258 30
0 7 80
0 8 76
0 269 98
0 148 33
0 154 40
0 159 85
0 173 89
0 264 26
0 50 38
0 56 97
0 57 98
0 60 99
0 61 26
0 64 56
0 196 9
0 199 43
0 201 89
0 247 32
0 204 76
0 207 23
0 214 99
0 231 95
0 235 13
0 109 78
0 189 87
0 119 25
0 121 12
0 124 65
1 132 48
1 133 61
1 10 5
1 12 34
1 269 33
1 142 33
1 16 59
1 275 15
1 20 12
1 281 9
1 26 27
1 284 13
1 5 10
1 160 56
1 34 45
1 165 97
1 31 50
1 175 8
1 180 47
1 53 58
1 138 33
1 185 89
1 266 87
1 95 97
1 61 16
1 62 73
1 75 76
1 226 88
1 80 11
1 212 45
1 89 90
1 93 57
1 223 79
1 98 66
1 229 28
1 106 17
1 108 50
1 119 82
1 248 72
1 127 13
2 136 12
2 10 2
2 269 57
2 14 30
2 18 52
2 19 100
2 24 80
2 155 72
2 157 36
2 30 11
2 287 48
2 288 3
2 162 95
2 163 56
2 38 60
2 199 45
2 176 36
2 181 62
2 61 63
2 71 61
2 76 28
2 204 73
2 206 43
2 291 71
2 85 69
2 93 62
2 97 54
2 99 41
2 243 9
2 244 88
3 260 48
3 269 69
3 17 19
3 22 38
3 151 80
3 282 54
3 284 30
3 163 55
3 293 68
3 38 45
3 298 29
3 56 93
3 141 23
3 209 62
3 211 74
3 213 30
3 214 26
3 215 59
3 227 20
3 145 15
3 235 87
3 236 0
3 125 60
3 122 47
3 253 56
3 127 69
4 10 11
4 268 27
4 275 0
4 21 89
4 154 39
4 159 16
4 33 31
4 164 82
4 175 43
4 179 93
4 185 8
4 60 3
4 195 28
4 201 69
4 202 92
4 90 37
4 92 89
4 105 75
4 112 58
4 242 9
4 247 2
4 255 54
4 124 85
4 253 89
4 254 61
4 127 30
5 259 80
5 134 26
5 141 92
5 18 19
5 21 66
5 282 49
5 158 16
5 290 5
5 43 58
5 46 44
5 49 95
5 192 23
5 194 38
5 197 85
5 203 83
5 209 90
5 85 32
5 93 2
5 228 72
5 106 53
5 122 97
6 258 56
6 131 66
6 8 61
6 275 31
6 148 15
6 156 29
6 288 47
6 167 49
6 170 37
6 264 72
6 53 70
6 185 33
6 62 84
6 201 14
6 212 80
6 215 82
6 216 53
6 90 71
6 230 47
6 231 54
6 108 68
6 112 10
6 20 43
7 266 25
7 274 51
7 152 30
7 26 15
7 284 60
7 295 0
7 292 73
7 293 25
7 49 29
7 298 70
7 172 92
7 177 62
7 180 85
7 60 43
7 197 19
7 200 0
7 76 13
7 82 81
7 214 74
7 37 80
7 102 85
7 106 13
7 235 78
7 109 80
7 234 76
8 129 23
8 258 71
8 259 5
8 132 94
8 135 99
8 264 47
8 267 71
8 147 17
8 148 72
8 149 47
8 25 53
8 284 53
8 29 64
8 165 27
8 55 15
8 57 66
8 61 29
8 62 45
8 203 35
8 68 40
8 200 63
8 73 65
8 75 32
8 79 27
8 81 86
8 86 74
8 100 87
8 235 14
8 115 37
8 131 14
8 252 56
9 150 8
9 139 27
9 272 83
9 17 75
9 148 18
9 278 71
9 154 12
9 28 10
9 218 6
9 38 64
9 44 37
9 45 15
9 174 85
9 176 24
9 65 17
9 72 36
9 84 61
9 90 66
9 93 79
9 98 72
9 115 8
9 120 81
10 14 93
10 273 90
10 275 92
10 149 17
10 150 51
10 152 28
10 32 77
10 162 56
10 294 52
10 48 99
10 52 11
10 54 49
10 65 79
10 81 19
10 82 93
10 221 90
10 223 28
10 230 50
10 233 15
10 106 49
10 114 40
10 116 90
10 124 72
11 262 15
11 268 91
11 269 45
11 273 95
11 149 15
11 151 37
11 154 24
11 28 74
11 288 52
11 34 39
11 163 90
11 295 85
11 179 20
11 52 86
11 54 9
11 183 82
11 32 38
11 55 89
11 141 45
11 80 69
11 81 62
11 227 24
11 233 73
11 243 87
11 117 75
11 122 72
12 270 100
12 148 90
12 281 60
12 154 48
12 169 9
12 44 27
12 174 14
12 177 57
12 181 6
12 71 65
12 203 72
12 78 30
12 208 64
12 213 59
12 214 77
12 220 12
12 226 74
12 107 9
12 239 59
12 242 36
12 122 85
12 85 30
13 257 21
13 259 61
13 179 50
13 265 46
13 17 61
13 23 85
13 287 25
13 291 91
13 295 43
13 175 59
13 243 52
13 183 94
13 62 38
13 117 85
13 72 45
13 201 2
13 81 83
13 211 85
13 228 78
13 115 17
13 245 50
13 118 59
13 119 12
13 248 31
14 139 21
14 66 16
14 19 58
14 29 83
14 287 28
14 161 38
14 37 44
14 40 15
14 298 97
14 48 77
14 182 2
14 185 40
14 62 86
14 64 63
14 194 26
14 130 11
14 201 62
14 203 26
14 208 10
14 90 81
14 95 16
14 96 92
14 101 91
14 237 9
14 113 49
14 114 31
14 115 23
15 160 60
15 97 63
15 18 24
15 295 29
15 220 53
15 39 65
15 108 11
15 242 85
15 157 23
15 144 61
15 210 24
15 115 83
15 117 44
15 86 85
15 122 78
15 47 96
15 156 49
15 93 81
15 30 9
16 266 90
16 267 69
16 278 86
16 27 50
16 35 94
16 38 8
16 41 69
16 55 78
16 57 27
16 187 56
16 60 97
16 205 2
16 213 34
16 91 34
16 99 0
16 105 66
16 234 6
16 243 40
16 118 92
16 250 74
16 252 8
17 129 98
17 132 77
17 264 49
17 145 82
17 131 100
17 148 49
17 24 60
17 155 59
17 156 43
17 294 2
17 169 30
17 176 63
17 182 57
17 55 31
17 186 69
17 61 95
17 66 62
17 196 20
17 202 55
17 208 60
17 86 78
17 90 94
17 221 39
17 95 69
17 97 39
17 230 21
17 107 79
17 237 72
17 239 81
17 240 88
17 113 22
17 243 13
17 251 86
17 127 2
18 256 56
18 19 43
18 20 58
18 284 68
18 42 37
18 299 7
18 181 91
18 57 31
18 186 74
18 190 72
18 68 25
18 74 85
18 82 62
18 86 22
18 216 84
18 223 12
18 97 50
18 102 44
18 233 46
18 236 63
18 237 79
18 113 73
18 116 84
18 246 24
18 247 86
19 256 59
19 65 37
19 264 91
19 272 90
19 275 95
19 279 52
19 30 1
19 290 52
19 163 76
19 292 21
19 39 54
19 169 46
19 175 17
19 177 37
19 51 29
19 181 91
19 62 40
19 64 42
19 193 83
19 201 56
19 75 26
19 204 58
19 81 21
19 211 46
19 215 93
19 286 15
19 226 10
19 103 79
19 83 6
19 117 67
19 246 66
19 250 56
20 133 5
20 66 68
20 145 79
20 274 71
20 277 13
20 23 60
20 25 53
20 34 58
20 292 81
20 166 36
20 167 28
20 41 62
20 45 75
20 53 53
20 192 96
20 194 83
20 70 61
20 72 18
20 73 5
20 210 41
20 211 20
20 85 64
20 87 16
20 164 57
20 219 12
20 94 66
20 227 51
20 228 9
20 102 8
20 105 10
20 235 79
20 112 57
20 83 24
20 116 63
20 124 20
20 127 69
21 258 97
21 259 87
21 139 44
21 273 88
21 149 42
21 25 94
21 284 93
21 31 22
21 162 39
21 296 73
21 28 41
21 42 4
21 299 36
21 46 57
21 53 54
21 54 55
21 62 68
21 194 55
21 197 69
21 80 8
21 210 87
21 87 78
21 219 76
21 93 83
21 229 65
21 168 62
21 114 13
21 120 65
21 250 81
21 277 47
22 128 96
22 260 54
22 261 8
22 263 46
22 267 47
22 271 18
22 275 58
22 157 90
22 286 4
22 159 47
22 161 91
22 290 64
22 164 22
22 165 63
22 44 51
22 58 17
22 287 84
22 64 74
22 199 67
22 209 27
22 218 21
22 221 92
22 222 15
22 101 96
22 105 20
22 107 96
22 238 0
22 111 28
22 240 91
22 120 72
22 122 89
22 123 53
22 253 81
22 254 40
23 171 36
23 135 77
23 136 74
23 152 4
23 275 26
23 280 1
23 294 44
23 167 64
23 41 85
23 299 44
23 48 62
23 177 87
23 50 26
23 54 72
23 58 17
23 68 16
23 70 20
23 207 13
23 219 8
23 102 75
23 105 48
23 114 66
23 276 98
23 124 28
23 127 22
24 260 90
24 263 52
24 153 60
24 25 3
24 290 81
24 36 21
24 39 6
24 183 56
24 64 43
24 66 13
24 198 75
24 199 98
24 75 67
24 205 7
24 79 63
24 208 1
24 92 62
24 227 17
24 233 16
24 109 9
24 238 67
24 239 83
24 114 38
24 119 88
24 123 22
24 252 81
25 138 83
25 146 29
25 150 13
25 32 15
25 163 59
25 293 16
25 173 17
25 174 37
25 47 43
25 48 41
25 179 48
25 63 31
25 197 59
25 210 37
25 90 36
25 96 25
25 148 47
25 100 70
25 230 95
25 234 99
25 107 38
25 238 70
25 243 40
25 121 58
25 127 71
26 258 100
26 131 77
26 261 100
26 265 96
26 142 20
26 282 55
26 27 3
26 158 38
26 35 48
26 165 77
26 167 25
26 40 9
26 298 10
26 257 2
26 45 7
26 49 82
26 182 80
26 137 19
26 187 3
26 60 91
26 65 38
26 80 29
26 209 3
26 239 72
26 112 37
26 113 16
26 242 86
26 116 90
26 119 20
27 131 22
27 264 0
27 150 53
27 157 82
27 286 50
27 288 21
27 161 92
27 298 17
27 45 35
27 176 74
27 179 64
27 61 96
27 202 60
27 78 60
27 213 20
27 89 7
27 230 19
27 232 98
27 106 74
27 240 28
27 251 32
28 128 100
28 193 15
28 196 70
28 116 71
28 135 38
28 104 84
28 73 79
28 268 20
28 173 23
28 161 80
28 274 27
28 84 32
28 36 21
28 91 12
28 60 84
28 190 13
28 159 89
29 139 54
29 144 17
29 146 27
29 157 14
29 33 27
29 163 45
29 40 57
29 42 93
29 177 33
29 180 98
29 55 19
29 59 7
29 188 79
29 83 12
29 75 97
29 211 88
29 220 4
29 94 15
29 97 98
29 226 9
29 233 6
29 110 32
29 241 79
29 243 94
29 248 64
29 136 81
29 126 76
30 134 9
30 266 65
30 273 60
30 276 80
30 282 37
30 155 78
30 295 17
30 43 98
30 177 76
30 63 83
30 192 38
30 75 35
30 77 19
30 78 99
30 205 21
30 210 51
30 218 24
30 221 9
30 94 37
30 101 48
30 248 9
30 123 6
30 255 33
31 130 51
31 137 23
31 278 11
31 281 89
31 285 77
31 286 17
31 39 20
31 47 21
31 49 37
31 58 24
31 192 75
31 89 68
31 221 54
31 226 9
31 102 99
31 230 87
31 115 37
31 118 58
31 247 61
31 249 53
31 251 42
32 171 5
32 275 91
32 156 32
32 288 78
32 41 94
32 299 22
32 182 93
32 61 21
32 62 64
32 63 95
32 193 27
32 54 7
32 75 39
32 77 68
32 206 69
32 208 75
32 213 22
32 219 75
32 122 56
32 101 46
32 102 45
32 107 89
32 240 40
32 243 26
32 117 10
32 250 55
32 124 44
32 85 1
33 48 44
33 34 69
33 59 21
33 229 58
33 231 73
33 266 86
33 267 64
33 172 88
33 290 89
33 78 76
33 176 69
33 120 92
33 131 40
33 85 84
33 216 42
33 283 49
33 124 52
33 221 21
33 117 62
34 272 97
34 145 12
34 275 5
34 279 54
34 37 57
34 39 53
34 168 62
34 297 80
34 45 78
34 62 48
34 112 37
34 81 55
34 96 45
34 105 87
34 237 44
34 240 31
34 116 44
34 245 30
34 120 38
34 253 89
35 261 24
35 146 39
35 150 17
35 151 68
35 157 37
35 286 8
35 288 59
35 292 50
35 293 50
35 176 44
35 50 80
35 55 32
35 57 9
35 195 22
35 86 56
35 88 41
35 222 20
35 229 93
35 243 33
35 117 6
35 121 74
36 138 84
36 271 90
36 285 23
36 290 35
36 165 1
36 294 94
36 39 27
36 297 97
36 172 61
36 184 46
36 64 30
36 202 15
36 223 81
36 224 75
36 100 83
36 231 48
36 112 99
36 243 46
36 116 94
36 246 76
36 247 31
36 122 50
37 267 72
37 269 64
37 153 77
37 282 8
37 161 79
37 166 83
37 299 97
37 44 49
37 174 72
37 48 79
37 177 92
37 178 32
37 181 55
37 56 43
37 213 21
37 217 50
37 219 73
37 221 89
37 94 33
37 263 41
37 226 100
37 106 65
37 237 97
37 245 49
37 251 43
37 124 98
38 150 71
38 279 90
38 284 96
38 291 32
38 40 55
38 51 50
38 188 79
38 61 83
38 66 56
38 197 76
38 73 29
38 226 67
38 218 18
38 98 90
38 105 16
38 247 44
38 253 50
38 255 40
39 130 76
39 135 40
39 136 66
39 273 92
39 145 94
39 274 30
39 276 22
39 151 90
39 163 54
39 292 5
39 166 95
39 298 31
39 299 88
39 172 96
39 53 12
39 190 71
39 73 22
39 78 84
39 79 78
39 211 85
39 212 76
39 86 70
39 215 96
39 91 13
39 95 13
39 231 55
39 112 64
39 121 34
39 250 66
40 261 74
40 136 2
40 137 33
40 275 8
40 152 6
40 162 65
40 292 69
40 294 52
40 41 93
40 42 89
40 177 67
40 57 98
40 193 17
40 210 19
40 121 65
40 224 47
40 97 49
40 237 43
40 241 24
40 118 16
40 249 23
40 251 3
40 126 91
41 256 48
41 150 65
41 136 14
41 194 43
41 270 36
41 278 57
41 164 52
41 295 19
41 175 28
41 188 50
41 189 70
41 63 40
41 66 0
41 195 64
41 198 71
41 71 90
41 201 28
41 74 33
41 211 10
41 142 97
41 215 24
41 224 58
41 225 17
41 100 19
41 102 45
41 115 49
42 259 76
42 260 40
42 264 32
42 267 67
42 141 50
42 283 16
42 158 28
42 288 48
42 163 20
42 177 4
42 182 23
42 189 22
42 190 46
42 64 10
42 71 91
42 206 13
42 80 64
42 82 23
42 212 46
42 95 68
42 124 100
43 262 93
43 137 57
43 138 52
43 269 31
43 278 35
43 158 23
43 160 66
43 165 66
43 167 34
43 299 9
43 183 6
43 185 90
43 61 10
43 67 76
43 215 33
43 218 73
43 91 48
43 222 35
43 97 12
43 228 34
43 102 37
43 106 87
43 107 71
43 236 4
43 240 88
43 242 20
43 250 38
44 128 45
44 290 74
44 66 56
44 198 71
44 81 27
44 232 0
44 73 14
44 170 69
44 215 41
44 258 40
44 284 20
44 248 11
44 274 4
44 183 2
44 280 92
44 156 85
44 222 96
45 257 25
45 130 60
45 146 74
45 276 63
45 149 66
45 292 33
45 169 60
45 47 16
45 60 29
45 61 45
45 69 29
45 205 36
45 212 24
45 121 73
45 88 47
45 217 83
45 224 23
45 225 92
45 100 11
45 231 94
45 104 17
45 237 2
45 112 25
45 247 49
45 249 38
45 251 85
46 256 28
46 144 25
46 282 52
46 155 40
46 169 95
46 47 21
46 176 72
46 177 100
46 51 55
46 186 81
46 189 86
46 192 66
46 224 96
46 75 88
46 207 49
46 208 82
46 96 87
46 80 49
46 101 75
46 110 71
46 113 71
46 115 77
46 124 29
47 150 17
47 265 66
47 141 44
47 275 76
47 278 88
47 295 44
47 170 90
47 172 50
47 179 80
47 180 88
47 187 28
47 192 36
47 195 34
47 73 44
47 232 93
47 240 90
47 115 85
48 135 0
48 268 88
48 145 27
48 160 35
48 289 74
48 162 43
48 291 24
48 292 3
48 295 61
48 297 32
48 299 33
48 173 19
48 49 46
48 68 8
48 113 63
48 203 0
48 84 60
48 213 100
48 226 53
48 228 33
48 103 7
48 106 74
48 238 58
48 241 29
48 117 73
48 153 90
48 123 1
48 281 9
48 126 79
49 256 58
49 271 13
49 145 17
49 164 89
49 168 27
49 135 48
49 173 12
49 178 20
49 287 34
49 63 72
49 70 95
49 71 65
49 73 24
49 203 81
49 205 63
49 213 98
49 214 84
49 88 4
49 92 90
49 95 48
49 103 28
49 232 48
49 110 9
49 239 60
49 116 3
49 251 22
49 252 91
50 257 2
50 258 45
50 141 74
50 142 29
50 283 34
50 284 75
50 164 94
50 180 48
50 182 98
50 57 88
50 58 21
50 189 68
50 194 65
50 256 30
50 207 1
50 84 44
50 213 15
50 86 13
50 219 2
50 95 34
50 101 55
50 102 94
50 106 99
50 235 56
50 237 44
50 118 3
50 120 92
50 250 14
50 253 57
51 258 80
51 131 6
51 262 27
51 267 62
51 141 39
51 174 38
51 152 100
51 69 81
51 162 16
51 164 35
51 165 18
51 171 55
51 175 2
51 176 28
51 177 23
51 54 23
51 60 45
51 196 5
51 182 2
51 199 52
51 207 58
51 209 51
51 83 14
51 214 100
51 222 95
51 229 14
51 106 45
51 242 2
51 247 95
51 126 37
51 166 70
52 257 1
52 162 47
52 163 82
52 144 58
52 94 61
52 141 72
52 271 7
52 272 49
52 177 6
52 83 32
52 148 98
52 245 88
52 246 35
52 56 97
52 155 45
52 284 62
52 158 58
52 223 19
53 263 95
53 137 40
53 272 70
53 152 40
53 281 50
53 282 52
53 161 0
53 165 67
53 174 38
53 176 86
53 243 81
53 196 82
53 201 88
53 74 85
53 83 68
53 84 85
53 103 98
53 115 50
53 248 38
53 250 15
54 256 12
54 132 23
54 137 55
54 269 55
54 146 46
54 276 83
54 162 35
54 169 97
54 181 2
54 73 18
54 184 81
54 58 79
54 196 76
54 199 6
54 201 73
54 74 86
54 203 74
54 79 37
54 89 2
54 218 93
54 99 4
54 104 76
54 233 32
54 274 62
54 245 81
54 247 20
54 251 48
54 253 35
54 255 7
55 265 81
55 274 88
55 282 82
55 290 37
55 293 10
55 168 43
55 169 39
55 299 26
55 174 40
55 285 89
55 190 82
55 194 47
55 67 56
55 198 44
55 207 28
55 163 94
55 212 78
55 267 12
55 99 59
55 232 33
55 235 27
55 112 79
55 253 7
56 288 18
56 194 62
56 196 53
56 200 33
56 252 46
56 107 54
56 78 8
56 143 13
56 241 4
56 117 73
56 284 16
56 279 22
56 184 62
56 212 40
56 218 2
56 188 69
56 296 17
57 256 48
57 171 78
57 135 91
57 268 41
57 269 62
57 143 77
57 274 74
57 147 85
57 285 61
57 296 1
57 299 85
57 173 6
57 157 19
57 183 94
57 191 47
57 70 91
57 207 94
57 210 42
57 211 81
57 271 27
57 93 12
57 99 1
57 102 92
57 103 0
57 114 48
57 124 69
57 125 92
57 127 45
58 132 80
58 265 19
58 272 67
58 275 18
58 276 20
58 282 65
58 162 99
58 169 48
58 287 30
58 61 24
58 67 39
58 70 59
58 82 51
58 219 55
58 100 0
58 232 11
58 237 85
58 244 47
58 297 18
58 122 98
59 131 76
59 260 6
59 263 13
59 274 55
59 152 90
59 158 43
59 163 99
59 179 82
59 182 58
59 188 57
59 191 93
59 69 39
59 70 80
59 77 32
59 78 44
59 209 20
59 84 76
59 228 19
59 241 73
59 121 12
59 122 63
59 251 90
60 135 77
60 142 67
60 274 42
60 150 41
60 151 63
60 155 89
60 156 91
60 288 18
60 291 43
60 193 78
60 299 5
60 172 58
60 176 22
60 182 21
60 185 82
60 188 98
60 189 23
60 65 48
60 195 45
60 70 15
60 202 59
60 80 21
60 218 15
60 100 32
60 102 4
60 104 79
60 235 73
60 108 74
60 241 72
60 122 82
61 130 25
61 137 36
61 142 59
61 143 24
61 279 65
61 289 72
61 162 28
61 164 76
61 167 57
61 297 41
61 176 69
61 181 63
61 186 33
61 160 12
61 67 66
61 69 0
61 161 21
61 173 83
61 212 24
61 222 100
61 225 36
61 227 2
61 113 61
61 242 74
61 123 43
61 253 31
62 133 98
62 141 99
62 154 4
62 283 80
62 159 7
62 163 9
62 164 52
62 175 75
62 178 84
62 189 90
62 288 87
62 73 11
62 77 0
62 206 76
62 217 8
62 93 82
62 99 63
62 102 86
62 105 80
62 235 28
62 108 62
62 127 3
63 259 11
63 132 96
63 134 85
63 263 87
63 280 14
63 161 24
63 166 10
63 172 33
63 175 68
63 192 34
63 69 31
63 201 3
63 81 50
63 90 58
63 227 54
63 234 82
63 237 22
63 248 98
63 249 29
63 106 12
63 127 88
64 261 95
64 275 38
64 283 5
64 278 74
64 167 56
64 168 96
64 172 82
64 177 86
64 190 59
64 192 69
64 195 53
64 198 33
64 226 71
64 83 51
64 89 8
64 97 59
64 98 61
64 233 46
64 106 34
64 113 63
64 118 26
64 255 60
65 129 54
65 196 58
65 296 81
65 137 42
65 106 65
65 171 2
65 141 43
65 80 39
65 138 65
65 183 18
65 90 23
65 187 86
66 258 80
66 263 45
66 282 20
66 285 46
66 160 26
66 295 23
66 170 75
66 73 40
66 79 90
66 80 2
66 213 81
66 214 80
66 208 59
66 105 31
66 237 16
66 113 76
66 245 49
66 246 88
66 252 52
67 160 88
67 288 76
67 251 87
67 68 44
67 133 15
67 167 38
67 138 26
67 112 71
67 97 66
67 180 69
67 277 44
67 150 50
67 248 32
67 191 3
67 92 13
67 95 59
68 256 91
68 137 94
68 279 32
68 283 32
68 286 74
68 296 85
68 170 21
68 173 80
68 136 99
68 183 85
68 70 17
68 98 0
68 82 75
68 220 50
68 226 81
68 229 38
68 103 65
68 233 14
68 109 58
68 243 53
68 118 87
68 125 59
68 254 22
68 127 43
69 139 80
69 273 62
69 157 67
69 294 20
69 167 24
69 180 67
69 190 32
69 194 64
69 202 14
69 75 70
69 76 85
69 212 46
69 85 26
69 228 77
69 238 91
69 247 26
69 249 7
69 124 62
69 126 0
70 134 19
70 265 69
70 138 60
70 144 28
70 273 62
70 283 73
70 286 75
70 159 16
70 162 73
70 174 81
70 287 37
70 179 22
70 183 0
70 188 51
70 194 10
70 199 64
70 224 89
70 104 68
70 237 7
70 248 80
70 250 22
71 131 74
71 261 49
71 135 21
71 271 35
71 148 57
71 149 49
71 283 99
71 263 14
71 177 61
71 178 1
71 244 69
71 72 20
71 78 51
71 212 94
71 215 14
71 90 92
71 97 4
71 236 76
71 240 44
71 114 8
71 116 92
71 251 95
72 258 45
72 135 81
72 270 92
72 278 1
72 152 100
72 153 6
72 159 32
72 288 89
72 167 45
72 168 46
72 171 61
72 180 100
72 226 64
72 206 71
72 217 93
72 224 88
72 98 94
72 240 25
72 244 68
72 249 65
73 257 41
73 146 63
73 283 61
73 284 87
73 168 84
73 202 42
73 206 27
73 223 38
73 101 42
73 105 96
73 110 82
73 252 46
74 224 49
74 131 45
74 292 52
74 86 97
74 135 94
74 296 44
74 267 24
74 206 53
74 241 48
74 99 69
74 132 62
74 187 88
74 253 15
74 254 15
75 273 2
75 153 17
75 284 19
75 163 4
75 169 0
75 177 8
75 183 56
75 191 28
75 197 38
75 200 3
75 81 25
75 219 85
75 275 89
75 252 23
75 126 24
76 128 39
76 131 49
76 226 61
76 268 0
76 141 79
76 145 3
76 276 54
76 284 69
76 286 98
76 197 28
76 175 82
76 223 93
76 245 49
76 198 45
76 201 87
76 205 64
76 269 40
76 221 72
76 222 46
76 95 0
76 97 18
76 98 83
76 228 86
76 236 70
76 109 12
76 241 92
76 115 5
76 117 31
76 254 84
76 127 28
77 266 27
77 142 7
77 156 0
77 297 8
77 172 52
77 181 83
77 185 35
77 207 16
77 284 55
77 215 3
77 221 76
77 225 9
77 227 56
77 234 34
77 235 30
77 239 52
77 113 22
77 117 69
77 252 63
78 264 8
78 265 51
78 266 78
78 267 57
78 154 13
78 165 58
78 167 75
78 299 62
78 172 42
78 175 45
78 182 79
78 193 75
78 206 1
78 207 32
78 184 59
78 87 57
78 218 18
78 219 80
78 220 24
78 228 99
78 102 82
78 105 12
78 234 92
78 242 52
78 243 47
79 246 56
79 99 43
79 194 51
79 86 89
79 297 22
79 108 24
79 130 36
79 142 88
79 177 19
79 243 93
79 244 9
79 147 93
79 233 12
79 276 46
79 125 27
79 88 65
80 273 54
80 279 72
80 160 38
80 165 89
80 167 22
80 168 35
80 169 72
80 176 72
80 95 32
80 195 6
80 197 63
80 201 5
80 223 90
80 224 39
80 101 96
80 254 88
81 259 84
81 133 6
81 136 28
81 140 96
81 142 68
81 282 67
81 284 44
81 285 93
81 161 41
81 166 89
81 192 55
81 246 41
81 208 26
81 82 18
81 95 2
81 97 69
81 227 70
81 118 76
82 132 52
82 180 49
82 262 89
82 199 48
82 173 85
82 207 88
82 148 7
82 281 52
82 184 72
82 217 85
82 90 29
82 271 63
82 188 85
82 286 94
83 129 63
83 260 38
83 269 11
83 150 63
83 152 32
83 162 23
83 294 68
83 167 65
83 168 87
83 170 2
83 171 77
83 176 75
83 182 77
83 187 32
83 194 74
83 202 52
83 211 61
83 220 27
83 93 88
83 237 77
83 120 37
83 253 76
83 255 11
84 262 39
84 136 78
84 141 20
84 270 12
84 152 7
84 154 99
84 292 15
84 293 22
84 166 74
84 296 83
84 220 47
84 92 97
84 224 2
84 227 29
84 231 38
84 106 62
84 113 4
84 117 61
85 257 65
85 262 36
85 136 72
85 145 24
85 291 99
85 298 28
85 172 75
85 191 54
85 140 75
85 217 59
85 226 91
85 100 74
85 232 22
85 109 31
85 238 63
85 126 49
86 130 55
86 259 32
86 134 63
86 276 46
86 151 34
86 294 37
86 168 40
86 174 82
86 202 0
86 196 44
86 210 77
86 88 57
86 120 71
86 122 47
86 123 73
86 124 59
86 127 46
87 256 87
87 181 23
87 267 52
87 131 46
87 299 78
87 205 84
87 272 14
87 177 53
87 163 78
87 142 92
87 151 75
87 88 90
87 260 21
87 186 35
87 287 39
87 157 22
87 127 59
88 288 16
88 133 57
88 136 68
88 238 97
88 240 59
88 209 15
88 153 17
88 218 62
88 200 90
88 232 32
88 150 22
88 223 89
89 192 60
89 141 83
89 149 67
89 280 97
89 282 18
89 285 69
89 168 8
89 172 9
89 175 48
89 184 32
89 196 56
89 205 61
89 213 49
89 215 37
89 216 34
89 100 30
89 231 32
89 237 71
89 112 31
90 128 79
90 129 30
90 143 42
90 280 95
90 283 90
90 157 23
90 289 98
90 200 80
90 214 92
90 227 85
90 232 93
90 106 63
90 210 73
90 238 91
90 118 4
90 121 27
90 253 97
91 192 21
91 112 10
91 258 14
91 101 43
91 230 94
91 92 90
91 298 51
91 205 39
91 141 98
91 148 70
91 117 82
91 150 3
91 231 67
91 127 97
91 191 10
92 261 37
92 263 90
92 264 93
92 267 31
92 279 11
92 286 8
92 163 10
92 165 0
92 177 23
92 175 18
92 188 22
92 223 61
92 99 31
92 100 75
92 234 59
92 238 72
92 239 62
92 112 71
92 123 66
93 262 60
93 268 4
93 272 76
93 146 83
93 286 63
93 287 85
93 289 66
93 194 5
93 197 7
93 198 52
93 210 48
93 144 46
93 105 23
93 241 0
93 252 84
94 128 76
94 147 98
94 277 47
94 150 39
94 295 41
94 298 64
94 178 76
94 179 100
94 195 26
94 213 82
94 219 70
94 221 33
94 105 84
94 235 79
94 236 59
94 240 28
94 120 36
94 124 70
95 130 53
95 262 71
95 271 17
95 195 56
95 134 92
95 171 50
95 176 97
95 222 93
95 230 54
95 106 83
95 114 27
95 243 29
95 121 23
95 252 60
96 228 8
96 102 96
96 275 0
96 106 67
96 272 18
96 274 64
96 190 9
96 217 86
96 120 35
96 185 22
96 284 36
96 126 44
97 129 4
97 137 92
97 268 41
97 272 43
97 273 19
97 280 43
97 292 54
97 176 38
97 200 15
97 208 14
97 210 27
97 224 48
97 106 5
97 242 100
97 247 53
98 142 71
98 287 63
98 291 70
98 296 69
98 114 95
98 182 62
98 184 30
98 187 7
98 215 88
98 221 9
98 224 9
98 103 92
98 106 31
98 235 44
98 110 17
98 241 87
98 242 0
98 118 78
98 121 84
98 123 24
98 255 19
99 151 66
99 282 61
99 158 13
99 169 80
99 170 69
99 185 67
99 200 39
99 201 81
99 204 25
99 229 10
99 108 32
99 237 75
99 111 92
99 113 31
99 246 85
99 119 85
99 123 97
100 262 90
100 230 92
100 202 50
100 109 59
100 232 5
100 252 4
100 182 55
100 247 98
100 283 19
100 150 12
100 191 24
101 257 56
101 260 40
101 267 23
101 276 98
101 149 20
101 156 28
101 157 24
101 293 51
101 294 84
101 170 84
101 171 40
101 173 16
101 175 36
101 186 6
101 200 58
101 202 72
101 214 78
101 218 8
101 106 29
101 109 55
101 242 46
101 119 49
101 125 81
101 254 69
102 262 95
102 236 46
102 268 60
102 142 0
102 272 11
102 273 47
102 148 8
102 281 87
102 153 16
102 292 62
102 178 15
102 182 69
102 193 75
102 217 38
102 103 66
102 108 58
102 112 2
102 245 98
102 246 26
103 128 57
103 257 82
103 258 96
103 260 42
103 262 88
103 264 91
103 274 62
103 280 2
103 293 38
103 294 10
103 295 31
103 183 99
103 200 51
103 204 20
103 105 12
103 107 27
103 110 45
103 111 97
103 117 0
103 247 4
103 248 94
104 289 5
104 226 44
104 136 47
104 284 2
104 138 6
104 247 21
104 236 26
104 270 56
104 274 38
104 147 39
104 279 53
104 216 97
104 151 10
105 257 78
105 137 7
105 140 28
105 282 79
105 283 60
105 284 51
105 287 39
105 291 26
105 184 64
105 186 20
105 159 38
105 200 96
105 219 14
105 224 67
105 233 26
105 236 14
105 237 30
105 120 57
105 125 45
105 126 80
106 136 56
106 267 61
106 269 21
106 279 63
106 133 54
106 162 24
106 169 19
106 179 21
106 180 59
106 194 4
106 198 90
106 234 80
106 126 93
106 246 45
106 249 16
106 254 6
107 134 64
107 139 46
107 274 34
107 276 76
107 292 19
107 296 19
107 176 91
107 186 23
107 199 52
107 210 90
107 221 44
107 224 34
107 226 89
107 228 86
107 242 48
107 117 59
107 246 46
107 119 19
108 130 55
108 260 1
108 137 53
108 146 77
108 148 32
108 178 46
108 181 97
108 193 17
108 198 69
108 206 38
108 271 83
108 228 61
108 241 61
108 247 65
108 252 67
109 224 19
109 162 8
109 245 25
109 132 40
109 161 99
109 297 18
109 203 82
109 241 51
109 196 16
109 154 46
109 124 69
109 189 84
109 287 12
110 227 41
110 267 8
110 172 23
110 175 31
110 274 76
110 259 60
110 139 78
110 181 25
110 182 54
110 156 82
111 278 93
111 118 34
111 200 79
111 162 40
111 206 47
111 272 0
111 232 60
111 178 17
111 238 14
111 217 15
111 152 65
111 121 83
111 250 42
111 219 89
111 124 92
111 285 29
111 190 0
111 165 89
112 128 10
112 261 74
112 136 84
112 147 52
112 185 37
112 193 45
112 209 79
112 224 90
112 234 97
112 167 2
112 238 60
112 245 24
112 119 62
112 248 45
113 130 73
113 261 76
113 153 39
113 164 41
113 165 65
113 196 76
113 206 65
113 211 7
113 121 83
113 145 0
113 232 43
113 212 83
114 264 13
114 268 6
114 283 26
114 288 31
114 289 52
114 168 48
114 173 16
114 201 38
114 204 37
114 270 10
114 185 52
114 216 3
114 220 22
114 236 66
114 242 85
114 245 61
114 254 10
115 153 86
115 156 52
115 285 94
115 161 7
115 197 52
115 198 20
115 289 64
115 211 71
115 212 64
115 227 70
115 240 16
115 246 13
115 248 55
115 123 61
116 128 56
116 268 17
116 141 3
116 273 92
116 285 96
116 158 76
116 160 17
116 166 15
116 295 38
116 175 77
116 178 69
116 204 18
116 216 15
116 221 50
116 233 42
116 242 86
116 117 53
117 260 75
117 133 92
117 291 35
117 292 36
117 163 77
117 170 4
117 176 19
117 188 5
117 198 16
117 204 26
117 220 18
117 230 91
117 246 50
118 256 18
118 263 72
118 137 4
118 278 76
118 151 90
118 160 49
118 170 27
118 177 0
118 192 33
118 197 34
118 141 66
118 217 8
118 220 84
118 221 62
118 227 34
118 123 34
119 256 74
119 276 11
119 152 16
119 155 50
119 129 49
119 177 9
119 185 27
119 195 34
119 205 69
119 206 89
119 233 77
119 240 100
119 125 77
120 131 59
120 273 87
120 149 92
120 150 17
120 154 34
120 157 68
120 163 54
120 165 54
120 295 94
120 176 57
120 199 75
120 202 93
120 219 92
120 241 14
120 242 92
120 247 78
120 248 63
120 249 98
120 253 38
121 134 41
121 263 82
121 141 77
121 270 25
121 279 89
121 239 79
121 286 24
121 169 37
121 299 10
121 174 17
121 189 13
121 220 31
121 225 16
121 235 75
121 240 40
121 245 100
121 255 69
122 256 68
122 133 92
122 263 96
122 264 46
122 279 84
122 281 93
122 154 43
122 164 36
122 294 74
122 179 5
122 292 15
122 268 54
122 207 17
122 186 40
122 222 3
122 187 97
122 229 62
122 233 92
123 136 99
123 141 4
123 273 13
123 151 89
123 285 51
123 157 32
123 176 92
123 184 91
123 193 43
123 217 41
123 229 78
123 232 60
123 245 21
123 250 84
123 252 80
123 125 70
123 127 34
124 260 36
124 261 81
124 264 52
124 273 5
124 280 43
124 133 65
124 290 100
124 166 32
124 181 44
124 184 60
124 195 44
124 198 62
124 202 47
124 215 76
124 218 20
124 125 52
125 130 84
125 132 88
125 265 88
125 140 28
125 260 26
125 156 29
125 171 48
125 172 35
125 176 24
125 182 10
125 208 66
125 216 22
125 222 68
125 225 24
125 236 96
126 135 22
126 269 62
126 270 28
126 279 87
126 153 51
126 159 67
126 166 67
126 167 33
126 215 43
126 216 79
126 233 96
126 255 85
127 132 33
127 266 63
127 272 32
127 153 70
127 280 65
127 285 29
127 168 33
127 171 89
127 182 7
127 189 58
127 208 9
127 223 16
127 229 55
128 257 83
128 135 20
128 136 59
128 147 17
128 279 1
128 292 59
128 297 41
128 299 54
128 175 75
128 189 18
128 192 49
128 194 76
128 196 70
128 217 6
128 231 51
128 232 53
128 237 8
128 238 27
128 243 83
129 263 72
129 137 98
129 275 81
129 280 33
129 154 43
129 165 26
129 166 36
129 197 83
129 217 69
129 223 88
129 228 50
129 229 46
129 231 95
129 244 0
129 245 88
129 252 74
130 257 42
130 133 71
130 266 99
130 148 77
130 150 70
130 153 38
130 157 11
130 287 72
130 296 87
130 199 74
130 138 44
130 183 6
130 209 77
130 212 14
130 214 67
130 215 1
130 219 79
130 228 23
130 241 25
130 254 98
131 132 8
131 179 52
131 154 20
131 248 44
131 290 27
131 298 52
131 188 49
131 209 77
131 210 1
131 215 45
131 224 64
131 239 54
131 244 45
131 255 64
132 260 97
132 138 62
132 272 5
132 156 54
132 175 96
132 185 68
132 202 96
132 194 26
132 182 38
132 207 53
132 211 24
132 219 1
132 220 26
132 222 52
132 233 58
132 238 69
132 246 53
132 254 67
133 263 50
133 270 82
133 144 79
133 280 44
133 159 54
133 293 20
133 296 56
133 135 91
133 214 85
133 219 80
133 250 96
133 238 40
133 253 58
133 234 19
134 137 73
134 267 66
134 141 89
134 143 8
134 272 41
134 276 79
134 281 84
134 290 94
134 175 52
134 179 99
134 187 61
134 190 81
134 217 9
134 228 69
134 243 20
134 148 67
135 261 38
135 288 72
135 161 68
135 169 86
135 298 87
135 159 57
135 187 59
135 228 94
135 242 14
135 297 17
136 266 82
136 140 69
136 143 21
136 276 2
136 277 81
136 278 76
136 196 23
136 154 7
136 167 37
136 179 50
136 191 14
136 211 85
136 253 34
137 258 73
137 151 53
137 152 3
137 283 12
137 162 49
137 163 92
137 164 48
137 297 91
137 171 61
137 185 75
137 223 54
137 229 0
137 233 90
137 246 94
138 141 30
138 272 34
138 146 35
138 278 76
138 283 67
138 192 14
138 197 64
138 209 90
138 210 15
138 211 63
138 216 8
138 224 64
138 230 22
138 246 41
139 266 27
139 272 20
139 145 65
139 156 11
139 168 84
139 179 97
139 195 26
139 201 35
139 208 75
139 210 20
139 211 23
139 223 91
139 231 56
139 235 73
139 244 13
139 251 91
140 256 100
140 257 82
140 227 57
140 292 3
140 261 86
140 234 17
140 265 72
140 209 28
140 243 81
140 149 15
140 297 30
140 156 50
140 190 27
141 260 14
141 269 30
141 270 55
141 276 19
141 151 93
141 152 21
141 285 85
141 158 50
141 162 51
141 219 15
141 173 85
141 183 6
141 188 33
141 206 54
141 236 56
142 266 49
142 144 18
142 151 55
142 153 74
142 154 1
142 283 59
142 158 49
142 288 89
142 294 43
142 295 78
142 183 5
142 200 68
142 202 42
142 207 90
143 256 91
143 258 73
143 195 46
143 167 21
143 177 89
143 267 98
143 204 80
143 239 39
143 248 77
143 210 14
143 286 79
144 193 44
144 161 40
144 227 93
144 292 16
144 225 21
144 171 46
144 270 37
144 157 59
144 177 64
144 291 51
144 184 74
144 187 50
145 264 11
145 267 5
145 277 64
145 161 44
145 163 33
145 168 95
145 169 100
145 190 75
145 208 83
145 209 18
145 212 35
145 224 5
145 252 87
145 213 43
146 258 19
146 270 21
146 154 82
146 286 71
146 166 22
146 298 32
146 177 31
146 179 83
146 206 44
146 207 62
146 208 70
146 210 99
146 224 78
146 230 0
146 241 57
147 259 31
147 279 5
147 298 99
147 171 73
147 177 49
147 190 64
147 211 2
147 215 23
147 217 25
147 218 26
147 223 32
147 229 4
147 231 62
147 235 49
147 238 43
147 232 10
147 254 42
148 266 38
148 275 37
148 150 5
148 153 4
148 287 3
148 160 58
148 294 39
148 170 27
148 174 7
148 183 39
148 188 20
148 196 57
148 201 0
148 203 67
148 216 22
148 226 67
148 232 51
148 250 47
148 251 73
149 275 79
149 163 31
149 198 22
149 231 21
149 252 30
149 199 12
149 206 25
149 209 97
149 179 68
149 218 97
149 188 43
150 279 55
150 271 38
150 272 97
150 153 65
150 175 20
150 171 96
150 186 53
150 196 26
150 197 84
150 200 26
150 230 69
150 235 11
151 267 99
151 276 78
151 158 71
151 291 35
151 169 69
151 299 81
151 175 3
151 179 84
151 185 86
151 194 35
151 198 68
151 204 37
151 220 26
151 240 34
151 244 43
151 246 97
151 248 88
151 254 28
152 272 75
152 153 1
152 282 93
152 289 3
152 202 39
152 215 23
152 221 5
152 232 80
152 234 22
152 239 50
153 257 81
153 263 79
153 274 10
153 155 6
153 286 83
153 287 90
153 166 40
153 297 69
153 298 31
153 184 60
153 208 79
153 211 89
153 219 40
153 228 72
153 231 55
153 238 23
153 244 72
154 258 76
154 167 27
154 169 15
154 178 46
154 203 83
154 255 99
155 257 93
155 163 23
155 197 50
155 170 1
155 206 52
155 242 25
155 211 47
155 181 57
155 216 76
155 250 84
155 202 75
156 260 45
156 285 90
156 168 51
156 185 35
156 211 51
156 229 70
156 240 78
156 252 96
156 253 32
157 273 0
157 166 69
157 169 4
157 178 6
157 212 85
157 229 75
157 226 24
157 227 70
157 251 64
158 262 69
158 280 92
158 285 14
158 164 15
158 165 56
158 169 92
158 188 5
158 190 63
158 195 74
158 208 85
158 270 52
158 229 18
158 187 42
158 251 14
158 253 100
158 213 58
159 165 6
159 211 61
159 269 73
159 179 88
159 247 81
159 196 6
159 255 1
160 277 69
160 280 76
160 163 6
160 298 84
160 171 49
160 178 8
160 181 92
160 207 33
160 214 55
160 236 78
160 237 49
160 243 71
161 256 35
161 262 36
161 264 29
161 289 54
161 164 46
161 182 55
161 192 6
161 217 60
161 209 10
161 232 95
161 189 29
161 255 89
162 256 40
162 259 25
162 287 31
162 288 60
162 176 65
162 266 86
162 164 23
162 166 80
162 167 29
162 190 2
162 191 15
162 199 4
162 201 53
162 205 61
162 208 88
162 220 31
162 231 47
162 238 50
162 240 36
162 245 32
163 261 79
163 268 90
163 298 35
163 171 87
163 193 95
163 199 74
163 212 35
163 216 53
164 271 79
164 274 29
164 279 63
164 282 4
164 285 30
164 292 50
164 176 47
164 191 55
164 204 22
164 207 84
164 212 41
164 219 63
164 224 32
164 232 58
164 244 20
165 260 64
165 285 51
165 291 24
165 202 79
165 219 12
165 231 35
166 271 22
166 273 99
166 280 67
166 282 31
166 287 69
166 297 65
166 298 96
166 173 74
166 180 50
166 184 58
166 188 29
166 190 18
166 192 34
166 207 47
166 230 36
166 231 32
166 233 10
167 192 84
167 270 11
167 283 95
167 286 1
167 197 99
167 169 79
167 176 83
167 182 69
167 188 0
167 223 41
167 252 79
168 266 62
168 278 78
168 283 17
168 284 37
168 288 52
168 291 90
168 170 29
168 198 55
168 199 61
168 203 94
168 212 6
168 214 51
168 228 23
168 229 18
168 241 34
168 244 65
168 254 34
169 281 42
169 175 45
169 176 38
169 196 40
169 183 37
169 212 84
169 217 34
169 222 19
169 228 53
169 230 21
169 244 77
169 248 34
169 252 85
170 194 68
170 270 41
170 285 100
170 290 97
170 245 13
170 196 90
170 207 22
170 210 53
170 213 18
170 229 65
170 233 65
170 247 14
171 179 51
171 265 57
171 266 46
171 268 36
171 281 52
171 297 3
171 299 86
171 176 54
171 180 9
171 191 15
171 197 85
171 201 4
171 218 44
171 272 11
171 227 23
171 232 37
171 244 22
172 281 86
172 286 71
172 287 27
172 296 28
172 297 17
172 299 36
172 202 60
172 218 53
172 219 49
172 221 84
172 234 87
172 247 38
172 252 23
173 263 13
173 277 27
173 298 97
173 190 7
173 201 28
173 218 72
173 225 59
173 240 39
173 241 23
174 262 21
174 265 68
174 274 4
174 283 28
174 181 87
174 194 97
174 201 36
174 226 47
174 239 41
174 240 65
174 242 35
175 257 0
175 273 4
175 285 29
175 184 14
175 241 40
176 256 38
176 263 67
176 258 52
176 275 69
176 223 42
176 207 24
176 215 28
176 235 72
176 245 100
176 252 93
177 260 80
177 265 73
177 284 83
177 295 86
177 178 16
177 210 92
177 234 52
177 241 77
177 242 77
177 244 37
178 267 32
178 180 14
178 185 39
178 188 26
178 200 6
178 219 32
178 223 9
178 238 27
178 241 61
178 247 11
179 256 24
179 261 68
179 270 81
179 209 96
179 211 43
179 225 46
179 227 2
179 238 28
179 239 67
179 244 61
179 247 17
179 249 28
180 198 81
180 230 42
180 200 56
180 207 51
180 275 71
181 283 10
181 200 44
181 204 48
181 210 56
181 211 29
181 222 62
181 249 5
182 265 35
182 298 41
182 188 0
182 189 56
182 191 81
182 205 57
182 224 53
182 227 40
182 231 96
182 254 98
183 260 54
183 286 94
183 200 60
183 217 7
183 219 100
183 227 77
183 228 72
183 229 69
183 249 2
183 252 48
183 254 86
184 292 24
184 295 49
184 234 63
184 260 78
184 210 15
185 257 1
185 299 5
185 263 87
185 282 17
185 265 36
185 220 52
186 261 84
186 267 77
186 272 22
186 275 31
186 278 4
186 287 79
186 294 97
186 296 83
186 297 81
186 298 27
186 299 73
186 198 8
186 201 7
186 203 4
186 233 69
186 243 37
187 266 48
187 269 97
187 202 63
187 192 47
187 214 18
187 217 13
187 221 26
187 228 38
187 234 0
187 239 32
188 263 24
188 264 47
188 279 94
188 284 87
188 295 68
188 201 1
188 226 89
188 235 68
188 236 12
188 238 52
188 250 50
189 261 70
189 271 41
189 284 10
189 289 52
189 196 44
189 200 87
189 218 34
189 233 77
189 242 93
189 243 69
190 270 22
190 271 8
190 281 60
190 282 42
190 193 84
190 208 54
190 210 5
190 216 21
190 227 23
190 228 69
190 229 77
190 232 61
190 234 55
190 249 79
190 255 79
191 261 7
191 263 2
191 271 48
191 282 59
191 200 8
191 201 77
191 209 9
191 227 3
191 230 31
191 241 16
192 261 55
192 263 9
192 290 12
192 296 75
192 299 27
192 194 18
192 199 76
192 222 79
192 234 20
192 238 38
192 243 28
192 244 75
192 255 54
193 290 73
193 196 72
193 198 8
193 245 44
193 217 59
193 220 26
194 266 14
194 279 40
194 291 28
194 202 45
194 223 1
194 227 67
194 211 78
195 273 24
195 279 41
195 260 1
195 287 94
195 289 87
195 201 71
195 291 10
195 224 7
195 281 41
195 242 39
196 260 20
196 267 27
196 274 51
196 286 88
196 289 64
196 199 31
196 205 25
196 231 84
196 237 96
196 246 40
196 276 80
196 298 57
196 255 82
197 276 14
197 278 39
197 284 70
197 290 23
197 201 49
197 218 36
197 227 74
197 240 3
197 248 55
197 254 79
198 260 58
198 266 49
198 271 38
198 272 28
198 274 55
198 294 65
198 299 3
198 243 56
198 211 23
198 296 84
198 242 77
198 245 84
198 247 89
198 253 100
199 261 50
199 280 60
199 274 19
199 276 80
199 281 19
199 284 22
199 285 29
199 286 17
199 245 84
200 266 80
200 274 22
200 282 52
200 288 15
200 299 20
200 255 21
201 268 46
201 286 52
201 206 96
201 224 37
201 225 1
201 244 49
201 253 80
202 256 43
202 257 29
202 276 47
202 286 33
202 294 46
202 298 17
202 270 90
202 214 53
202 223 36
202 227 79
202 273 50
202 246 75
203 279 70
203 257 61
203 290 8
203 266 4
203 235 60
203 204 2
203 253 68
203 274 16
203 250 18
204 288 29
204 290 35
204 245 61
204 243 70
204 235 17
204 248 10
205 224 13
205 226 11
205 298 96
205 240 41
205 245 21
205 216 52
205 285 76
206 257 72
206 271 94
206 275 95
206 294 22
206 210 61
206 212 26
206 219 43
206 230 43
206 244 54
206 249 55
207 259 86
207 265 10
207 271 18
207 260 80
207 297 7
207 228 31
207 252 34
208 260 78
208 262 41
208 269 65
208 273 69
208 299 26
208 214 18
208 245 1
209 265 31
209 268 69
209 275 86
209 291 38
209 292 13
209 294 62
209 297 66
209 228 14
209 235 69
209 236 73
209 245 90
209 250 39
209 253 29
210 261 8
210 263 69
210 269 5
210 281 38
210 283 93
210 284 43
210 289 100
210 298 78
210 213 26
210 224 79
210 225 97
210 274 79
211 271 92
211 272 73
211 291 56
211 266 81
211 221 10
211 228 27
211 229 59
212 263 23
212 267 52
212 262 33
212 257 97
212 217 90
212 254 23
213 235 73
213 250 56
213 248 41
213 218 98
213 234 69
214 256 99
214 265 42
214 277 83
214 282 63
214 297 77
214 215 62
214 221 60
215 264 15
215 274 6
215 220 0
216 259 93
216 261 19
216 264 28
216 270 49
216 272 82
216 278 25
216 283 92
216 228 16
216 235 7
216 276 72
216 250 50
217 219 36
218 256 14
218 279 15
218 286 19
218 291 8
218 295 85
218 297 18
219 259 39
219 269 53
219 286 56
219 221 78
219 226 68
219 241 59
219 246 11
219 233 95
219 248 37
220 266 47
220 267 37
220 270 33
220 295 83
220 296 11
220 298 82
220 268 87
220 222 3
220 224 86
220 248 68
220 254 51
221 224 21
222 256 14
222 261 48
222 265 99
222 269 32
222 277 69
222 282 22
222 223 75
222 250 29
222 228 83
222 246 25
222 255 73
223 258 25
223 261 4
223 266 21
223 271 89
223 273 25
223 230 83
223 231 97
224 256 88
224 261 93
224 262 22
224 270 77
224 279 60
224 289 83
224 293 79
224 242 0
224 251 92
225 288 33
225 226 4
225 261 98
225 262 17
225 266 27
225 277 71
225 282 97
225 254 50
226 270 20
226 281 84
226 283 81
226 239 65
226 240 41
227 269 41
227 288 10
227 291 44
227 293 41
227 230 74
227 253 100
228 235 78
228 260 11
228 282 67
228 292 94
228 233 19
228 296 80
228 244 25
228 250 21
229 290 71
229 245 81
229 246 68
229 251 11
229 250 62
230 256 27
230 261 74
230 268 40
230 270 56
230 293 85
231 259 89
231 266 58
231 287 2
231 294 49
231 234 38
231 244 22
231 251 72
231 252 3
232 298 87
232 276 65
233 270 24
233 275 86
233 293 90
233 295 79
233 235 24
233 274 92
233 240 50
234 260 32
234 264 37
234 269 5
234 274 29
234 281 88
234 239 88
234 250 56
234 251 37
235 268 24
235 285 95
235 286 92
235 292 41
235 293 63
235 242 14
235 255 83
236 272 88
236 288 44
236 291 50
236 237 5
236 238 27
236 249 78
236 252 69
236 254 99
237 268 30
237 271 80
237 297 69
237 248 39
238 265 84
238 268 0
238 294 63
238 245 76
238 247 48
239 261 74
239 288 45
239 293 64
239 295 33
239 280 22
239 244 87
240 263 94
240 278 68
240 283 12
240 250 52
241 257 87
241 264 36
241 269 24
241 288 28
241 242 40
241 252 12
242 256 70
242 272 74
242 288 59
242 296 82
242 247 27
243 260 14
243 264 22
243 285 25
243 292 79
243 296 7
244 269 9
244 286 16
244 249 2
245 274 68
245 278 73
245 299 62
245 250 28
246 266 54
246 297 88
247 256 42
247 288 13
247 289 22
247 296 42
247 248 91
247 274 31
248 256 35
248 274 18
248 299 11
248 269 21
248 250 5
249 288 44
249 291 15
249 264 25
249 298 9
249 282 19
250 259 72
250 273 51
250 285 65
250 291 95
251 259 70
251 263 64
251 270 62
251 288 88
251 294 47
252 257 43
252 275 41
252 277 63
252 298 9
253 283 55
253 288 56
253 299 39
253 294 1
254 259 29
254 289 3
254 290 63
254 299 75
254 296 85
255 272 7
255 280 16
255 292 7
255 297 26
256 261 9
256 295 72
257 260 87
258 288 27
258 275 61
258 279 81
259 267 31
259 284 39
259 292 80
259 296 74
260 261 32
260 265 54
260 266 54
260 268 19
260 271 93
260 286 75
260 293 21
260 295 64
261 267 64
261 287 30
261 288 5
262 265 24
262 276 75
263 264 51
263 265 71
263 270 26
263 288 70
263 299 16
264 277 74
264 280 84
265 266 31
265 270 37
265 273 17
266 278 62
266 280 41
266 267 50
266 296 66
267 276 56
267 277 65
267 283 53
267 290 1
268 271 98
268 280 56
268 292 56
268 296 2
268 298 98
269 271 8
269 282 24
269 287 79
269 288 65
270 271 92
270 275 5
270 287 26
270 290 52
271 287 1
271 292 90
271 295 87
271 299 70
272 275 4
272 294 60
272 299 50
273 281 83
273 285 61
274 278 31
274 286 0
274 276 33
275 292 96
275 296 54
276 278 11
276 292 51
277 296 40
277 299 64
277 285 68
278 292 44
279 281 83
279 283 36
279 296 1
280 288 49
280 294 21
280 298 8
281 296 5
282 286 55
282 289 21
282 297 93
283 284 60
283 293 84
283 289 28
284 287 57
285 288 8
285 294 10
286 289 35
287 290 2
289 294 3
289 297 55
