300 4000
0 2 34
0 132 3
0 264 2
0 270 32
0 21 20
0 151 4
0 26 91
0 283 5
0 296 56
0 169 50
0 299 9
0 44 1
0 181 29
0 57 51
0 188 41
0 195 15
0 203 90
0 211 65
0 222 44
0 96 98
0 232 70
0 109 20
0 114 37
0 118 27
0 253 68
1 107 43
1 136 28
1 271 62
1 272 88
1 21 60
1 150 82
1 151 51
1 287 86
1 37 93
1 173 76
1 50 6
1 180 32
1 55 97
1 58 33
1 189 30
1 191 34
1 69 68
1 200 51
1 206 75
1 211 30
1 212 14
1 216 79
1 186 34
1 224 87
1 225 89
1 235 52
1 239 11
1 63 57
2 257 28
2 144 96
2 147 58
2 26 49
2 158 98
2 31 50
2 38 56
2 295 53
2 171 34
2 53 56
2 59 3
2 202 69
2 206 27
2 207 46
2 84 20
2 85 27
2 95 52
2 96 90
2 187 84
2 102 17
2 243 1
2 250 53
2 253 11
3 5 92
3 264 85
3 266 46
3 11 62
3 145 23
3 148 53
3 284 16
3 29 85
3 290 15
3 165 3
3 182 40
3 186 10
3 60 58
3 191 64
3 196 51
3 71 16
3 210 6
3 84 100
3 218 7
3 91 91
3 94 2
3 37 0
3 229 29
3 107 64
3 236 66
3 242 49
3 244 38
3 249 27
4 128 82
4 131 42
4 7 36
4 8 69
4 138 9
4 139 97
4 18 29
4 276 49
4 150 36
4 292 68
4 40 9
4 43 13
4 180 68
4 53 58
4 183 97
4 58 4
4 70 54
4 83 11
4 84 81
4 105 4
4 234 38
4 113 71
4 119 78
4 123 60
4 255 44
5 128 41
5 9 84
5 143 25
5 272 84
5 195 4
5 285 3
5 287 61
5 161 6
5 292 53
5 294 46
5 40 45
5 49 76
5 180 66
5 53 3
5 137 42
5 56 54
5 67 58
5 68 7
5 201 52
5 75 84
5 76 46
5 81 83
5 147 90
5 218 90
5 235 59
5 236 45
5 237 76
5 19 31
5 248 17
5 249 1
6 258 73
6 139 1
6 18 58
6 147 33
6 276 88
6 23 73
6 153 82
6 287 25
6 295 46
6 40 48
6 93 58
6 194 89
6 207 93
6 211 6
6 89 6
6 221 90
6 224 10
6 228 20
6 239 92
6 242 9
6 125 99
6 127 52
7 260 67
7 135 68
7 8 99
7 279 42
7 142 47
7 272 36
7 273 95
7 23 37
7 157 38
7 31 59
7 288 49
7 289 87
7 46 82
7 47 20
7 264 51
7 185 60
7 59 23
7 189 36
7 207 18
7 91 18
7 226 65
7 99 50
7 100 65
7 234 24
7 108 13
7 241 26
7 116 38
7 251 41
7 123 16
8 265 16
8 266 16
8 268 87
8 275 88
8 290 35
8 291 45
8 168 13
8 178 26
8 179 99
8 53 11
8 55 10
8 62 57
8 181 50
8 140 49
8 202 24
8 76 68
8 34 16
8 215 66
8 223 17
8 227 63
8 106 46
8 235 88
8 110 68
8 251 7
8 252 43
8 255 32
9 14 65
9 16 40
9 23 39
9 24 91
9 292 91
9 298 85
9 206 8
9 49 55
9 182 12
9 185 7
9 61 70
9 202 51
9 78 7
9 209 23
9 83 81
9 142 91
9 36 51
9 220 91
9 222 32
9 99 27
9 112 0
9 244 77
9 248 30
9 250 78
9 127 76
10 96 49
10 97 52
10 226 1
10 131 3
10 101 37
10 17 90
10 72 9
10 107 16
10 208 79
10 109 26
10 142 42
10 15 66
10 144 76
10 43 53
10 20 49
10 247 95
10 250 22
10 31 49
10 183 94
10 126 42
10 255 0
11 133 11
11 136 64
11 267 21
11 12 79
11 15 51
11 274 80
11 20 48
11 219 11
11 164 32
11 294 76
11 181 92
11 183 44
11 185 77
11 58 61
11 139 58
11 68 91
11 209 68
11 210 39
11 218 75
11 91 34
11 226 56
11 233 78
11 238 55
11 241 1
11 116 27
11 251 60
11 252 15
11 253 17
11 127 48
12 80 33
12 292 16
12 101 100
12 273 24
12 201 61
12 75 42
12 46 20
12 239 60
12 208 54
12 216 40
12 105 95
12 21 2
12 247 62
12 137 72
12 186 71
12 91 32
12 156 85
12 126 38
13 132 2
13 268 62
13 270 61
13 143 45
13 275 5
13 279 9
13 26 15
13 285 85
13 31 93
13 160 1
13 165 97
13 168 99
13 157 41
13 177 17
13 178 17
13 180 52
13 59 1
13 60 33
13 195 49
13 71 17
13 80 66
13 85 90
13 217 12
13 220 32
13 97 87
13 101 24
13 243 53
13 121 97
14 256 20
14 264 72
14 138 23
14 23 54
14 22 9
14 151 25
14 282 63
14 36 18
14 168 48
14 181 20
14 265 10
14 59 40
14 189 62
14 55 63
14 226 40
14 208 64
14 84 65
14 213 20
14 89 6
14 92 42
14 98 30
14 118 38
15 135 57
15 137 20
15 277 46
15 24 44
15 283 39
15 158 75
15 160 88
15 296 14
15 41 36
15 46 6
15 47 45
15 54 90
15 265 40
15 184 95
15 62 31
15 203 100
15 81 81
15 85 5
15 92 3
15 221 78
15 94 27
15 224 35
15 99 33
15 230 82
15 105 95
15 109 37
15 238 12
15 240 1
15 114 76
15 190 29
15 254 94
15 255 27
16 22 24
16 266 37
16 269 19
16 274 12
16 275 6
16 278 12
16 284 44
16 29 33
16 35 62
16 165 24
16 38 22
16 47 17
16 53 89
16 54 90
16 59 32
16 61 67
16 66 36
16 201 17
16 217 37
16 96 44
16 101 89
16 104 72
16 105 23
16 236 46
16 244 45
16 247 26
16 254 22
17 131 40
17 262 7
17 266 66
17 160 62
17 297 97
17 298 71
17 299 58
17 50 17
17 57 95
17 63 10
17 288 73
17 200 38
17 77 47
17 209 15
17 210 76
17 89 6
17 220 22
17 103 48
17 233 35
17 110 94
17 240 3
17 241 80
17 114 95
17 122 43
18 107 45
18 136 96
18 266 69
18 278 53
18 31 32
18 291 97
18 294 86
18 172 46
18 46 99
18 176 90
18 183 79
18 57 5
18 187 61
18 188 19
18 64 73
18 65 96
18 69 85
18 200 71
18 204 76
18 79 65
18 210 24
18 211 34
18 213 39
18 185 29
18 93 1
18 223 16
18 97 80
18 59 45
18 228 23
18 230 54
18 233 92
18 106 65
18 235 15
18 110 7
18 242 12
18 115 73
18 244 83
18 250 13
18 251 82
18 125 91
19 256 37
19 133 61
19 134 4
19 277 76
19 153 86
19 284 95
19 292 15
19 165 36
19 296 26
19 297 82
19 172 71
19 55 77
19 188 68
19 194 15
19 69 51
19 81 20
19 85 5
19 215 84
19 88 48
19 92 80
19 221 89
19 229 29
19 109 88
19 249 79
19 127 3
20 131 49
20 262 35
20 193 35
20 149 68
20 22 52
20 196 59
20 27 12
20 156 38
20 167 13
20 50 59
20 51 88
20 53 49
20 182 99
20 187 18
20 138 1
20 65 51
20 267 9
20 68 39
20 75 63
20 82 6
20 139 59
20 86 93
20 90 42
20 93 17
20 225 62
20 235 19
20 61 95
20 242 37
20 119 73
21 131 64
21 267 80
21 148 81
21 152 2
21 153 93
21 285 73
21 35 56
21 38 35
21 39 9
21 298 6
21 175 59
21 48 66
21 62 20
21 69 6
21 198 48
21 72 53
21 74 39
21 80 53
21 81 54
21 212 40
21 92 3
21 225 55
21 229 64
21 103 8
21 109 43
21 247 70
21 249 76
21 122 47
22 142 93
22 144 2
22 146 60
22 152 91
22 282 38
22 158 36
22 37 1
22 170 14
22 63 20
22 75 53
22 88 33
22 96 0
22 99 8
22 107 36
22 108 57
22 237 88
22 112 42
22 242 8
22 123 84
22 126 86
22 127 14
23 139 75
23 68 82
23 69 76
23 292 18
23 264 68
23 42 7
23 203 15
23 173 47
23 271 51
23 182 62
23 41 92
23 88 14
23 217 28
23 191 83
23 138 29
23 222 63
23 31 88
24 270 87
24 278 25
24 153 8
24 155 48
24 218 3
24 161 1
24 43 53
24 174 17
24 52 95
24 265 44
24 69 85
24 199 42
24 206 79
24 82 4
24 211 49
24 217 35
24 90 95
24 224 50
24 110 73
24 246 19
24 120 17
24 251 10
25 64 42
25 129 45
25 130 34
25 195 6
25 101 36
25 199 52
25 232 61
25 122 47
25 107 28
25 224 45
25 288 27
25 67 77
25 117 49
25 246 71
25 225 41
25 90 51
25 91 37
25 28 50
25 157 93
25 85 31
25 37 81
26 265 96
26 140 71
26 144 92
26 277 89
26 218 32
26 38 20
26 296 31
26 297 43
26 298 46
26 285 10
26 182 70
26 191 97
26 197 82
26 207 94
26 90 24
26 219 53
26 102 51
26 105 39
26 244 87
26 122 29
26 126 84
27 258 61
27 264 3
27 226 47
27 138 74
27 144 8
27 278 64
27 153 68
27 284 25
27 286 73
27 33 61
27 163 58
27 164 30
27 37 70
27 39 5
27 168 20
27 171 57
27 136 96
27 54 1
27 77 89
27 206 55
27 86 33
27 292 1
27 97 11
27 98 47
27 230 6
27 234 50
27 245 98
27 246 31
28 265 69
28 142 83
28 143 98
28 281 65
28 282 5
28 29 77
28 288 96
28 34 16
28 163 60
28 295 99
28 168 73
28 297 30
28 179 23
28 182 29
28 68 93
28 71 79
28 73 33
28 203 45
28 290 10
28 207 8
28 211 23
28 223 73
28 235 70
28 237 21
28 239 28
28 241 55
28 250 20
29 257 70
29 132 0
29 261 51
29 134 70
29 263 25
29 274 24
29 149 90
29 45 33
29 47 81
29 179 77
29 58 19
29 59 57
29 188 48
29 198 22
29 208 22
29 87 31
29 91 54
29 98 49
29 106 95
29 107 75
29 108 73
29 254 97
29 246 39
29 249 40
29 123 99
29 126 18
30 256 61
30 131 33
30 134 7
30 141 66
30 146 34
30 259 16
30 280 22
30 282 100
30 290 78
30 164 25
30 262 97
30 170 32
30 171 6
30 179 79
30 187 74
30 188 5
30 190 50
30 274 90
30 85 2
30 104 9
30 105 32
30 235 56
30 109 92
30 113 84
30 275 33
30 119 38
30 120 68
30 255 39
30 126 81
30 127 63
31 260 66
31 272 78
31 273 53
31 132 53
31 282 16
31 155 97
31 167 77
31 46 33
31 50 44
31 180 68
31 53 17
31 55 11
31 185 3
31 61 14
31 83 78
31 94 1
31 99 25
31 100 100
31 101 77
31 107 19
31 115 30
31 120 31
31 123 43
32 256 70
32 270 36
32 150 40
32 280 51
32 283 8
32 161 77
32 163 56
32 41 28
32 42 12
32 44 66
32 175 17
32 180 35
32 53 1
32 55 38
32 64 16
32 203 45
32 75 72
32 81 4
32 210 40
32 83 8
32 217 66
32 92 13
32 228 58
32 231 69
32 112 63
32 249 80
32 127 25
33 129 97
33 262 39
33 138 29
33 142 98
33 276 59
33 291 97
33 37 68
33 299 37
33 50 6
33 184 94
33 185 55
33 192 46
33 193 87
33 85 34
33 218 77
33 223 36
33 230 47
33 104 99
33 237 64
33 116 71
33 248 39
33 127 60
34 290 62
34 227 41
34 165 11
34 275 49
34 284 23
34 258 17
34 270 69
34 47 66
34 115 38
34 152 77
34 274 75
34 291 44
34 220 85
34 85 2
34 119 80
34 184 36
34 218 48
34 188 35
34 264 9
35 257 43
35 263 8
35 268 69
35 156 2
35 296 91
35 45 78
35 183 53
35 58 46
35 187 15
35 197 75
35 203 43
35 79 40
35 211 19
35 228 60
35 222 24
35 98 59
35 100 70
35 230 76
35 236 54
35 241 13
35 242 69
35 116 12
35 253 49
36 229 78
36 37 100
36 263 53
36 106 92
36 267 82
36 236 24
36 77 66
36 285 1
36 112 69
36 274 95
36 237 59
36 238 56
36 155 14
36 159 59
36 286 51
36 261 42
37 129 17
37 259 22
37 135 71
37 153 66
37 282 13
37 167 20
37 47 72
37 179 28
37 56 92
37 63 2
37 196 84
37 197 77
37 70 0
37 289 29
37 80 13
37 83 82
37 217 14
37 229 25
37 249 20
37 254 81
38 129 26
38 132 24
38 145 13
38 156 55
38 157 39
38 289 70
38 292 15
38 294 23
38 40 84
38 171 73
38 178 35
38 174 81
38 176 88
38 50 8
38 187 28
38 161 41
38 72 0
38 223 4
38 226 36
38 227 10
38 106 94
38 109 91
38 241 30
38 121 55
39 262 56
39 264 26
39 142 39
39 144 60
39 282 44
39 284 94
39 297 76
39 45 43
39 176 25
39 49 17
39 61 61
39 64 20
39 84 4
39 91 4
39 220 70
39 222 28
39 231 1
39 108 61
39 237 38
39 110 69
39 116 98
40 256 45
40 130 80
40 259 67
40 261 46
40 268 91
40 273 46
40 274 76
40 281 4
40 156 73
40 165 18
40 169 21
40 44 25
40 175 2
40 176 84
40 53 56
40 57 14
40 59 69
40 192 51
40 67 57
40 84 63
40 41 8
40 219 50
40 220 5
40 94 63
40 96 82
40 98 1
40 103 10
40 236 14
40 237 57
40 239 82
40 247 74
41 262 57
41 142 35
41 147 44
41 158 60
41 290 22
41 164 98
41 52 34
41 184 85
41 191 95
41 67 98
41 202 67
41 77 78
41 93 35
41 118 11
41 119 58
41 248 51
41 122 53
41 123 6
42 128 89
42 259 6
42 264 93
42 282 28
42 152 17
42 280 86
42 154 69
42 285 63
42 292 3
42 165 72
42 157 86
42 54 22
42 57 16
42 58 44
42 196 90
42 197 56
42 77 36
42 205 14
42 84 83
42 91 10
42 92 36
42 93 42
42 225 51
42 102 90
42 231 39
42 104 38
42 113 72
42 250 29
43 263 76
43 143 24
43 274 89
43 147 35
43 285 32
43 293 15
43 48 94
43 181 48
43 186 38
43 195 79
43 73 39
43 217 38
43 228 0
43 101 21
43 237 90
43 238 9
43 250 47
43 253 60
43 127 63
44 128 33
44 135 16
44 264 36
44 273 75
44 281 36
44 291 59
44 180 97
44 184 61
44 186 77
44 63 37
44 70 20
44 202 75
44 203 16
44 79 88
44 56 53
44 210 17
44 84 39
44 214 26
44 216 36
44 220 98
44 93 8
44 99 51
44 234 22
44 109 73
44 110 62
44 191 77
44 127 34
45 261 59
45 136 62
45 144 79
45 147 90
45 276 61
45 155 72
45 287 77
45 172 81
45 176 44
45 179 81
45 184 50
45 187 65
45 61 17
45 69 56
45 78 34
45 84 52
45 220 19
45 236 43
45 189 48
45 113 31
45 243 86
45 245 16
45 123 66
46 137 40
46 273 50
46 174 88
46 47 86
46 176 57
46 57 77
46 59 48
46 67 96
46 70 1
46 268 72
46 76 82
46 217 65
46 90 54
46 235 12
46 241 38
46 114 57
46 248 55
46 121 67
46 250 81
46 254 1
47 226 71
47 263 23
47 202 50
47 199 90
47 125 21
47 53 49
47 79 94
47 221 63
47 254 63
48 256 33
48 257 76
48 131 32
48 271 63
48 276 2
48 280 37
48 157 0
48 287 77
48 167 17
48 175 55
48 176 79
48 52 51
48 192 90
48 66 94
48 71 65
48 205 61
48 78 48
48 208 78
48 206 1
48 92 100
48 95 60
48 230 1
48 106 93
48 295 61
48 118 69
49 192 59
49 212 84
49 102 68
49 200 79
49 170 43
49 267 63
49 109 81
49 237 49
49 175 10
49 104 85
49 148 48
49 118 70
49 217 46
49 207 64
49 126 66
49 69 91
50 132 63
50 266 49
50 139 69
50 143 92
50 145 84
50 279 4
50 291 8
50 297 98
50 138 68
50 189 1
50 224 13
50 197 9
50 199 7
50 201 90
50 202 52
50 75 68
50 205 55
50 82 52
50 211 94
50 100 44
50 96 53
50 98 10
50 228 11
50 235 96
50 120 13
50 253 32
50 254 64
51 214 53
51 291 20
51 292 89
51 69 84
51 294 65
51 103 34
51 136 3
51 297 80
51 215 15
51 174 21
51 272 36
51 87 67
51 211 58
51 85 52
51 246 63
51 279 3
51 58 15
51 92 15
51 125 25
52 261 10
52 134 61
52 137 22
52 138 13
52 272 37
52 274 62
52 283 76
52 288 19
52 290 64
52 294 97
52 178 58
52 180 12
52 55 76
52 56 96
52 187 98
52 192 93
52 65 12
52 197 36
52 200 63
52 204 12
52 77 85
52 184 15
52 92 30
52 223 29
52 96 16
52 225 44
52 230 82
52 248 39
53 131 34
53 136 33
53 137 59
53 270 40
53 147 73
53 281 22
53 283 90
53 288 65
53 99 91
53 163 10
53 295 81
53 62 32
53 70 65
53 72 49
53 204 81
53 206 28
53 208 92
53 211 78
53 212 22
53 216 17
53 89 76
53 227 52
53 110 90
53 296 99
53 244 25
53 124 14
54 130 85
54 67 87
54 196 65
54 101 62
54 232 9
54 159 47
54 223 8
54 208 83
54 215 63
54 184 72
54 292 59
54 127 82
54 138 45
54 264 83
54 63 78
55 256 12
55 257 86
55 134 30
55 215 65
55 277 51
55 279 16
55 281 46
55 283 95
55 286 6
55 162 79
55 293 24
55 186 27
55 63 74
55 267 81
55 68 40
55 213 72
55 87 45
55 217 13
55 97 16
55 107 34
56 133 54
56 144 93
56 98 43
56 259 15
56 253 46
56 265 40
56 139 23
56 108 3
56 237 82
56 111 81
56 176 77
56 99 2
56 179 15
56 151 24
56 59 34
56 222 90
56 261 64
57 130 89
57 149 27
57 155 11
57 157 74
57 163 79
57 166 34
57 297 49
57 195 11
57 68 59
57 73 92
57 208 31
57 227 15
57 231 87
57 108 6
57 116 7
57 245 84
57 119 86
57 251 23
57 124 49
58 139 34
58 270 86
58 271 71
58 282 84
58 155 23
58 165 49
58 170 90
58 173 24
58 222 40
58 185 61
58 61 1
58 193 56
58 194 21
58 197 52
58 199 67
58 163 93
58 212 33
58 89 99
58 94 54
58 96 57
58 108 8
58 109 60
58 244 61
58 122 82
59 131 41
59 145 57
59 279 22
59 155 69
59 156 43
59 288 91
59 291 81
59 167 68
59 297 71
59 177 39
59 189 51
59 73 75
59 79 54
59 80 7
59 222 64
59 272 83
59 234 26
59 123 84
59 125 68
60 192 99
60 112 27
60 162 44
60 261 10
60 134 11
60 71 77
60 145 40
60 263 54
60 224 47
60 221 100
60 176 75
60 209 23
60 285 22
60 86 59
60 185 16
60 153 34
60 239 16
60 253 39
60 126 94
61 128 90
61 256 98
61 260 29
61 273 22
61 155 65
61 294 45
61 177 67
61 178 2
61 181 62
61 212 1
61 90 14
61 223 92
61 144 100
61 100 90
61 103 98
61 295 91
61 243 69
61 245 40
61 246 75
61 124 74
62 256 54
62 259 8
62 133 73
62 263 5
62 266 28
62 267 96
62 272 73
62 152 93
62 131 28
62 150 96
62 151 36
62 280 55
62 295 3
62 264 28
62 183 45
62 191 91
62 67 43
62 68 63
62 75 35
62 215 11
62 98 19
62 232 71
62 112 23
62 115 0
62 121 16
62 251 72
62 253 56
62 126 56
63 257 54
63 269 7
63 272 13
63 280 7
63 282 69
63 155 86
63 289 76
63 163 63
63 166 29
63 170 78
63 299 13
63 186 22
63 64 63
63 194 14
63 196 75
63 197 58
63 204 17
63 81 69
63 84 91
63 95 29
63 144 47
63 101 7
63 113 35
63 247 9
63 252 36
64 260 73
64 133 42
64 135 67
64 267 41
64 269 54
64 142 65
64 275 40
64 285 61
64 286 1
64 165 26
64 166 60
64 169 33
64 173 44
64 178 59
64 180 99
64 185 54
64 195 49
64 204 82
64 210 78
64 211 14
64 217 58
64 104 56
65 257 42
65 260 69
65 129 28
65 141 22
65 272 100
65 145 22
65 148 48
65 151 83
65 153 17
65 159 2
65 163 96
65 292 69
65 293 48
65 243 89
65 68 48
65 204 20
65 222 80
65 98 52
65 227 9
65 109 79
65 238 89
65 113 91
65 115 81
65 251 16
65 253 3
65 126 47
66 262 39
66 265 53
66 266 78
66 141 89
66 274 84
66 276 64
66 156 32
66 177 64
66 185 99
66 197 94
66 70 88
66 205 13
66 80 97
66 83 48
66 92 88
66 98 50
66 231 54
66 233 67
66 103 14
66 109 41
66 115 85
66 248 89
66 252 82
66 127 10
67 132 68
67 135 34
67 139 21
67 269 14
67 270 69
67 274 95
67 147 44
67 160 69
67 180 16
67 185 50
67 190 51
67 198 63
67 201 43
67 79 65
67 208 45
67 85 86
67 86 90
67 221 5
67 238 55
67 241 47
67 246 39
67 247 17
67 124 71
67 253 15
68 143 30
68 145 3
68 278 59
68 280 49
68 155 73
68 156 10
68 261 95
68 112 79
68 164 65
68 176 37
68 180 54
68 69 84
68 204 32
68 79 27
68 213 26
68 87 20
68 221 95
68 105 92
68 240 13
68 297 67
68 249 63
68 250 58
68 123 52
69 128 91
69 86 96
69 256 19
69 280 26
69 153 36
69 159 59
69 168 28
69 172 40
69 184 51
69 70 55
69 200 97
69 203 93
69 214 50
69 224 6
69 225 4
69 228 3
69 103 33
69 245 4
69 120 8
69 249 27
69 123 23
69 125 51
70 133 31
70 181 98
70 211 9
70 104 44
70 236 35
70 141 98
70 78 13
70 144 6
70 177 32
70 275 24
70 246 100
70 152 52
70 188 19
70 280 93
71 226 4
71 165 90
71 257 26
71 74 91
71 173 63
71 208 55
71 83 36
71 212 22
71 265 81
71 155 47
71 287 88
72 130 84
72 264 42
72 137 57
72 141 94
72 278 2
72 284 25
72 288 99
72 293 14
72 181 53
72 73 24
72 74 4
72 203 1
72 206 69
72 82 45
72 85 57
72 86 42
72 98 54
72 228 3
72 112 80
72 242 85
72 120 57
72 122 24
73 263 24
73 264 22
73 151 77
73 152 25
73 290 91
73 168 36
73 171 71
73 190 25
73 117 33
73 199 76
73 200 31
73 77 51
73 87 66
73 217 86
73 94 39
73 95 63
73 96 5
73 98 3
73 238 44
73 296 22
73 114 68
73 243 8
73 245 98
73 249 81
73 127 91
74 278 4
74 151 21
74 160 66
74 164 87
74 297 0
74 174 36
74 181 43
74 187 92
74 117 36
74 202 93
74 203 90
74 215 64
74 94 17
74 103 51
74 239 77
74 242 25
74 245 83
74 120 54
74 255 73
75 257 31
75 130 7
75 139 13
75 277 36
75 155 37
75 164 56
75 298 3
75 191 28
75 96 8
75 204 25
75 95 97
75 224 73
75 238 29
75 243 75
75 249 17
76 258 19
76 259 3
76 265 66
76 141 73
76 145 10
76 157 38
76 158 87
76 287 8
76 162 72
76 178 97
76 286 78
76 198 94
76 80 80
76 81 24
76 210 85
76 85 93
76 214 26
76 88 20
76 97 50
76 109 34
76 241 63
76 114 82
77 256 50
77 131 17
77 264 63
77 266 70
77 139 83
77 271 65
77 274 19
77 281 27
77 189 69
77 83 77
77 213 7
77 87 75
77 88 76
77 110 92
77 121 39
77 252 88
78 162 81
78 231 70
78 296 96
78 170 13
78 235 43
78 141 87
78 110 30
78 111 44
78 147 49
78 201 8
78 83 64
79 256 38
79 261 67
79 140 44
79 143 25
79 150 67
79 281 36
79 282 14
79 283 87
79 290 53
79 292 71
79 294 24
79 296 6
79 169 96
79 299 27
79 179 55
79 191 66
79 199 60
79 201 90
79 209 23
79 211 58
79 86 21
79 89 53
79 220 92
79 222 89
79 96 85
79 230 39
79 102 67
79 231 54
79 232 72
79 114 30
79 252 33
80 256 100
80 129 99
80 131 27
80 138 31
80 268 15
80 142 1
80 143 85
80 154 25
80 160 54
80 165 95
80 294 18
80 178 36
80 179 16
80 182 29
80 193 15
80 195 80
80 205 19
80 214 88
80 249 55
80 220 30
80 93 87
80 231 47
80 233 79
80 106 83
80 238 0
80 116 62
80 248 39
80 121 67
81 275 37
81 276 24
81 281 46
81 289 72
81 164 91
81 168 55
81 297 43
81 299 72
81 177 63
81 216 100
81 94 32
81 95 18
81 100 42
81 230 83
81 234 64
81 239 51
81 249 0
81 254 40
82 136 79
82 145 65
82 147 31
82 278 31
82 281 12
82 284 64
82 289 43
82 298 73
82 190 60
82 212 23
82 215 55
82 221 1
82 280 34
82 96 53
82 99 95
82 233 58
82 234 100
82 110 87
82 239 98
82 243 83
82 244 40
82 246 88
83 257 100
83 135 4
83 136 8
83 194 55
83 144 2
83 275 60
83 287 21
83 164 58
83 168 11
83 169 96
83 171 4
83 264 71
83 189 92
83 195 4
83 118 73
83 200 18
83 213 81
83 214 61
83 90 97
83 220 2
83 263 56
83 246 37
83 247 26
83 125 26
83 254 7
84 261 81
84 268 53
84 154 94
84 157 58
84 291 86
84 292 35
84 166 24
84 176 11
84 177 32
84 184 64
84 186 67
84 168 74
84 193 72
84 200 32
84 206 24
84 86 88
84 218 46
84 95 56
84 232 75
84 234 32
84 295 21
84 237 14
84 239 10
84 113 92
84 121 61
85 136 74
85 269 59
85 144 86
85 148 10
85 154 96
85 171 55
85 183 44
85 187 92
85 191 12
85 196 29
85 215 29
85 91 40
85 225 63
85 100 79
85 235 73
85 238 65
85 111 96
85 251 65
85 253 13
86 153 73
86 284 71
86 288 81
86 155 57
86 173 38
86 179 51
86 191 77
86 209 47
86 210 18
86 213 26
86 87 29
86 95 77
86 225 100
86 102 77
86 105 57
86 112 75
87 257 8
87 268 97
87 273 53
87 148 4
87 150 21
87 162 14
87 293 2
87 170 7
87 184 59
87 189 45
87 195 8
87 198 91
87 203 99
87 211 13
87 93 69
87 248 41
87 255 42
88 130 2
88 132 10
88 263 20
88 141 8
88 154 34
88 160 84
88 163 10
88 165 72
88 294 36
88 298 36
88 192 17
88 193 20
88 197 80
88 210 61
88 94 100
88 223 60
88 106 72
89 133 73
89 136 73
89 142 43
89 146 42
89 281 81
89 154 82
89 159 35
89 168 33
89 170 28
89 270 38
89 179 54
89 187 42
89 195 64
89 204 60
89 210 81
89 90 78
89 92 100
89 229 45
89 145 43
89 236 100
89 112 97
89 249 70
89 253 92
90 278 39
90 140 70
90 150 63
90 154 75
90 158 26
90 288 57
90 290 58
90 298 91
90 172 6
90 193 38
90 205 93
90 229 32
90 237 70
90 243 62
90 249 48
91 258 4
91 259 78
91 134 12
91 264 65
91 274 87
91 290 16
91 135 72
91 173 26
91 174 74
91 202 53
91 219 95
91 227 76
91 228 40
91 229 37
91 104 28
91 120 13
91 249 47
92 260 47
92 140 32
92 269 37
92 145 69
92 146 41
92 277 83
92 158 69
92 163 41
92 169 85
92 177 6
92 185 75
92 199 52
92 270 12
92 214 86
92 226 9
92 111 64
92 242 39
92 244 85
92 117 9
93 135 1
93 265 72
93 270 32
93 281 52
93 134 64
93 173 97
93 191 54
93 199 85
93 96 56
93 230 26
93 105 79
93 107 78
93 236 85
93 237 26
93 116 56
93 252 90
93 298 81
94 138 33
94 267 52
94 270 70
94 273 54
94 147 56
94 283 24
94 289 9
94 165 76
94 179 64
94 184 35
94 287 50
94 199 20
94 203 93
94 210 40
94 212 78
94 223 67
94 255 53
95 131 56
95 262 50
95 130 59
95 142 51
95 146 66
95 155 2
95 157 69
95 161 98
95 291 100
95 170 34
95 299 61
95 177 65
95 196 71
95 207 20
95 213 29
95 176 52
95 103 34
95 112 77
95 244 15
95 117 70
95 118 99
95 249 62
95 125 63
96 128 21
96 261 13
96 135 67
96 274 93
96 149 7
96 151 89
96 162 59
96 163 98
96 293 1
96 296 100
96 187 97
96 203 10
96 213 85
96 223 96
96 225 34
96 227 67
96 103 61
96 109 28
96 117 38
96 247 15
96 121 45
97 257 45
97 171 15
97 132 85
97 135 100
97 142 79
97 143 77
97 277 20
97 260 48
97 160 40
97 299 50
97 177 37
97 185 50
97 195 100
97 218 26
97 232 67
97 233 58
97 238 25
97 121 75
97 250 83
97 253 18
98 258 96
98 274 69
98 148 92
98 150 65
98 152 52
98 156 44
98 292 45
98 167 96
98 170 25
98 299 29
98 142 95
98 182 98
98 117 71
98 203 73
98 209 25
98 213 67
98 216 66
98 220 32
98 102 55
98 190 40
98 246 61
98 249 61
98 125 47
98 255 29
99 136 85
99 267 72
99 272 53
99 278 19
99 169 74
99 195 18
99 184 15
99 218 19
99 233 77
99 113 44
99 243 74
99 122 91
99 125 17
99 126 65
99 127 2
100 129 14
100 259 45
100 268 73
100 271 72
100 274 50
100 277 72
100 158 63
100 165 95
100 286 39
100 287 41
100 193 9
100 195 36
100 202 52
100 217 29
100 221 73
100 293 53
100 239 50
100 246 15
100 119 63
100 121 89
100 123 68
100 125 66
101 129 70
101 278 63
101 291 97
101 228 56
101 199 2
101 200 64
101 105 42
101 269 88
101 145 84
101 118 33
101 151 47
101 159 17
102 259 41
102 260 85
102 134 30
102 149 53
102 278 36
102 156 38
102 159 4
102 288 36
102 161 87
102 294 15
102 177 5
102 179 78
102 180 86
102 184 6
102 201 38
102 105 52
102 235 93
102 242 88
102 246 3
102 252 24
102 277 18
103 299 23
103 132 99
103 146 96
103 284 49
103 164 80
103 295 16
103 171 28
103 175 32
103 196 17
103 202 19
103 208 43
103 109 14
103 252 25
104 131 29
104 136 38
104 266 85
104 139 87
104 269 91
104 146 53
104 164 41
104 186 96
104 188 4
104 194 6
104 289 52
104 215 97
104 222 70
104 224 72
104 105 25
104 234 94
104 108 18
104 110 43
104 248 24
104 123 92
104 126 92
105 256 38
105 134 37
105 274 85
105 147 19
105 148 14
105 167 86
105 296 46
105 178 19
105 182 45
105 184 35
105 193 22
105 218 91
105 228 95
105 242 93
105 250 86
106 134 25
106 280 86
106 283 79
106 161 12
106 172 68
106 181 53
106 182 96
106 192 64
106 201 68
106 204 8
106 206 51
106 209 58
106 223 45
106 237 49
106 245 64
106 118 55
107 145 52
107 259 64
107 149 51
107 160 73
107 166 48
107 297 76
107 170 12
107 183 35
107 187 20
107 188 76
107 214 93
107 226 89
107 238 35
107 242 50
107 147 39
107 249 16
107 123 75
108 257 96
108 134 17
108 265 65
108 268 55
108 270 69
108 271 20
108 154 80
108 286 49
108 164 50
108 167 50
108 172 51
108 211 36
108 221 28
108 223 10
108 238 47
108 127 30
109 128 44
109 259 95
109 134 86
109 131 72
109 282 44
109 285 1
109 177 31
109 299 58
109 194 83
109 122 69
109 253 94
110 256 66
110 128 80
110 172 43
110 277 12
110 169 27
110 176 73
110 183 89
110 188 25
110 193 16
110 212 42
110 225 7
110 116 57
111 160 59
111 162 78
111 136 88
111 132 92
111 163 80
111 135 99
111 168 92
111 273 37
111 194 62
111 285 25
111 145 69
111 211 10
111 280 82
111 249 6
111 282 79
111 253 67
111 120 20
112 256 47
112 271 10
112 154 95
112 155 9
112 161 91
112 290 84
112 291 96
112 166 25
112 202 20
112 219 77
112 222 100
112 230 12
112 239 84
112 114 24
112 117 45
112 246 34
113 256 21
113 130 90
113 133 76
113 134 65
113 263 43
113 137 76
113 279 73
113 156 59
113 295 57
113 172 55
113 178 44
113 190 23
113 202 89
113 208 17
113 115 31
113 244 66
113 245 2
113 123 97
113 125 13
113 254 94
114 130 38
114 299 51
114 266 45
114 141 16
114 152 73
114 153 24
114 159 52
114 160 91
114 171 55
114 176 30
114 182 41
114 183 89
114 258 39
114 117 86
114 255 90
115 131 44
115 137 46
115 141 15
115 270 3
115 149 80
115 278 54
115 281 29
115 283 25
115 286 66
115 162 17
115 294 98
115 172 44
115 212 100
115 226 21
115 236 17
115 122 88
115 254 64
115 277 21
116 171 29
116 146 6
116 275 31
116 286 40
116 287 19
116 299 87
116 221 16
116 180 75
116 183 39
116 185 71
116 192 12
116 195 98
116 201 28
116 212 50
116 214 45
116 226 83
116 167 4
116 244 87
116 122 9
116 123 54
117 130 51
117 260 32
117 135 26
117 137 59
117 281 29
117 154 75
117 155 2
117 168 59
117 263 84
117 189 79
117 199 19
117 210 51
117 212 29
117 218 30
117 225 54
117 296 83
117 246 28
117 248 74
118 257 32
118 258 38
118 142 31
118 159 23
118 160 73
118 161 29
118 175 25
118 178 88
118 201 19
118 202 7
118 224 2
118 226 80
118 249 60
118 250 48
119 259 58
119 139 28
119 270 48
119 148 62
119 284 72
119 159 71
119 165 20
119 166 48
119 170 56
119 158 96
119 287 84
119 204 26
119 210 65
119 230 69
119 248 92
119 249 41
119 253 28
120 281 94
120 239 33
120 284 11
120 286 97
120 290 93
120 292 47
120 180 43
120 190 69
120 205 18
120 209 26
120 228 63
120 230 43
120 243 10
120 252 48
120 127 8
121 257 73
121 134 39
121 264 100
121 140 70
121 158 70
121 162 65
121 168 3
121 299 56
121 181 100
121 269 11
121 237 45
121 123 22
121 253 59
122 128 43
122 141 5
122 272 75
122 293 14
122 172 48
122 173 6
122 175 33
122 193 30
122 165 63
122 230 86
122 233 86
122 244 43
122 123 25
122 252 61
123 258 78
123 268 86
123 270 7
123 144 3
123 147 26
123 276 3
123 291 29
123 166 58
123 195 1
123 204 98
123 207 99
123 214 50
123 220 48
123 222 55
123 225 41
123 228 35
123 231 72
123 243 74
123 169 96
124 289 57
124 163 99
124 169 53
124 298 58
124 270 59
124 242 68
124 211 35
124 276 36
124 216 98
124 250 75
124 188 42
125 138 57
125 143 100
125 147 6
125 276 54
125 283 80
125 293 100
125 188 40
125 207 55
125 217 1
125 231 100
125 239 65
125 249 84
125 253 27
126 257 40
126 138 73
126 158 42
126 223 19
126 226 14
126 227 68
126 232 54
126 243 94
126 254 10
126 127 67
127 258 16
127 171 13
127 260 91
127 269 62
127 142 75
127 159 87
127 161 79
127 166 77
127 296 76
127 169 46
127 137 99
127 193 78
127 205 88
127 214 41
127 249 55
128 135 12
128 269 99
128 144 58
128 275 84
128 285 42
128 287 20
128 165 23
128 295 73
128 181 44
128 182 30
128 192 41
128 196 93
128 198 2
128 208 38
128 209 65
128 210 98
128 226 90
128 230 51
128 238 30
128 246 12
128 248 22
128 253 92
129 193 61
129 151 61
129 277 51
129 281 31
129 156 12
129 285 87
129 295 51
129 176 91
129 177 79
129 289 1
129 213 79
129 221 78
129 225 50
129 239 6
129 249 35
129 251 34
130 133 0
130 266 42
130 268 25
130 273 19
130 148 13
130 281 33
130 286 27
130 161 29
130 174 91
130 188 25
130 217 55
130 223 92
130 230 16
130 232 55
130 235 92
130 237 48
130 240 91
130 168 33
130 245 25
131 274 64
131 281 80
131 152 34
131 260 8
131 165 37
131 167 30
131 158 83
131 191 86
131 195 45
131 209 73
131 211 33
131 218 74
131 219 97
131 222 91
131 241 24
131 245 0
132 259 64
132 262 29
132 142 95
132 273 45
132 148 13
132 283 64
132 284 37
132 163 88
132 168 99
132 174 66
132 285 19
132 185 68
132 159 55
132 191 57
132 175 51
132 222 81
132 229 21
132 244 2
133 141 78
133 142 70
133 273 47
133 279 59
133 284 95
133 288 77
133 289 6
133 163 62
133 165 55
133 296 3
133 299 16
133 177 50
133 243 86
133 191 42
133 194 18
133 200 94
133 202 41
133 216 23
133 223 13
133 228 44
133 168 13
133 147 56
133 253 59
134 259 81
134 268 17
134 269 61
134 144 63
134 277 13
134 284 80
134 293 76
134 299 61
134 198 44
134 217 2
134 223 26
134 147 58
134 254 97
135 141 73
135 151 9
135 281 33
135 156 27
135 288 16
135 164 91
135 187 35
135 160 2
135 293 50
135 229 24
136 275 90
136 278 99
136 293 62
136 298 25
136 172 94
136 173 52
136 199 91
136 216 29
136 237 25
136 240 10
136 241 55
136 242 14
137 258 81
137 269 71
137 142 27
137 151 16
137 158 51
137 296 78
137 186 8
137 193 36
137 195 9
137 202 33
137 219 55
137 225 95
138 279 50
138 284 33
138 158 68
138 159 43
138 169 57
138 192 66
138 161 85
138 209 82
138 148 31
138 233 43
138 240 25
138 242 16
138 276 9
138 252 51
139 274 49
139 151 11
139 152 62
139 260 99
139 155 49
139 176 22
139 204 80
139 207 21
139 228 66
139 240 32
139 243 21
139 251 70
139 255 8
140 262 9
140 264 99
140 151 13
140 280 2
140 153 83
140 292 49
140 165 81
140 174 77
140 178 40
140 187 50
140 188 98
140 190 51
140 202 24
140 203 9
140 220 34
140 228 77
140 233 77
140 240 75
140 244 68
140 245 16
140 251 92
141 258 2
141 265 81
141 277 2
141 160 91
141 292 65
141 165 92
141 166 48
141 175 12
141 176 2
141 288 3
141 194 42
141 199 25
141 201 0
141 203 55
141 269 1
141 217 34
141 238 2
141 253 97
142 263 78
142 151 39
142 148 90
142 279 60
142 288 13
142 177 55
142 192 62
142 195 41
142 198 11
142 201 1
142 220 27
142 246 82
143 263 67
143 225 63
143 264 73
143 244 46
143 155 34
143 158 59
143 159 48
144 259 65
144 266 20
144 269 34
144 145 48
144 158 62
144 159 64
144 175 2
144 287 79
144 188 63
144 214 17
144 221 29
144 251 20
144 236 100
144 237 84
144 243 58
145 258 29
145 262 33
145 276 40
145 278 11
145 295 71
145 189 34
145 195 76
145 207 65
145 213 21
145 214 73
145 228 58
145 230 93
145 232 96
145 251 70
146 163 64
146 164 7
146 177 80
146 265 27
146 174 84
146 238 99
146 180 89
146 208 80
146 264 77
146 179 60
146 196 84
146 248 27
146 189 53
147 273 13
147 278 67
147 279 53
147 156 82
147 157 63
147 286 44
147 298 60
147 189 37
147 192 8
147 210 37
147 214 65
147 226 1
147 244 43
148 264 29
148 268 22
148 277 23
148 281 25
148 155 56
148 157 49
148 299 21
148 199 98
148 200 6
148 204 5
148 221 45
148 226 100
148 231 2
148 251 8
148 254 91
149 180 60
149 260 30
149 293 2
149 234 86
149 189 8
149 240 66
149 221 31
149 182 11
149 281 87
149 266 54
149 298 42
149 185 51
149 287 43
150 258 42
150 228 19
150 231 3
150 200 4
150 194 96
150 256 75
150 181 96
150 151 54
150 253 89
150 286 41
150 191 43
151 260 47
151 267 63
151 269 29
151 274 17
151 157 41
151 161 20
151 298 62
151 183 73
151 223 77
151 234 30
151 246 86
151 213 9
152 258 20
152 282 32
152 288 29
152 164 97
152 293 52
152 295 63
152 178 75
152 187 66
152 160 31
152 205 5
152 216 64
152 223 78
152 243 28
152 247 76
153 160 34
153 240 48
153 233 67
153 266 84
153 205 52
153 272 46
153 184 47
153 154 92
153 286 63
154 267 35
154 271 64
154 273 54
154 276 37
154 288 98
154 289 35
154 291 37
154 295 76
154 169 98
154 171 9
154 181 61
154 160 42
154 241 11
154 244 63
155 261 0
155 172 80
155 156 83
155 294 85
155 159 38
155 201 20
155 186 47
155 243 2
156 263 92
156 273 75
156 276 78
156 291 16
156 183 60
156 187 56
156 191 52
156 226 9
156 294 92
156 233 42
156 234 25
156 252 49
157 299 23
157 262 11
157 283 90
157 289 24
157 163 18
157 294 67
157 298 34
157 171 41
157 189 87
157 205 33
157 211 51
157 213 59
157 185 95
157 218 88
157 221 34
158 278 22
158 290 41
158 172 10
158 178 38
158 180 29
158 190 25
158 204 66
158 213 45
158 221 14
158 228 17
158 250 31
158 255 46
159 285 77
159 287 75
159 288 31
159 293 57
159 294 59
159 298 8
159 223 6
159 195 58
159 209 83
159 212 3
159 166 35
159 235 58
159 240 91
159 253 89
160 268 85
160 284 70
160 286 45
160 291 79
160 299 85
160 197 34
160 280 59
160 231 61
161 258 22
161 285 16
161 290 77
161 171 14
161 196 50
161 199 90
161 207 90
161 218 60
161 219 97
161 239 98
161 241 68
161 251 12
162 257 41
162 164 70
162 231 8
162 236 55
162 234 78
162 180 55
162 253 33
162 255 56
163 193 18
163 269 1
163 277 70
163 279 9
163 168 63
163 171 64
163 182 87
163 189 82
163 201 23
163 202 48
163 204 98
163 207 34
163 210 86
163 213 69
163 229 71
163 231 46
163 236 32
163 240 42
164 260 83
164 265 60
164 269 42
164 289 74
164 291 96
164 292 43
164 181 53
164 199 5
164 210 62
164 230 8
164 244 58
164 251 16
165 263 27
165 264 14
165 265 8
165 216 62
165 167 28
165 181 80
165 189 6
165 195 96
165 290 16
165 226 0
165 229 11
165 241 92
166 256 48
166 287 90
166 178 34
166 184 60
166 190 94
166 193 78
166 200 100
166 209 7
166 249 83
166 255 30
166 253 84
167 261 50
167 266 44
167 284 49
167 299 5
167 179 99
167 180 80
167 181 20
167 187 43
167 189 84
167 203 45
167 204 69
167 213 46
167 221 74
167 234 42
167 235 36
167 241 27
168 262 23
168 294 8
168 169 24
168 191 44
168 192 17
168 218 87
168 244 12
168 252 29
168 254 65
169 299 9
169 276 45
169 282 11
169 171 74
169 182 2
169 189 2
169 206 84
169 207 15
169 221 69
169 227 54
169 228 89
170 262 64
170 264 80
170 283 13
170 285 28
170 295 16
170 296 40
170 172 25
170 183 32
170 189 64
170 192 7
170 205 85
170 226 21
170 238 35
170 244 26
170 251 87
171 256 88
171 259 19
171 283 75
171 290 22
171 180 6
171 182 76
171 197 66
171 210 48
171 212 18
171 222 69
171 229 52
171 238 36
171 242 75
172 257 12
172 276 84
172 288 68
172 294 85
172 295 3
172 296 90
172 299 58
172 182 54
172 188 37
172 215 19
172 254 4
173 267 6
173 270 51
173 283 33
173 296 79
173 185 51
173 189 57
173 198 100
173 212 25
173 213 4
173 225 89
173 234 42
173 247 2
173 251 2
174 257 64
174 270 93
174 275 67
174 279 38
174 289 88
174 298 98
174 299 97
174 184 72
174 197 84
174 204 17
174 212 30
174 218 51
174 220 39
174 222 10
175 196 84
175 261 7
175 275 78
175 241 51
175 270 73
175 211 53
176 265 87
176 298 43
176 187 83
176 192 31
176 198 18
176 220 64
176 221 97
176 229 17
176 230 14
176 236 26
176 237 6
176 238 98
176 249 89
176 252 58
176 277 53
177 268 28
177 270 72
177 284 40
177 289 66
177 290 12
177 296 22
177 178 94
177 195 14
177 248 37
177 249 73
177 250 55
178 258 93
178 283 52
178 297 8
178 299 66
178 190 98
178 194 12
178 211 10
178 221 44
178 234 96
178 237 74
179 257 59
179 269 93
179 288 51
179 213 18
179 274 62
179 249 80
179 252 79
180 262 25
180 279 50
180 281 58
180 290 82
180 192 10
180 199 45
180 201 3
180 223 59
180 224 8
180 252 65
181 259 16
181 274 99
181 288 20
181 295 9
181 298 26
181 184 41
181 196 94
181 220 88
181 239 65
181 243 12
181 250 19
181 234 45
182 265 4
182 273 41
182 290 69
182 299 3
182 201 41
182 203 75
182 291 39
182 214 70
182 221 14
182 242 53
183 257 1
183 258 31
183 261 96
183 283 69
183 295 10
183 188 3
183 208 77
183 291 81
183 213 82
183 214 5
183 218 93
183 227 37
183 229 78
183 190 92
183 246 48
184 270 54
184 272 0
184 281 99
184 287 44
184 198 28
184 211 29
184 213 44
184 214 37
184 216 36
184 223 46
184 229 82
184 237 0
184 241 84
184 245 27
184 249 87
185 259 6
185 273 24
185 280 56
185 187 39
185 218 33
185 219 84
185 226 99
185 231 76
185 243 23
185 244 13
185 247 26
185 253 23
186 225 40
186 258 91
186 195 66
186 215 11
186 291 87
186 211 12
186 283 87
186 249 53
186 250 79
187 258 20
187 280 19
187 286 49
187 203 61
187 234 59
187 239 4
187 254 69
188 264 6
188 269 39
188 281 49
188 291 83
188 297 95
188 298 31
188 286 12
188 205 6
188 206 42
188 210 80
188 217 64
188 225 30
188 227 15
188 229 27
188 239 21
188 241 19
188 275 64
189 273 41
189 190 31
189 198 82
189 204 64
189 208 72
189 210 13
189 217 79
189 237 74
189 239 87
189 246 28
190 257 10
190 292 28
190 199 37
190 284 81
190 236 33
190 231 14
190 220 45
191 265 14
191 268 42
191 261 32
191 293 74
191 295 29
191 194 73
191 195 9
191 204 90
191 220 27
191 223 98
191 224 24
191 233 73
191 243 82
192 265 10
192 271 71
192 272 2
192 278 43
192 282 71
192 284 23
192 285 53
192 287 89
192 294 17
192 201 51
192 202 14
192 214 28
192 221 96
192 223 32
192 228 15
192 243 17
193 259 53
193 268 58
193 289 98
193 295 18
193 198 26
193 202 42
193 240 94
193 248 32
193 252 68
194 204 92
194 270 54
194 209 56
194 269 70
194 248 71
194 254 91
195 264 52
195 277 44
195 198 1
195 202 40
195 207 88
195 214 44
195 231 67
196 258 89
196 261 26
196 267 5
196 268 33
196 280 74
196 200 94
196 202 100
196 208 63
196 293 39
196 227 14
196 231 18
196 244 92
196 246 33
196 252 68
196 253 67
196 254 49
197 261 54
197 262 92
197 267 18
197 278 29
197 284 61
197 292 14
197 294 62
197 221 35
197 227 80
197 236 85
197 245 52
197 248 29
197 253 71
198 273 30
198 278 52
198 286 65
198 289 29
198 214 90
198 223 7
198 232 2
198 238 33
198 275 46
198 249 76
199 260 42
199 272 18
199 280 47
199 286 3
199 296 14
199 264 25
199 222 100
199 201 22
199 203 7
199 238 44
200 227 17
200 236 57
200 238 51
200 268 56
200 233 77
200 228 5
201 290 20
201 206 3
201 218 27
201 232 52
201 243 67
201 252 53
202 274 93
202 278 5
202 283 87
202 288 36
202 240 95
202 206 32
202 212 3
202 217 16
202 235 76
202 247 98
203 262 97
203 266 48
203 280 59
203 283 71
203 285 99
203 289 89
203 292 83
203 298 44
203 208 51
203 234 41
203 235 40
203 237 22
203 241 0
204 257 20
204 271 38
204 292 48
204 295 37
204 221 21
204 223 97
204 224 82
204 242 89
205 267 11
205 275 83
205 280 24
205 295 66
205 210 25
205 211 95
205 242 5
205 243 40
205 298 91
205 252 21
206 257 36
206 278 44
206 283 38
206 290 17
206 296 78
206 214 15
206 221 57
206 222 25
206 228 37
206 245 97
206 247 33
206 248 44
207 298 94
207 240 73
207 220 51
207 286 8
207 216 100
207 254 63
208 275 96
208 220 95
208 232 1
208 236 45
208 244 52
209 298 28
209 290 20
209 277 27
209 248 25
209 251 34
209 255 4
210 257 95
210 269 1
210 291 74
210 221 90
210 223 43
210 232 95
210 239 56
211 278 50
211 279 60
211 281 61
211 289 76
211 284 44
211 222 90
211 223 88
211 240 8
211 250 8
212 277 61
212 217 42
212 232 77
212 255 41
213 294 1
213 296 77
213 244 80
214 263 53
214 269 43
214 293 79
214 223 13
215 256 90
215 243 29
215 275 14
215 295 97
216 259 34
216 261 0
216 234 23
216 296 67
216 252 84
216 221 9
217 261 76
217 293 41
217 297 80
217 233 97
217 237 84
217 246 61
218 275 100
218 278 20
218 287 63
218 289 45
218 295 4
218 298 72
218 221 20
218 224 27
218 231 54
218 237 31
218 244 48
218 246 70
218 252 8
219 266 83
219 246 82
219 297 24
220 257 42
220 266 29
220 269 96
220 221 71
220 229 2
220 232 39
220 238 59
220 250 17
221 266 72
221 295 67
221 298 53
221 241 18
221 245 88
221 297 83
221 255 3
222 259 30
222 270 9
222 296 34
222 265 13
222 295 79
222 237 50
223 262 11
223 236 29
223 269 45
223 274 67
223 288 50
223 227 56
223 241 94
223 243 75
224 288 39
224 257 45
224 229 90
224 242 46
224 244 61
224 250 19
225 238 22
225 286 60
225 287 57
225 230 26
225 248 70
226 283 38
226 298 43
226 243 38
226 230 43
226 233 41
227 259 4
227 262 64
227 272 5
227 273 4
227 274 98
227 276 67
227 280 69
227 282 21
227 235 30
227 247 1
227 255 18
228 233 19
228 246 53
229 261 81
229 273 100
229 274 18
229 289 88
229 237 58
229 245 78
230 262 5
230 258 69
230 276 94
230 291 26
230 293 45
230 297 59
230 232 87
231 274 72
231 280 91
231 286 0
231 236 79
231 253 24
232 291 60
232 254 19
233 266 30
233 281 80
233 235 32
233 237 65
234 278 94
234 284 51
234 286 83
234 299 40
234 237 58
234 245 50
234 252 78
234 255 52
235 262 5
236 257 30
236 274 98
236 275 77
236 277 59
236 299 67
236 237 2
237 256 53
237 282 23
237 241 12
237 244 76
237 247 52
237 250 44
238 258 62
238 276 38
238 299 65
238 283 93
238 288 71
238 289 58
238 294 26
238 295 39
238 297 18
238 244 99
238 249 93
239 259 76
239 276 80
239 285 72
239 286 91
239 262 43
239 299 98
239 246 32
239 247 57
239 250 99
240 265 93
240 270 82
240 285 68
240 293 42
240 268 43
240 253 98
241 290 87
241 293 76
242 278 88
242 285 41
242 261 18
242 295 20
242 298 16
242 251 87
243 262 100
243 270 71
243 272 4
243 273 21
243 255 19
244 276 75
244 297 99
244 296 62
244 245 22
244 249 42
244 252 19
245 266 69
245 269 94
245 276 65
245 279 2
245 268 65
246 287 31
246 247 2
246 250 3
247 258 57
247 259 97
247 266 88
247 267 45
247 288 61
247 249 50
248 259 26
248 297 30
248 253 21
249 257 46
249 265 26
249 278 12
249 284 90
249 298 6
250 264 97
250 274 60
250 280 0
250 285 87
250 291 72
250 293 14
251 263 11
251 281 68
251 299 1
252 263 64
252 268 27
252 285 92
252 288 57
252 291 12
253 259 6
253 271 75
253 288 36
253 291 85
253 292 39
254 257 56
254 275 60
254 279 14
254 294 32
254 272 91
254 276 2
255 259 38
255 268 3
255 276 83
255 278 69
255 296 100
255 264 13
256 271 81
256 275 5
256 293 78
256 299 69
256 294 18
257 273 52
257 289 31
259 282 3
259 290 63
259 295 34
260 297 0
260 298 57
260 281 56
260 286 76
261 262 28
261 280 72
261 282 24
262 263 24
263 264 63
263 272 65
263 274 73
263 280 89
263 282 11
263 286 16
264 266 19
264 291 59
264 283 83
266 287 55
266 296 65
266 277 97
267 280 76
267 287 0
268 285 62
268 295 62
268 299 100
269 281 84
269 289 42
270 272 75
270 280 82
270 282 83
270 285 3
270 295 67
271 276 30
272 285 35
273 288 40
274 279 84
274 291 97
274 293 82
275 276 42
276 292 50
276 299 42
277 278 20
277 290 10
277 291 75
277 295 76
279 283 96
279 284 84
280 296 85
280 298 2
281 289 90
282 291 86
282 297 49
283 285 52
284 299 100
286 287 65
286 295 62
288 295 42
288 299 78
290 292 16
291 295 59
293 294 22
297 299 74
