300 4000
0 258 73
0 135 48
0 265 70
0 15 50
0 17 92
0 276 78
0 151 44
0 290 10
0 295 51
0 169 61
0 46 13
0 47 42
0 178 35
0 53 41
0 184 81
0 188 57
0 195 6
0 73 62
0 204 23
0 80 36
0 209 91
0 89 6
0 226 15
0 227 46
0 229 79
0 105 42
0 236 80
0 112 37
0 249 32
0 250 36
0 123 26
0 124 76
1 96 68
1 256 31
1 43 11
1 212 44
1 102 100
1 161 81
1 168 24
1 193 74
1 299 1
1 76 42
1 271 58
1 177 70
1 178 26
1 276 17
1 150 38
1 116 11
1 26 11
1 175 20
1 124 96
1 30 37
2 129 35
2 259 89
2 192 56
2 21 32
2 279 15
2 24 32
2 154 41
2 287 2
2 288 5
2 290 42
2 292 63
2 297 94
2 42 50
2 185 24
2 159 34
2 64 57
2 195 91
2 68 8
2 197 33
2 79 54
2 203 70
2 162 100
2 207 19
2 85 25
2 87 96
2 217 32
2 219 91
2 93 67
2 94 43
2 96 29
2 100 47
2 234 51
2 247 5
2 122 88
2 123 24
3 134 11
3 263 17
3 265 2
3 11 61
3 13 29
3 17 84
3 278 39
3 154 19
3 155 52
3 30 38
3 37 94
3 294 65
3 167 75
3 168 82
3 44 91
3 46 17
3 47 1
3 49 30
3 50 91
3 51 61
3 53 42
3 70 70
3 78 85
3 209 19
3 219 1
3 226 92
3 235 4
3 247 85
3 254 24
3 255 41
4 134 71
4 7 22
4 277 80
4 280 18
4 25 51
4 282 38
4 27 57
4 31 31
4 33 84
4 38 32
4 177 24
4 41 29
4 45 68
4 49 31
4 183 87
4 58 49
4 192 34
4 208 41
4 82 21
4 83 44
4 86 92
4 221 17
4 294 78
4 105 72
4 122 78
5 224 70
5 257 61
5 227 25
5 100 91
5 294 83
5 7 41
5 168 18
5 73 69
5 141 70
5 207 27
5 175 7
5 144 60
5 40 96
5 19 48
5 277 18
5 281 70
5 89 7
5 187 62
5 60 71
5 255 45
6 256 56
6 225 71
6 259 84
6 260 17
6 293 53
6 198 72
6 32 2
6 103 52
6 266 6
6 247 49
6 174 22
6 229 25
6 118 47
6 151 64
6 89 85
6 251 85
6 159 31
7 256 22
7 299 70
7 141 78
7 17 34
7 18 58
7 20 6
7 22 16
7 156 3
7 31 47
7 293 87
7 43 57
7 178 25
7 50 63
7 53 11
7 54 5
7 194 75
7 199 63
7 73 46
7 211 63
7 218 65
7 92 42
7 93 68
7 94 28
7 96 76
7 114 82
7 253 79
8 260 2
8 9 19
8 267 92
8 16 28
8 294 84
8 42 23
8 177 27
8 50 0
8 51 12
8 193 92
8 106 99
8 205 14
8 208 45
8 87 21
8 216 37
8 218 26
8 220 7
8 96 51
8 225 51
8 99 99
8 233 47
8 144 45
8 110 100
8 239 86
8 112 1
8 116 78
8 117 40
8 298 25
8 252 41
8 253 9
9 135 6
9 11 83
9 269 49
9 271 14
9 272 53
9 19 13
9 276 6
9 277 36
9 282 41
9 31 54
9 33 54
9 166 56
9 39 67
9 299 77
9 44 17
9 51 0
9 55 4
9 56 34
9 185 66
9 69 34
9 73 55
9 86 89
9 217 43
9 93 33
9 103 99
9 236 66
9 111 54
9 240 4
9 241 96
9 118 12
9 124 73
9 254 41
10 253 0
10 130 30
10 132 84
10 265 13
10 138 61
10 269 23
10 14 89
10 155 41
10 283 75
10 171 0
10 176 71
10 179 71
10 184 84
10 57 54
10 59 32
10 188 90
10 192 82
10 198 70
10 78 40
10 213 23
10 216 65
10 90 62
10 91 43
10 95 10
10 98 17
10 238 22
10 111 83
10 240 76
10 242 61
10 125 24
11 262 89
11 270 71
11 272 98
11 24 73
11 285 88
11 287 22
11 288 66
11 161 4
11 294 33
11 39 27
11 191 43
11 208 49
11 211 47
11 213 68
11 89 76
11 90 10
11 92 68
11 97 45
11 98 40
11 231 6
11 144 41
11 295 7
11 242 32
11 247 6
11 251 52
11 254 7
12 257 54
12 131 16
12 265 7
12 151 46
12 14 45
12 278 7
12 23 81
12 152 15
12 27 43
12 28 94
12 286 61
12 32 87
12 164 91
12 293 98
12 39 80
12 168 92
12 65 88
12 208 2
12 209 0
12 82 12
12 90 88
12 93 80
12 165 95
12 230 79
12 236 70
12 239 51
13 51 44
13 130 58
13 259 29
13 101 18
13 241 55
13 138 94
13 171 0
13 210 30
13 142 79
13 48 59
13 177 65
13 114 78
13 52 48
13 14 99
13 214 38
13 217 57
13 156 52
13 189 0
14 264 58
14 142 14
14 17 96
14 274 18
14 282 9
14 26 71
14 287 12
14 163 22
14 38 67
14 51 85
14 62 92
14 194 12
14 70 12
14 202 68
14 80 97
14 99 0
14 228 24
14 230 16
14 146 91
14 113 46
14 245 63
14 246 34
14 254 88
15 130 58
15 171 73
15 133 7
15 140 23
15 299 84
15 155 38
15 261 100
15 289 2
15 43 34
15 173 76
15 159 79
15 195 32
15 70 74
15 75 83
15 77 28
15 218 28
15 231 41
15 233 41
15 235 49
15 244 66
15 255 42
16 128 94
16 139 96
16 269 10
16 270 69
16 147 6
16 154 25
16 27 95
16 28 40
16 159 16
16 33 32
16 34 18
16 291 53
16 37 66
16 295 40
16 41 86
16 43 23
16 173 74
16 46 80
16 136 55
16 181 72
16 187 15
16 198 26
16 83 64
16 212 59
16 218 63
16 92 7
16 96 48
16 227 28
16 230 97
16 105 12
16 239 35
16 244 53
17 128 53
17 264 30
17 138 67
17 268 52
17 271 98
17 148 48
17 278 96
17 34 86
17 165 60
17 43 89
17 172 34
17 179 13
17 60 43
17 67 81
17 199 45
17 202 100
17 85 88
17 89 56
17 37 41
17 224 34
17 237 80
17 110 86
17 241 35
17 246 11
18 130 61
18 133 6
18 22 36
18 279 94
18 26 55
18 173 80
18 175 100
18 182 13
18 191 59
18 69 94
18 199 97
18 73 19
18 77 41
18 120 16
18 82 39
18 98 84
18 101 31
18 234 45
18 112 73
18 113 37
18 248 5
19 192 93
19 132 26
19 134 18
19 265 9
19 266 89
19 157 7
19 166 93
19 169 11
19 42 89
19 64 92
19 196 46
19 201 29
19 77 53
19 90 50
19 223 37
19 104 5
19 112 100
19 241 79
19 249 98
19 123 80
19 126 41
20 256 54
20 144 81
20 277 91
20 152 39
20 154 11
20 287 17
20 161 54
20 293 7
20 166 36
20 296 3
20 51 21
20 180 87
20 56 17
20 62 67
20 65 53
20 203 25
20 214 63
20 92 36
20 227 1
20 230 77
20 248 96
20 250 43
20 251 10
20 126 30
21 34 9
21 132 71
21 270 66
21 273 43
21 148 3
21 150 25
21 151 4
21 26 13
21 289 49
21 290 49
21 163 47
21 38 7
21 40 98
21 91 58
21 71 9
21 98 54
21 210 55
21 219 40
21 92 15
21 222 13
21 223 4
21 226 46
21 229 12
21 102 43
21 103 58
21 109 58
21 296 61
21 250 11
21 126 55
22 257 80
22 134 1
22 269 25
22 286 55
22 290 0
22 170 68
22 44 0
22 50 41
22 52 25
22 184 74
22 180 38
22 193 94
22 67 46
22 196 89
22 207 98
22 90 99
22 98 84
22 103 89
22 106 8
22 122 61
23 262 1
23 135 97
23 274 68
23 30 20
23 35 42
23 65 21
23 298 50
23 43 86
23 48 79
23 52 40
23 191 90
23 193 86
23 194 38
23 68 18
23 69 20
23 83 77
23 219 14
23 93 79
23 101 72
23 231 96
23 109 20
23 240 49
23 241 66
23 243 53
23 123 58
23 253 46
24 264 5
24 273 89
24 278 26
24 25 32
24 155 64
24 161 3
24 34 76
24 167 72
24 174 9
24 50 53
24 181 98
24 59 63
24 204 97
24 212 79
24 215 90
24 91 85
24 221 19
24 187 37
24 103 1
24 108 50
24 113 73
24 243 63
25 258 72
25 172 87
25 145 3
25 155 30
25 161 4
25 44 14
25 174 18
25 48 25
25 177 30
25 180 68
25 189 50
25 195 51
25 196 91
25 69 1
25 70 51
25 200 54
25 79 100
25 214 96
25 88 100
25 217 14
25 90 44
25 223 86
25 96 66
25 233 87
25 236 58
25 253 27
25 254 47
25 127 3
26 260 92
26 269 18
26 154 68
26 283 59
26 158 36
26 166 84
26 295 24
26 169 19
26 180 44
26 183 52
26 57 26
26 58 29
26 59 62
26 72 4
26 203 88
26 80 65
26 270 79
26 215 32
26 222 63
26 232 14
26 237 57
26 247 92
26 250 76
26 277 26
27 263 79
27 264 94
27 140 58
27 142 54
27 154 87
27 33 20
27 37 12
27 168 67
27 50 58
27 178 51
27 73 30
27 57 84
27 190 2
27 192 42
27 193 39
27 204 21
27 77 3
27 83 46
27 215 46
27 216 18
27 226 55
27 231 2
27 108 54
27 110 56
27 114 16
27 246 1
27 119 30
27 123 79
27 126 89
27 127 64
28 137 23
28 272 25
28 273 23
28 278 2
28 280 86
28 90 55
28 161 46
28 295 62
28 168 23
28 41 19
28 61 62
28 198 91
28 77 91
28 78 39
28 205 46
28 212 62
28 152 61
28 79 30
28 101 45
28 236 23
28 110 65
28 243 91
28 218 51
28 253 99
28 254 63
29 261 84
29 270 73
29 278 8
29 218 64
29 287 82
29 288 4
29 168 32
29 298 42
29 44 66
29 45 48
29 46 43
29 48 68
29 178 80
29 51 26
29 183 94
29 59 3
29 193 89
29 206 87
29 90 27
29 219 33
29 103 53
29 105 47
29 237 6
29 111 60
29 113 40
29 242 90
29 42 35
30 133 1
30 264 65
30 137 22
30 138 37
30 140 23
30 146 5
30 278 24
30 32 42
30 38 92
30 171 21
30 47 43
30 180 10
30 182 63
30 62 80
30 63 15
30 67 58
30 203 26
30 88 100
30 89 22
30 94 25
30 229 26
30 230 5
30 233 50
30 236 96
31 144 96
31 277 15
31 284 62
31 288 55
31 35 55
31 296 83
31 171 75
31 45 13
31 177 37
31 181 44
31 54 7
31 187 63
31 66 37
31 69 97
31 226 74
31 83 2
31 84 54
31 94 88
31 97 90
31 98 88
31 231 99
31 272 36
31 245 87
31 120 20
31 252 100
31 254 18
32 136 13
32 143 0
32 159 26
32 37 13
32 169 94
32 174 80
32 176 23
32 186 57
32 192 59
32 65 33
32 268 97
32 74 33
32 119 48
32 205 89
32 83 44
32 213 84
32 216 66
32 89 31
32 219 78
32 165 5
32 96 97
32 98 99
32 229 88
32 232 91
32 125 86
32 114 86
32 211 87
32 118 33
32 247 75
32 250 59
32 253 32
33 128 19
33 257 77
33 266 6
33 267 74
33 273 81
33 146 70
33 275 73
33 276 4
33 154 58
33 35 54
33 292 45
33 167 84
33 168 17
33 173 21
33 47 20
33 137 73
33 59 86
33 189 27
33 206 35
33 213 97
33 98 46
33 227 29
33 229 70
33 237 69
33 122 80
33 124 11
34 149 64
34 267 96
34 140 57
34 146 98
34 148 2
34 196 41
34 170 33
34 188 19
34 68 26
34 216 14
34 228 27
34 230 86
34 235 1
34 241 50
34 122 77
34 255 88
34 252 95
34 125 78
34 277 32
35 133 78
35 139 35
35 274 4
35 281 26
35 153 28
35 154 76
35 261 17
35 43 14
35 47 37
35 176 92
35 186 50
35 191 40
35 192 98
35 194 30
35 76 71
35 78 63
35 211 97
35 92 53
35 222 58
35 223 86
35 98 11
35 106 66
35 237 35
35 112 13
35 248 22
35 127 54
36 289 22
36 105 30
36 138 71
36 76 62
36 174 43
36 47 85
36 49 78
36 82 62
36 212 95
36 181 82
36 297 35
36 217 85
36 251 61
36 124 98
36 189 40
36 223 13
37 266 86
37 146 37
37 162 78
37 50 31
37 180 52
37 59 56
37 193 15
37 66 100
37 203 46
37 201 42
37 75 67
37 205 82
37 79 14
37 210 41
37 212 55
37 215 92
37 207 15
37 95 90
37 96 3
37 98 46
37 100 50
37 234 72
37 237 87
37 253 84
38 128 50
38 260 86
38 264 34
38 265 56
38 138 10
38 272 67
38 274 64
38 280 67
38 40 39
38 46 61
38 56 40
38 244 99
38 63 50
38 65 55
38 202 42
38 91 67
38 236 24
38 115 97
38 116 18
38 252 78
38 149 27
39 160 87
39 97 13
39 194 82
39 102 41
39 296 32
39 73 15
39 77 8
39 206 35
39 44 86
39 40 94
39 50 75
39 149 96
39 86 16
39 279 2
39 153 79
39 217 15
39 186 45
39 265 1
40 128 58
40 132 5
40 274 13
40 158 75
40 294 83
40 173 68
40 178 39
40 51 81
40 56 3
40 189 29
40 199 3
40 74 95
40 78 62
40 87 23
40 91 77
40 101 52
40 102 83
40 232 68
40 233 49
40 234 19
40 249 31
40 122 79
40 255 72
40 166 48
41 134 68
41 137 93
41 271 46
41 280 70
41 147 5
41 277 29
41 152 13
41 281 81
41 160 33
41 161 51
41 91 31
41 292 6
41 171 11
41 175 87
41 55 12
41 191 42
41 68 79
41 206 81
41 218 53
41 143 98
41 231 33
41 239 26
41 242 95
41 117 11
42 256 39
42 138 0
42 271 26
42 278 35
42 284 100
42 293 55
42 47 69
42 179 38
42 181 68
42 54 81
42 189 57
42 53 53
42 214 54
42 92 85
42 94 67
42 225 10
42 98 9
42 229 74
42 104 68
42 107 90
42 238 21
43 192 64
43 136 85
43 265 58
43 140 65
43 274 93
43 276 3
43 286 94
43 160 49
43 129 75
43 298 1
43 173 12
43 48 51
43 49 45
43 58 97
43 188 48
43 64 23
43 71 32
43 203 100
43 77 54
43 210 83
43 85 62
43 87 24
43 91 10
43 94 89
43 96 62
43 104 87
43 118 70
43 247 94
43 250 51
44 256 15
44 130 34
44 137 41
44 270 16
44 273 14
44 175 26
44 283 6
44 47 56
44 51 4
44 56 35
44 62 88
44 67 27
44 83 94
44 220 19
44 227 52
44 105 29
44 234 22
44 237 86
44 113 69
44 106 66
44 121 29
44 125 22
44 255 80
45 136 58
45 266 46
45 274 75
45 275 31
45 276 43
45 161 49
45 178 35
45 55 97
45 185 30
45 188 74
45 191 18
45 199 96
45 72 5
45 75 53
45 85 41
45 86 70
45 92 2
45 222 27
45 107 5
45 115 25
45 245 69
45 247 37
45 252 91
46 132 100
46 135 42
46 140 47
46 110 56
46 69 77
46 293 63
46 49 70
46 178 22
46 179 38
46 193 71
46 194 65
46 195 73
46 197 68
46 70 47
46 76 26
46 80 70
46 211 27
46 215 42
46 217 99
46 218 49
46 94 5
46 99 81
46 100 12
46 238 45
46 117 43
46 120 60
46 251 64
46 125 19
46 277 52
47 139 48
47 155 29
47 160 62
47 295 41
47 297 79
47 49 67
47 50 60
47 52 86
47 70 92
47 98 6
47 99 24
47 112 88
47 118 89
47 250 51
48 259 4
48 132 57
48 263 58
48 266 20
48 139 30
48 268 78
48 277 39
48 196 78
48 284 37
48 290 74
48 165 79
48 169 37
48 157 93
48 180 0
48 190 25
48 195 88
48 68 37
48 199 46
48 200 3
48 85 75
48 88 9
48 219 33
48 236 52
48 62 50
48 118 53
48 125 99
49 270 28
49 153 30
49 260 44
49 155 70
49 156 43
49 178 60
49 182 30
49 62 88
49 69 65
49 199 44
49 73 99
49 77 40
49 210 1
49 214 31
49 88 6
49 223 28
49 96 86
49 235 35
49 108 67
49 110 52
49 114 45
49 115 85
49 246 37
49 119 7
49 248 60
50 263 14
50 141 28
50 147 5
50 152 16
50 291 67
50 173 37
50 187 89
50 190 24
50 65 33
50 198 60
50 71 16
50 75 18
50 80 54
50 240 37
50 243 18
50 246 35
50 252 59
51 133 69
51 278 84
51 158 72
51 294 87
51 169 10
51 182 81
51 59 30
51 200 81
51 75 98
51 206 85
51 81 17
51 218 47
51 98 10
51 235 7
51 110 99
51 118 40
52 135 13
52 274 48
52 152 92
52 161 89
52 165 63
52 172 89
52 173 70
52 54 48
52 59 37
52 67 12
52 200 41
52 92 4
52 109 51
52 118 19
52 119 60
52 122 8
52 124 11
52 253 11
53 256 92
53 132 49
53 264 77
53 275 37
53 150 51
53 157 63
53 289 91
53 166 21
53 296 73
53 263 69
53 173 85
53 184 49
53 57 89
53 207 51
53 211 70
53 84 18
53 217 17
53 235 39
53 108 43
53 120 51
53 127 80
54 128 51
54 258 24
54 237 57
54 147 93
54 161 33
54 291 58
54 168 2
54 298 27
54 171 58
54 61 78
54 193 82
54 66 38
54 198 84
54 289 97
54 81 7
54 211 75
54 220 35
54 93 61
54 97 100
54 231 83
54 109 45
54 254 66
55 143 43
55 144 39
55 155 52
55 218 6
55 288 39
55 167 80
55 171 63
55 181 61
55 184 91
55 188 93
55 197 28
55 199 71
55 72 16
55 217 94
55 71 25
55 220 35
55 93 25
55 100 45
55 231 9
55 232 93
55 233 27
55 108 97
55 111 76
55 112 92
55 115 24
55 246 30
55 124 70
56 261 8
56 141 100
56 144 57
56 145 92
56 275 31
56 157 16
56 158 44
56 287 86
56 164 53
56 297 28
56 171 82
56 180 91
56 137 66
56 57 43
56 70 61
56 210 30
56 85 80
56 93 9
56 225 55
56 226 61
56 230 73
56 82 50
56 114 36
56 120 59
57 133 53
57 262 4
57 264 50
57 137 30
57 268 84
57 143 23
57 161 68
57 291 8
57 293 84
57 180 52
57 60 93
57 200 89
57 212 29
57 214 73
57 216 79
57 228 22
57 229 60
57 230 64
57 114 22
57 123 55
58 128 5
58 258 69
58 66 55
58 271 46
58 144 52
58 146 4
58 150 11
58 160 24
58 162 99
58 168 48
58 174 77
58 175 89
58 178 65
58 61 80
58 194 29
58 67 46
58 197 19
58 202 38
58 77 75
58 78 13
58 207 41
58 120 29
58 216 62
58 94 57
58 116 62
58 248 82
58 250 38
58 127 26
59 282 71
59 134 4
59 138 7
59 142 89
59 143 16
59 280 61
59 149 59
59 278 47
59 166 9
59 176 66
59 183 52
59 198 79
59 80 31
59 214 41
59 88 20
59 271 45
59 216 26
59 96 41
59 97 32
59 103 84
59 110 50
59 253 60
59 246 11
59 121 90
59 125 6
60 128 94
60 134 56
60 266 8
60 280 38
60 155 99
60 157 31
60 287 92
60 166 39
60 175 97
60 176 73
60 181 36
60 61 6
60 65 76
60 68 8
60 70 82
60 73 72
60 206 61
60 225 87
60 101 75
60 111 63
60 241 57
60 126 88
61 256 24
61 259 53
61 262 48
61 136 31
61 280 96
61 153 12
61 197 48
61 134 54
61 170 79
61 171 21
61 172 87
61 177 94
61 69 52
61 89 31
61 91 51
61 222 59
61 182 96
61 99 20
61 102 84
61 254 80
62 130 93
62 133 87
62 265 95
62 272 82
62 277 14
62 152 12
62 153 67
62 283 55
62 285 5
62 289 57
62 169 91
62 173 72
62 180 37
62 188 53
62 65 51
62 66 62
62 197 53
62 74 9
62 212 67
62 89 78
62 91 0
62 222 88
62 99 88
62 228 37
62 231 30
62 232 91
62 116 21
62 246 59
63 257 84
63 131 87
63 271 46
63 160 84
63 169 27
63 174 30
63 176 57
63 185 8
63 69 11
63 204 92
63 210 76
63 83 52
63 212 48
63 216 44
63 217 41
63 90 91
63 94 31
63 104 16
63 110 71
63 240 4
63 113 1
63 116 19
63 247 9
63 249 24
63 251 65
64 257 86
64 140 74
64 272 44
64 274 65
64 154 53
64 289 74
64 291 56
64 179 22
64 182 63
64 67 29
64 81 26
64 212 48
64 217 83
64 220 19
64 99 10
64 108 99
64 254 74
64 248 46
64 84 89
64 252 64
64 126 38
64 127 71
65 260 11
65 261 33
65 264 81
65 140 74
65 270 2
65 144 15
65 149 45
65 154 42
65 283 98
65 176 86
65 178 70
65 192 5
65 96 47
65 194 45
65 68 14
65 205 32
65 78 7
65 212 94
65 86 33
65 90 47
65 221 68
65 224 38
65 188 60
65 242 76
65 117 14
65 121 4
66 257 78
66 135 73
66 280 16
66 284 21
66 157 29
66 162 67
66 165 8
66 179 33
66 185 14
66 186 1
66 71 7
66 76 94
66 79 92
66 80 52
66 225 8
66 98 40
66 103 79
66 235 77
66 237 8
66 239 94
66 243 81
66 119 2
66 250 21
67 256 48
67 131 19
67 139 56
67 268 2
67 154 0
67 287 38
67 163 69
67 174 30
67 190 69
67 198 51
67 206 27
67 209 95
67 291 42
67 90 76
67 93 30
67 236 25
67 240 37
68 270 49
68 148 69
68 150 96
68 280 46
68 284 63
68 289 13
68 163 66
68 164 67
68 293 7
68 173 83
68 177 36
68 181 90
68 194 7
68 199 58
68 200 23
68 73 45
68 77 32
68 220 45
68 95 45
68 229 13
68 239 91
68 117 78
68 248 65
68 254 63
69 260 17
69 272 0
69 291 72
69 164 39
69 168 69
69 174 21
69 197 86
69 200 96
69 75 52
69 249 99
69 218 36
69 98 93
69 102 60
69 112 84
69 121 82
69 122 15
70 256 97
70 261 54
70 134 7
70 263 31
70 268 26
70 278 87
70 281 70
70 284 73
70 295 87
70 169 8
70 171 75
70 178 65
70 189 0
70 193 17
70 184 57
70 210 88
70 214 70
70 89 49
70 135 47
70 97 27
70 240 38
70 117 7
70 249 30
71 130 88
71 262 39
71 266 97
71 155 89
71 158 100
71 159 59
71 293 28
71 171 91
71 184 42
71 185 12
71 187 98
71 222 50
71 224 34
71 226 59
71 104 91
71 105 5
71 116 66
71 122 3
72 257 55
72 131 51
72 132 34
72 264 20
72 143 22
72 281 98
72 155 14
72 292 77
72 175 93
72 185 45
72 186 57
72 198 28
72 73 80
72 202 13
72 164 29
72 223 53
72 102 61
72 232 15
72 239 84
72 112 77
72 244 78
72 253 97
73 128 0
73 138 98
73 142 15
73 148 80
73 158 90
73 162 42
73 165 32
73 286 7
73 266 76
73 203 83
73 290 44
73 80 99
73 213 30
73 215 81
73 223 87
73 99 14
73 107 75
73 237 91
73 239 27
74 257 87
74 266 74
74 139 6
74 269 77
74 142 10
74 144 94
74 275 51
74 279 80
74 281 49
74 157 93
74 286 83
74 161 80
74 175 26
74 177 29
74 195 74
74 197 34
74 199 85
74 78 25
74 216 54
74 93 9
74 230 94
74 238 52
74 240 30
75 265 4
75 141 47
75 276 72
75 162 58
75 291 74
75 196 2
75 198 19
75 199 56
75 78 18
75 213 60
75 95 36
75 224 57
75 165 71
75 99 6
75 113 89
75 118 30
76 288 65
76 289 40
76 259 68
76 293 61
76 264 82
76 96 18
76 97 12
76 275 44
76 212 8
76 117 44
76 249 98
76 100 91
76 283 83
76 220 31
76 221 96
77 267 55
77 149 51
77 278 19
77 152 16
77 287 60
77 288 71
77 165 71
77 176 75
77 181 67
77 202 16
77 203 66
77 217 6
77 103 35
77 234 46
77 237 38
77 116 66
77 121 61
77 126 3
78 264 55
78 139 67
78 269 72
78 273 11
78 299 89
78 155 15
78 287 56
78 289 91
78 162 19
78 295 81
78 169 75
78 171 99
78 202 84
78 204 63
78 205 94
78 209 20
78 211 66
78 87 95
78 90 98
78 219 86
78 220 31
78 93 16
78 104 83
78 233 49
78 244 83
78 247 57
78 254 1
79 256 6
79 258 10
79 261 84
79 264 76
79 266 56
79 143 39
79 144 10
79 145 44
79 147 68
79 276 37
79 278 60
79 280 64
79 285 68
79 150 5
79 295 47
79 183 10
79 195 97
79 217 84
79 230 57
79 118 35
79 148 56
79 126 99
80 128 60
80 187 17
80 161 91
80 232 79
80 269 86
80 273 57
80 276 88
80 85 15
80 214 95
80 184 19
80 120 85
80 250 37
81 225 42
81 98 10
81 227 24
81 246 58
81 104 46
81 265 15
81 203 63
81 130 52
81 273 25
81 212 57
81 297 20
81 248 6
81 126 28
81 182 34
82 279 33
82 97 30
82 103 38
82 104 83
82 235 42
82 109 43
82 270 14
82 210 52
82 147 89
82 148 86
82 245 72
82 118 67
82 151 15
82 156 48
82 94 16
83 130 52
83 135 17
83 269 24
83 271 98
83 152 55
83 289 15
83 283 82
83 292 56
83 166 44
83 189 83
83 193 67
83 209 9
83 213 78
83 216 26
83 143 86
83 96 71
83 226 53
83 100 63
83 111 50
83 114 68
83 123 83
83 254 64
84 256 86
84 198 13
84 167 59
84 232 50
84 298 32
84 110 29
84 111 100
84 273 49
84 146 10
84 275 45
84 212 73
84 150 45
84 234 88
84 266 96
84 155 70
84 285 74
85 259 80
85 132 87
85 135 70
85 264 23
85 137 61
85 142 24
85 277 96
85 153 59
85 286 82
85 287 43
85 289 15
85 290 6
85 293 14
85 166 22
85 295 48
85 204 33
85 162 50
85 212 77
85 221 64
85 165 31
85 102 34
85 231 96
85 237 78
85 112 66
85 242 64
85 116 9
85 117 5
85 118 19
85 119 33
86 126 95
86 291 71
86 177 40
86 232 51
86 144 59
86 112 68
86 113 55
86 196 54
86 148 53
86 149 37
86 214 67
86 119 29
86 184 97
86 260 19
86 286 93
87 129 8
87 132 0
87 134 56
87 263 78
87 264 2
87 271 33
87 217 72
87 288 59
87 173 5
87 175 96
87 182 70
87 189 2
87 191 17
87 193 68
87 89 55
87 98 56
87 232 57
87 240 51
87 113 33
87 115 11
87 244 70
87 245 45
88 258 29
88 259 75
88 133 68
88 134 87
88 139 34
88 274 52
88 150 71
88 287 60
88 162 90
88 295 34
88 286 76
88 201 84
88 211 41
88 218 37
88 91 63
88 95 47
88 224 42
88 234 47
88 241 50
88 252 43
88 125 95
89 131 87
89 147 66
89 277 4
89 292 20
89 296 52
89 299 69
89 174 84
89 181 98
89 267 35
89 196 33
89 214 0
89 221 41
89 101 49
89 241 56
89 190 42
89 121 74
90 131 53
90 135 79
90 265 53
90 266 32
90 142 23
90 145 98
90 169 49
90 176 41
90 180 16
90 183 71
90 190 76
90 208 0
90 99 78
90 108 88
90 111 22
90 115 94
91 128 14
91 130 7
91 134 41
91 141 23
91 142 100
91 150 84
91 156 17
91 297 21
91 298 40
91 174 67
91 182 1
91 186 22
91 187 40
91 199 54
91 211 81
91 219 55
91 229 22
91 108 84
91 239 68
91 124 21
91 253 54
91 277 98
92 261 31
92 262 17
92 138 11
92 141 78
92 173 99
92 278 40
92 284 80
92 290 16
92 166 94
92 168 78
92 181 26
92 182 39
92 184 64
92 189 18
92 192 10
92 194 34
92 206 46
92 233 51
93 128 36
93 282 38
93 158 89
93 287 4
93 299 90
93 174 31
93 180 98
93 187 44
93 194 21
93 268 96
93 210 39
93 234 98
93 235 96
93 237 93
93 110 63
93 112 30
93 115 43
93 248 1
93 125 21
94 288 26
94 179 31
94 263 40
94 265 74
94 203 17
94 178 34
94 112 96
94 115 77
94 118 17
94 183 53
94 127 88
95 258 23
95 131 33
95 262 20
95 135 44
95 279 63
95 273 91
95 259 29
95 277 54
95 151 8
95 155 82
95 156 45
95 296 54
95 173 59
95 182 93
95 183 26
95 266 54
95 192 53
95 96 22
95 208 88
95 219 65
95 224 71
95 225 36
95 228 78
95 103 69
95 108 9
95 244 25
95 118 74
95 248 7
95 125 22
96 131 78
96 134 66
96 135 65
96 142 51
96 146 12
96 152 58
96 282 1
96 292 51
96 129 95
96 170 71
96 174 65
96 182 5
96 198 74
96 199 43
96 164 91
96 219 34
96 223 79
96 100 3
96 104 96
96 109 84
96 110 80
96 168 23
96 125 81
97 130 35
97 264 88
97 236 94
97 138 93
97 141 23
97 272 7
97 281 53
97 290 73
97 170 53
97 287 3
97 193 53
97 194 4
97 211 69
97 227 21
97 235 70
97 108 21
97 109 98
97 110 7
97 113 29
97 242 32
97 118 76
97 248 36
97 254 38
97 127 76
98 256 0
98 261 31
98 269 36
98 270 16
98 143 75
98 272 25
98 153 42
98 154 0
98 185 90
98 192 31
98 203 33
98 213 52
98 216 2
98 217 8
98 226 36
98 103 55
98 106 67
98 245 30
98 234 36
98 170 38
99 132 88
99 141 36
99 153 64
99 284 76
99 155 42
99 175 31
99 176 35
99 193 14
99 209 88
99 212 17
99 224 40
99 225 65
99 100 31
99 229 83
99 245 45
99 121 29
100 196 26
100 204 88
100 203 63
100 207 14
100 180 28
100 273 88
100 276 8
100 233 71
100 184 76
100 244 4
100 216 63
100 286 32
101 134 87
101 136 92
101 266 56
101 279 61
101 142 44
101 143 52
101 282 81
101 157 40
101 159 70
101 161 59
101 165 73
101 177 20
101 168 9
101 264 2
101 185 100
101 192 45
101 203 46
101 205 53
101 221 90
101 230 43
101 103 100
101 106 59
101 107 54
101 108 17
101 243 65
101 116 63
101 117 11
101 125 31
101 254 94
102 131 56
102 132 62
102 134 13
102 264 38
102 270 62
102 273 38
102 146 100
102 153 87
102 260 26
102 298 21
102 180 63
102 185 51
102 208 75
102 218 13
102 222 97
102 227 49
102 122 47
102 123 14
103 130 74
103 132 28
103 150 26
103 151 82
103 260 99
103 287 60
103 169 72
103 180 43
103 186 78
103 208 98
103 232 16
103 105 68
103 122 66
103 251 26
104 267 46
104 140 56
104 273 100
104 146 26
104 277 45
104 158 36
104 181 38
104 188 82
104 191 37
104 194 83
104 200 19
104 202 6
104 203 70
104 121 33
104 220 28
104 227 9
104 209 23
104 106 14
104 112 46
104 147 5
104 246 54
104 249 46
105 134 8
105 147 64
105 165 52
105 169 3
105 170 63
105 172 73
105 183 54
105 186 42
105 221 62
105 235 60
105 108 81
105 119 64
105 121 72
105 250 1
105 126 44
106 288 36
106 197 75
106 231 3
106 108 56
106 236 40
106 205 41
106 271 11
106 240 17
106 145 7
106 297 20
106 172 55
106 183 8
107 288 87
107 129 87
107 290 100
107 196 53
107 198 41
107 231 63
107 235 58
107 109 27
107 242 24
107 177 70
107 114 86
107 245 15
107 250 0
107 123 64
107 191 95
108 192 25
108 130 34
108 134 84
108 143 21
108 281 29
108 154 80
108 295 75
108 174 77
108 198 33
108 207 5
108 210 15
108 216 70
108 222 86
108 251 95
108 230 12
108 113 21
108 123 94
108 253 8
109 262 22
109 268 89
109 145 98
109 286 25
109 165 43
109 167 39
109 223 5
109 188 44
109 211 20
109 222 100
109 293 89
109 111 63
109 116 25
109 125 94
109 126 91
110 128 91
110 140 14
110 157 84
110 158 78
110 287 40
110 164 29
110 297 53
110 192 84
110 197 38
110 201 72
110 205 92
110 209 13
110 218 4
110 220 2
110 239 8
110 240 61
110 243 92
110 245 96
110 249 52
110 254 41
111 257 31
111 226 29
111 266 39
111 134 80
111 295 1
111 172 58
111 240 27
111 210 20
111 244 100
111 181 36
111 279 82
111 251 2
112 130 25
112 267 25
112 269 64
112 270 14
112 282 4
112 284 84
112 154 3
112 293 65
112 168 58
112 297 26
112 180 27
112 182 78
112 194 97
112 198 64
112 202 16
112 208 48
112 211 36
112 212 5
112 214 95
112 219 97
112 221 12
112 224 71
112 121 67
113 273 87
113 149 78
113 157 98
113 165 87
113 295 15
113 244 13
113 206 60
113 210 56
113 212 66
113 230 13
113 274 93
113 116 22
114 129 83
114 131 93
114 136 98
114 152 75
114 154 84
114 161 13
114 166 27
114 168 44
114 173 37
114 200 39
114 218 64
114 223 77
114 229 69
114 233 7
114 239 7
114 115 30
114 117 65
114 123 25
115 262 21
115 159 8
115 160 94
115 162 18
115 163 93
115 164 7
115 294 73
115 179 36
115 189 62
115 201 12
115 203 96
115 212 68
115 214 61
115 230 28
115 234 17
116 131 49
116 263 2
116 138 16
116 145 64
116 159 24
116 293 42
116 166 44
116 177 16
116 178 7
116 185 74
116 193 46
116 204 10
116 212 74
116 273 16
116 232 100
116 235 37
116 121 43
117 130 45
117 259 5
117 260 90
117 137 35
117 140 77
117 143 66
117 274 10
117 277 28
117 159 65
117 166 2
117 170 67
117 225 54
117 230 84
117 250 84
117 123 64
117 298 44
118 258 40
118 264 73
118 145 10
118 146 75
118 278 42
118 153 42
118 285 26
118 158 12
118 170 54
118 186 62
118 223 89
118 191 10
118 192 64
118 201 96
118 202 35
118 204 95
118 207 15
118 220 73
118 224 27
118 227 73
118 232 11
118 236 87
118 237 73
118 240 72
118 187 32
118 251 80
118 255 63
119 133 95
119 264 46
119 273 66
119 146 89
119 275 61
119 149 40
119 279 48
119 153 15
119 284 83
119 159 41
119 288 13
119 296 30
119 182 25
119 180 93
119 203 100
119 206 90
119 232 63
119 121 19
119 124 1
120 260 38
120 263 8
120 268 92
120 151 53
120 161 39
120 290 33
120 291 82
120 299 25
120 176 65
120 181 48
120 190 43
120 209 94
120 212 20
120 214 84
120 222 34
120 248 82
120 249 84
121 292 84
121 165 49
121 285 5
121 252 69
121 125 26
121 185 38
122 142 19
122 236 90
122 270 10
122 176 49
122 222 59
122 245 84
122 157 45
122 286 9
122 149 5
123 131 100
123 143 4
123 279 64
123 157 53
123 158 14
123 291 41
123 292 45
123 180 63
123 189 10
123 206 62
123 212 6
123 227 42
123 232 100
123 239 35
123 250 74
123 251 38
124 142 25
124 152 40
124 178 42
124 292 83
124 216 0
124 217 38
124 284 73
124 215 70
125 256 60
125 257 83
125 130 25
125 132 71
125 142 10
125 271 72
125 277 90
125 281 50
125 159 25
125 168 56
125 297 59
125 288 88
125 197 67
125 218 81
125 219 18
125 220 72
125 226 43
125 241 94
126 261 77
126 264 15
126 278 21
126 169 4
126 177 31
126 188 58
126 195 42
126 200 79
126 217 54
126 218 58
126 219 24
126 223 42
126 230 71
126 237 68
126 147 6
126 251 64
126 253 8
127 264 94
127 268 7
127 142 87
127 271 37
127 153 22
127 280 21
127 154 53
127 161 7
127 162 59
127 292 68
127 173 57
127 187 90
127 195 82
127 196 95
127 201 0
127 206 47
127 242 49
127 249 72
128 130 91
128 143 13
128 153 3
128 159 25
128 165 10
128 192 61
128 211 94
128 218 71
128 226 21
128 228 26
128 231 57
128 232 80
128 235 56
128 247 72
128 250 28
128 253 73
129 257 87
129 137 58
129 162 51
129 238 89
129 143 70
129 243 38
129 212 73
129 214 61
129 248 84
129 282 69
129 222 51
130 139 15
130 155 27
130 285 0
130 288 15
130 290 27
130 163 40
130 294 25
130 180 89
130 181 64
130 283 1
130 193 18
130 219 90
130 230 68
130 232 66
130 233 39
130 235 47
130 247 35
130 255 20
131 258 94
131 133 24
131 262 39
131 263 81
131 277 30
131 282 1
131 159 56
131 162 39
131 294 8
131 295 50
131 171 27
131 175 67
131 177 44
131 200 59
131 212 9
132 258 41
132 136 29
132 141 63
132 272 83
132 281 34
132 154 42
132 286 79
132 163 2
132 166 25
132 175 34
132 210 13
132 215 52
132 251 75
133 260 1
133 138 75
133 139 8
133 140 44
133 277 79
133 152 4
133 154 47
133 169 65
133 174 32
133 182 40
133 215 6
133 185 47
133 186 79
133 196 79
133 226 40
133 247 43
133 249 24
133 251 72
134 150 48
134 263 64
134 136 11
134 265 30
134 152 22
134 154 96
134 286 31
134 292 51
134 184 24
134 191 19
134 224 50
134 212 63
134 214 30
134 188 60
134 235 32
135 257 36
135 265 95
135 274 1
135 276 14
135 153 41
135 175 34
135 176 38
135 182 76
135 193 24
135 203 20
135 239 29
135 242 34
135 243 73
135 245 27
135 252 99
135 253 16
136 257 96
136 143 92
136 272 68
136 277 6
136 150 70
136 260 0
136 178 9
136 180 96
136 198 19
136 271 67
136 220 59
136 227 96
136 230 0
136 240 83
137 257 72
137 260 91
137 261 60
137 265 95
137 267 27
137 272 20
137 157 82
137 298 13
137 181 54
137 193 2
137 200 27
137 144 21
137 244 82
138 259 99
138 286 30
138 276 63
138 152 3
138 283 55
138 156 58
138 160 41
138 291 73
138 177 55
138 181 98
138 207 98
138 212 38
138 223 86
138 228 82
138 236 27
138 246 98
138 298 89
139 148 36
139 175 4
139 298 23
139 186 77
139 188 13
139 189 6
139 194 58
139 205 13
139 212 68
139 217 53
139 224 82
139 228 32
139 229 86
139 237 100
140 171 22
140 267 38
140 269 90
140 144 94
140 274 50
140 148 22
140 154 43
140 157 30
140 292 86
140 213 2
140 238 4
140 240 60
140 244 58
141 146 0
141 280 100
141 158 66
141 159 24
141 296 96
141 174 31
141 198 93
141 199 78
141 211 33
141 168 56
141 243 72
141 244 32
141 253 73
141 255 23
142 256 48
142 284 27
142 165 35
142 170 9
142 173 63
142 183 41
142 186 50
142 200 85
142 230 93
142 238 80
142 239 82
142 242 96
142 248 15
143 156 60
143 165 60
143 295 5
143 298 64
143 172 27
143 185 32
143 205 86
143 216 42
143 222 20
143 224 84
143 225 23
143 228 27
143 253 61
144 263 57
144 149 54
144 154 67
144 284 78
144 157 71
144 160 91
144 290 59
144 178 33
144 210 90
144 212 65
144 237 35
144 244 38
144 247 89
144 255 78
145 226 91
145 221 49
145 248 10
145 204 89
145 210 78
145 245 63
145 151 31
145 216 0
145 276 41
145 219 82
145 253 4
145 158 55
146 260 84
146 265 90
146 267 55
146 276 44
146 158 68
146 287 39
146 171 18
146 179 16
146 180 32
146 204 94
146 290 97
146 245 1
146 251 8
146 252 22
147 194 8
147 267 23
147 171 58
147 237 43
147 226 67
147 168 63
147 187 61
147 281 7
147 283 77
147 285 62
147 223 24
148 288 49
148 230 60
148 166 59
148 235 97
148 240 55
148 210 98
148 184 5
148 268 99
149 261 28
149 162 99
149 274 80
149 279 74
149 155 67
149 288 98
149 168 64
149 169 80
149 171 97
149 173 14
149 178 15
149 199 13
149 207 19
149 210 32
149 217 97
149 219 22
149 250 36
150 260 37
150 257 29
150 272 99
150 276 49
150 159 8
150 161 95
150 164 53
150 294 36
150 185 66
150 287 18
150 198 4
150 289 45
150 203 78
150 205 94
150 209 12
150 224 18
150 243 26
150 250 0
151 299 10
151 265 6
151 266 87
151 285 29
151 286 60
151 166 100
151 171 89
151 177 66
151 194 93
151 199 38
151 202 88
151 208 88
151 212 8
151 213 95
151 214 26
151 215 27
151 225 23
151 233 93
151 238 3
151 241 26
151 244 21
151 251 96
152 263 12
152 272 50
152 252 87
152 281 91
152 282 87
152 155 80
152 165 63
152 172 26
152 178 35
152 184 45
152 224 19
152 197 91
152 203 15
152 212 62
152 216 79
152 217 99
152 233 72
152 234 53
152 237 46
152 238 55
152 248 79
152 251 40
153 266 84
153 270 13
153 157 26
153 287 85
153 169 42
153 299 4
153 180 33
153 192 55
153 200 2
153 201 18
153 243 64
153 253 56
154 257 48
154 278 40
154 279 38
154 286 40
154 290 20
154 182 79
154 209 87
154 221 24
154 233 61
154 247 67
154 249 48
155 265 92
155 284 59
155 294 93
155 296 15
155 186 3
155 187 80
155 190 42
155 202 78
155 205 63
155 222 48
155 224 67
155 228 6
155 231 14
155 234 12
155 244 66
155 246 10
156 288 84
156 267 5
156 260 57
156 200 83
156 172 37
156 203 25
156 236 66
156 243 2
156 181 14
156 196 53
157 257 98
157 263 17
157 280 44
157 294 100
157 172 15
157 193 3
157 225 46
157 212 50
157 229 100
157 272 5
157 227 97
157 254 10
157 255 74
158 179 9
158 265 66
158 275 50
158 276 72
158 238 61
158 159 25
158 170 77
158 207 46
158 210 97
158 216 44
158 235 35
158 252 41
159 261 41
159 170 92
159 182 9
159 186 39
159 190 8
159 199 46
159 203 46
159 204 89
159 218 52
159 219 56
159 228 11
159 239 65
159 241 52
160 197 91
160 174 92
160 272 64
160 273 17
160 248 26
160 212 72
160 184 90
160 234 12
160 223 46
160 189 98
160 222 21
161 258 78
161 260 58
161 288 13
161 166 46
161 296 75
161 174 13
161 211 99
161 224 30
161 297 3
161 252 94
162 262 6
162 280 35
162 284 10
162 288 46
162 296 75
162 299 25
162 182 34
162 209 50
162 214 54
162 216 84
162 223 80
162 224 84
162 232 66
163 179 39
163 168 39
163 201 28
163 269 0
163 206 57
163 282 21
163 255 14
163 191 84
164 230 37
164 171 36
164 274 45
164 271 76
164 210 99
164 245 48
164 279 7
164 218 71
164 207 87
164 191 72
165 274 63
165 287 79
165 297 94
165 170 71
165 185 87
165 186 9
165 191 36
165 224 69
165 252 44
166 281 96
166 293 69
166 298 2
166 299 27
166 175 23
166 177 43
166 185 22
166 197 22
166 209 48
166 210 83
167 197 12
167 262 40
167 234 64
167 171 67
167 205 73
167 238 35
167 237 21
167 210 13
167 243 86
167 181 63
167 280 85
167 250 50
167 187 82
167 220 55
168 272 14
168 276 62
168 277 66
168 278 78
168 180 70
168 190 37
168 193 99
168 199 4
168 208 36
168 213 33
168 230 58
168 251 81
169 269 89
169 293 81
169 172 16
169 176 45
169 184 8
169 186 3
169 199 34
169 220 87
169 227 56
169 235 73
169 239 56
170 262 90
170 276 27
170 291 71
170 182 17
170 183 27
170 196 52
170 206 79
170 223 49
170 237 43
170 251 81
170 254 27
171 268 27
171 272 65
171 284 4
171 298 27
171 173 0
171 199 9
171 227 71
172 265 19
172 274 70
172 298 54
172 174 79
172 181 31
172 202 37
172 207 28
172 214 10
172 229 54
172 251 9
173 256 56
173 263 16
173 268 15
173 276 39
173 281 42
173 282 19
173 283 77
173 182 47
173 194 5
173 197 28
173 200 79
173 237 8
173 249 66
174 268 76
174 271 71
174 282 29
174 286 30
174 221 56
174 192 48
174 206 5
174 237 19
174 243 95
174 244 83
175 270 77
175 278 88
175 295 39
175 185 26
175 197 20
175 200 11
175 222 81
175 249 10
176 270 33
176 284 39
176 286 71
176 290 44
176 186 90
176 204 96
176 222 62
176 234 90
176 246 1
177 294 20
177 281 40
177 282 30
177 186 37
177 195 60
177 198 77
177 207 2
177 208 13
177 221 42
177 237 19
178 270 76
178 274 96
178 287 80
178 293 76
178 189 29
178 190 75
178 215 1
178 234 42
178 243 57
179 263 49
179 231 83
179 235 7
179 239 74
180 256 81
180 261 77
180 267 25
180 273 0
180 282 86
180 206 86
180 234 30
180 231 12
180 281 98
181 278 31
181 187 0
181 190 77
181 203 5
181 212 97
181 221 71
181 222 18
181 188 2
181 235 2
181 251 69
182 256 99
182 282 31
182 280 45
182 284 13
182 285 17
182 196 61
182 204 73
182 239 37
182 242 34
182 253 75
183 228 47
183 197 9
183 239 18
183 268 63
183 189 74
183 211 57
183 246 83
183 218 36
183 196 90
184 257 87
184 262 30
184 266 68
184 267 71
184 292 31
184 187 41
184 199 51
184 203 92
184 205 60
184 216 32
184 244 99
184 297 72
185 266 72
185 272 2
185 274 69
185 275 98
185 295 40
185 299 98
185 190 59
185 208 35
185 249 31
185 231 23
185 238 58
185 239 21
186 259 68
186 271 93
186 273 100
186 299 50
186 196 93
186 210 25
186 217 65
186 225 75
186 232 86
186 238 75
186 242 98
186 248 5
186 250 84
187 263 17
187 265 16
187 272 63
187 274 79
187 188 33
187 214 74
187 241 44
187 242 25
188 256 33
188 259 60
188 193 62
188 268 50
188 294 5
188 199 25
188 211 9
188 225 52
189 265 86
189 190 65
189 193 81
189 204 2
189 208 62
189 245 100
190 290 4
190 232 30
190 201 59
190 202 41
190 287 81
191 260 56
191 265 64
191 269 90
191 296 58
191 198 2
191 199 3
191 221 45
191 233 15
191 238 66
192 259 19
192 268 45
192 278 70
192 196 57
192 202 81
192 214 38
192 231 58
192 236 15
193 282 50
193 257 7
193 200 39
193 224 12
193 235 49
193 248 92
193 249 6
194 263 62
194 269 0
194 292 78
194 297 67
194 298 89
194 204 78
194 270 38
194 216 94
194 233 51
194 234 79
194 235 27
194 236 72
194 275 88
194 248 75
194 254 1
195 259 61
195 293 17
195 265 84
195 268 67
195 206 62
196 258 8
196 269 100
196 274 85
196 276 1
196 277 23
196 279 89
196 278 100
196 208 60
196 220 56
196 243 58
196 255 62
197 256 0
197 262 46
197 280 13
197 297 21
197 198 79
197 213 56
197 219 54
197 224 95
197 243 20
197 245 42
198 265 26
198 274 16
198 284 52
198 203 77
198 220 100
198 222 32
198 247 93
199 257 11
199 270 11
199 271 64
199 284 28
199 290 47
199 200 50
199 207 83
199 242 68
199 246 1
200 271 49
200 277 69
200 216 52
200 226 73
200 229 22
200 231 52
200 239 33
200 254 12
200 255 44
201 260 92
201 265 43
201 278 68
201 285 50
201 286 98
201 296 92
201 203 11
201 216 51
201 221 6
201 228 75
201 230 29
201 244 6
202 268 88
202 273 71
202 284 93
202 204 89
202 210 100
202 206 100
202 228 69
202 231 74
202 238 40
203 261 36
203 264 16
203 271 29
203 277 68
203 282 31
203 283 97
203 288 5
203 207 90
203 216 58
203 236 2
203 249 10
203 255 38
204 257 77
204 272 60
204 275 73
204 292 49
204 298 10
204 218 76
204 229 94
205 228 6
205 223 27
205 273 72
205 212 6
205 285 90
206 262 84
206 273 11
206 279 58
206 293 87
206 210 61
206 237 83
207 258 21
207 264 10
207 265 20
207 270 51
207 277 22
207 284 14
207 261 23
207 208 95
207 292 44
207 221 77
207 228 84
207 244 47
208 272 83
208 297 86
208 299 86
208 209 38
208 214 10
208 220 35
208 249 74
209 256 29
209 274 16
209 297 86
209 212 95
209 221 5
209 222 53
209 224 94
209 237 24
209 244 72
210 264 38
210 275 47
210 298 6
210 222 80
210 223 98
210 245 24
210 248 31
210 276 94
211 278 94
211 283 79
211 290 84
211 212 30
211 213 3
211 225 90
211 238 11
211 242 36
211 244 11
211 247 92
212 283 4
212 248 32
212 215 95
212 216 58
212 217 4
212 226 68
212 235 15
212 236 67
213 256 36
213 261 0
213 272 99
213 277 78
213 281 52
213 286 13
213 297 60
213 226 49
213 214 63
213 246 29
214 256 66
214 266 80
214 272 36
214 222 8
214 228 57
214 238 62
214 240 50
214 244 38
215 289 32
215 229 49
215 230 62
215 237 54
215 285 7
215 276 82
216 258 79
216 268 89
216 279 27
216 237 98
217 226 18
217 267 70
217 281 99
217 282 39
217 291 13
217 231 47
217 237 82
218 289 46
218 240 47
218 246 20
219 273 18
219 246 50
219 251 80
219 252 99
220 258 93
220 275 71
220 299 27
220 236 6
220 247 66
220 249 73
221 261 59
221 266 30
221 268 60
221 286 75
221 236 63
221 247 47
222 276 63
222 290 90
222 225 38
222 232 31
222 233 18
222 236 87
222 245 42
223 273 63
223 252 1
224 293 76
224 296 17
224 233 50
225 261 89
225 283 16
225 297 33
225 228 16
225 232 6
225 239 34
225 249 86
225 252 66
226 259 8
226 260 73
226 262 9
226 280 16
226 282 38
226 290 4
226 296 38
226 251 92
227 256 47
227 283 91
227 295 60
227 242 43
227 241 14
228 256 8
228 275 16
228 277 96
228 285 83
228 250 95
228 253 10
229 291 60
229 295 69
229 296 85
229 238 51
229 244 75
229 245 47
229 248 86
229 254 41
230 256 54
230 288 0
230 291 12
230 264 27
230 246 29
231 264 8
231 290 60
231 251 25
231 252 0
232 256 5
232 261 61
232 264 98
232 258 61
232 290 44
232 245 63
233 262 83
233 272 40
233 288 24
233 291 75
233 242 69
234 258 91
234 271 67
234 281 85
234 292 18
235 284 84
235 298 99
235 245 87
236 259 77
236 260 38
236 272 100
236 279 68
236 285 6
236 241 1
236 253 27
237 262 87
237 267 74
237 268 56
237 287 13
237 296 67
237 297 39
237 293 76
237 243 25
238 263 23
238 275 0
238 285 90
238 292 60
238 293 39
238 268 2
238 248 44
238 249 13
239 278 58
239 282 32
239 288 18
239 292 31
239 298 17
239 287 64
240 253 49
240 248 1
240 283 54
241 259 10
241 271 79
241 274 13
241 282 27
241 286 48
241 288 83
241 287 0
241 253 35
242 277 5
242 296 81
242 299 85
242 251 25
242 252 96
242 254 100
242 255 60
243 259 46
243 271 78
243 272 25
243 244 11
244 280 23
244 296 18
244 248 18
244 249 29
245 266 57
245 279 10
245 281 60
245 286 40
245 295 34
246 256 48
246 274 29
246 275 65
246 281 65
246 282 81
246 289 90
246 250 89
247 259 89
247 283 70
247 287 97
247 295 23
247 298 25
247 248 24
248 257 97
248 279 51
248 249 57
248 252 32
249 286 36
249 289 46
249 299 75
250 281 20
251 280 65
251 282 50
251 284 12
251 286 81
251 291 40
251 293 19
252 268 88
252 288 4
252 286 39
253 258 96
253 285 10
253 292 60
253 299 75
254 257 79
254 263 82
254 277 37
254 278 17
254 279 81
254 290 38
255 263 37
255 271 98
255 283 81
255 293 43
255 295 13
255 297 20
256 265 49
256 268 14
256 278 12
256 285 42
256 270 4
257 267 56
257 281 2
258 265 75
258 270 11
258 271 95
258 277 15
258 285 20
258 298 78
259 271 76
259 275 35
259 286 0
259 294 71
260 272 13
260 276 0
260 280 91
260 281 54
261 269 60
261 272 98
261 280 95
261 289 23
261 277 75
262 272 100
262 279 65
262 267 12
262 271 49
263 271 55
263 272 84
263 284 46
263 275 47
264 272 16
264 275 78
264 283 18
264 288 45
264 280 67
265 279 7
265 277 40
265 285 63
266 274 91
266 282 70
266 285 84
266 286 28
266 289 48
266 291 95
267 290 44
267 289 76
268 284 29
268 287 23
268 289 49
268 298 85
269 291 52
269 275 76
271 277 32
271 278 59
271 279 42
271 294 66
272 273 27
272 297 47
273 295 36
273 298 49
274 280 57
275 278 91
275 282 94
275 284 87
275 299 90
276 277 27
276 284 15
276 289 25
276 298 35
277 284 86
277 282 72
277 291 37
278 288 12
279 293 66
281 284 75
281 289 39
281 292 59
281 296 50
282 287 61
282 293 1
283 291 37
283 292 59
284 297 3
285 286 87
285 287 94
285 292 25
286 288 31
287 296 88
288 297 9
289 294 44
289 296 71
292 295 50
294 295 58
