300 4000
0 1 29
0 260 81
0 263 94
0 14 28
0 16 72
0 17 64
0 279 18
0 33 95
0 34 21
0 168 58
0 42 45
0 299 27
0 173 96
0 202 26
0 66 32
0 74 4
0 94 89
0 227 51
0 230 76
0 104 82
0 105 12
0 236 69
1 130 8
1 264 34
1 142 58
1 17 94
1 276 98
1 291 61
1 297 90
1 176 15
1 8 88
1 191 37
1 65 14
1 67 48
1 70 39
1 79 90
1 209 80
1 87 17
1 216 32
1 217 28
1 218 19
1 97 39
1 226 79
1 105 16
1 245 76
1 119 29
2 131 16
2 263 95
2 265 88
2 10 84
2 145 71
2 29 73
2 30 26
2 38 3
2 297 76
2 48 91
2 55 62
2 185 32
2 61 21
2 192 8
2 77 95
2 218 74
2 221 48
2 227 50
2 228 7
2 104 4
2 106 88
2 116 68
3 130 46
3 293 92
3 199 49
3 200 43
3 236 96
3 271 1
3 144 84
3 273 67
3 20 96
3 85 49
3 247 21
3 120 25
3 250 7
3 143 39
3 60 32
3 58 27
3 126 22
3 213 45
4 259 67
4 9 75
4 194 1
4 271 65
4 20 87
4 155 29
4 292 58
4 220 91
4 172 59
4 45 35
4 54 35
4 58 11
4 187 53
4 65 48
4 66 90
4 200 76
4 214 89
4 87 35
4 218 15
4 92 77
4 250 59
4 106 55
4 238 80
4 122 92
4 125 36
4 127 0
5 130 47
5 269 18
5 274 79
5 19 4
5 149 6
5 151 8
5 31 74
5 290 58
5 167 6
5 169 16
5 52 1
5 184 92
5 187 1
5 60 81
5 61 15
5 191 82
5 192 21
5 66 52
5 200 37
5 34 42
5 83 71
5 220 51
5 102 64
5 104 47
5 236 70
5 112 67
5 252 35
6 132 45
6 260 61
6 135 94
6 264 54
6 138 35
6 272 23
6 195 5
6 148 31
6 22 78
6 153 16
6 24 5
6 196 53
6 285 9
6 292 96
6 44 73
6 46 68
6 136 21
6 54 19
6 60 82
6 61 92
6 67 74
6 147 42
6 79 84
6 216 7
6 89 62
6 90 8
6 207 69
6 98 71
6 103 78
6 233 88
6 275 12
6 245 75
6 127 33
7 131 22
7 261 93
7 267 78
7 141 66
7 17 60
7 147 6
7 25 78
7 156 92
7 290 65
7 38 82
7 171 16
7 51 59
7 182 5
7 191 62
7 194 62
7 205 96
7 223 7
7 225 90
7 102 23
7 115 77
7 120 12
7 123 72
8 260 73
8 257 6
8 9 7
8 12 15
8 18 65
8 281 47
8 155 32
8 28 95
8 287 37
8 32 11
8 295 95
8 44 1
8 175 37
8 49 52
8 182 32
8 55 56
8 57 49
8 288 64
8 70 40
8 200 26
8 204 57
8 76 76
8 80 82
8 210 32
8 213 46
8 216 66
8 227 99
8 239 71
8 115 79
8 119 32
8 252 89
9 132 17
9 22 21
9 266 64
9 142 6
9 277 10
9 278 52
9 23 18
9 260 64
9 159 6
9 161 10
9 291 74
9 36 68
9 293 12
9 39 50
9 40 82
9 174 2
9 136 86
9 10 83
9 192 75
9 84 23
9 86 24
9 117 57
9 119 53
9 121 19
10 132 25
10 134 95
10 138 9
10 139 15
10 269 8
10 142 36
10 161 44
10 167 74
10 180 44
10 55 96
10 71 44
10 74 38
10 79 35
10 211 29
10 222 3
10 224 96
10 226 47
10 229 44
10 106 6
10 39 29
10 244 13
10 253 16
10 127 35
11 130 38
11 132 22
11 269 18
11 20 50
11 25 51
11 283 38
11 161 54
11 167 39
11 42 50
11 180 14
11 60 53
11 189 29
11 195 85
11 73 81
11 214 49
11 216 95
11 92 35
11 223 37
11 96 53
11 100 78
11 234 63
11 61 5
11 244 67
11 255 49
12 134 14
12 263 32
12 265 99
12 138 29
12 139 3
12 88 78
12 276 88
12 22 70
12 28 24
12 157 76
12 158 88
12 91 84
12 164 78
12 167 68
12 43 86
12 175 85
12 136 5
12 266 9
12 62 30
12 71 32
12 202 8
12 207 32
12 80 84
12 81 11
12 84 38
12 216 21
12 219 75
12 97 34
12 114 75
12 79 10
12 250 23
12 126 58
13 225 89
13 290 0
13 299 49
13 71 13
13 268 76
13 106 20
13 62 41
13 190 25
13 269 11
13 29 69
13 208 7
13 58 58
13 139 14
13 53 34
13 214 60
13 126 85
13 282 11
13 175 53
13 253 62
13 158 96
13 223 37
14 257 14
14 258 100
14 260 77
14 262 39
14 147 39
14 277 73
14 23 32
14 288 76
14 35 14
14 170 26
14 174 24
14 51 57
14 186 94
14 60 59
14 194 56
14 195 96
14 68 85
14 71 64
14 73 24
14 76 50
14 205 73
14 214 57
14 58 48
14 95 75
14 227 68
14 106 2
14 107 94
14 238 12
14 250 45
14 255 2
15 260 46
15 140 55
15 17 0
15 146 56
15 27 94
15 28 58
15 159 71
15 42 82
15 299 10
15 70 13
15 200 4
15 207 79
15 209 66
15 219 39
15 92 54
15 96 7
15 234 72
15 108 84
15 237 90
15 238 62
15 244 88
15 247 18
15 248 37
15 121 4
15 250 6
15 127 43
15 255 39
16 128 92
16 130 60
16 267 38
16 269 93
16 142 39
16 17 18
16 151 56
16 154 3
16 165 13
16 38 91
16 44 52
16 175 35
16 48 99
16 64 54
16 67 41
16 204 19
16 205 13
16 79 24
16 82 45
16 226 23
16 99 50
16 233 92
16 236 94
16 114 77
16 115 86
16 244 78
16 123 13
17 131 97
17 262 36
17 142 62
17 22 32
17 279 96
17 24 21
17 156 90
17 287 11
17 291 74
17 40 57
17 169 33
17 172 20
17 179 9
17 182 32
17 55 51
17 185 22
17 159 26
17 191 68
17 202 11
17 271 30
17 233 97
17 234 54
17 117 13
18 129 1
18 130 7
18 260 81
18 266 65
18 20 18
18 22 56
18 156 49
18 29 88
18 288 23
18 33 1
18 291 44
18 171 26
18 50 12
18 180 1
18 182 34
18 60 51
18 192 47
18 196 82
18 70 40
18 201 84
18 205 33
18 83 20
18 87 69
18 94 65
18 224 79
18 230 4
18 103 61
18 233 29
18 113 80
18 114 67
18 120 97
18 250 50
18 255 21
19 128 68
19 193 74
19 98 11
19 34 54
19 36 90
19 167 86
19 106 82
19 71 81
19 173 84
19 269 52
19 177 49
19 243 94
19 170 96
19 182 49
19 151 28
19 45 71
19 57 41
19 22 24
19 27 23
19 93 24
20 132 34
20 133 86
20 138 49
20 272 89
20 273 9
20 148 73
20 150 31
20 153 66
20 28 5
20 157 50
20 30 43
20 32 3
20 162 4
20 292 66
20 47 8
20 178 32
20 60 54
20 193 20
20 197 19
20 290 8
20 95 98
20 227 75
20 232 24
20 234 29
20 110 70
20 245 38
20 253 96
21 133 54
21 272 11
21 22 24
21 281 70
21 158 2
21 287 44
21 289 78
21 291 10
21 38 76
21 298 71
21 54 51
21 58 10
21 75 29
21 120 55
21 163 72
21 95 72
21 97 72
21 99 23
21 105 23
21 113 100
21 248 40
21 250 54
22 134 54
22 264 38
22 215 9
22 274 34
22 23 90
22 285 81
22 287 43
22 161 69
22 163 71
22 292 40
22 45 51
22 157 87
22 53 16
22 181 74
22 193 79
22 194 36
22 195 14
22 85 6
22 87 76
22 89 28
22 221 74
22 223 96
22 96 75
22 102 54
22 230 99
22 118 8
22 253 62
23 50 62
23 214 98
23 296 42
23 210 34
23 206 41
23 237 78
23 48 16
23 270 93
23 243 57
23 212 68
23 73 36
23 245 65
24 235 26
24 263 98
24 271 11
24 277 51
24 279 14
24 159 21
24 160 77
24 291 94
24 167 63
24 168 79
24 135 16
24 188 81
24 61 54
24 192 77
24 75 37
24 206 28
24 82 69
24 218 30
24 221 23
24 227 6
24 230 96
24 107 5
24 117 56
24 124 38
25 96 85
25 224 25
25 130 40
25 67 84
25 261 44
25 38 41
25 105 59
25 269 21
25 184 27
25 82 34
25 243 81
25 244 3
25 121 67
25 248 51
25 116 6
25 75 90
25 220 78
25 134 4
26 130 52
26 136 48
26 139 72
26 143 52
26 275 72
26 155 22
26 162 64
26 35 72
26 292 23
26 37 54
26 42 5
26 48 71
26 52 72
26 186 41
26 63 63
26 64 51
26 202 5
26 208 38
26 83 28
26 224 26
26 226 20
26 235 3
26 252 95
27 128 51
27 262 87
27 269 64
27 146 100
27 282 80
27 155 82
27 158 75
27 170 38
27 43 83
27 44 83
27 49 69
27 184 58
27 244 35
27 60 86
27 61 25
27 70 90
27 200 53
27 75 4
27 79 58
27 217 41
27 218 7
27 189 68
27 241 97
27 116 44
27 117 46
27 120 42
27 251 87
27 124 43
28 257 66
28 129 7
28 269 66
28 142 31
28 272 34
28 279 18
28 282 29
28 34 85
28 39 21
28 168 80
28 221 35
28 50 92
28 51 3
28 56 84
28 188 14
28 61 81
28 209 50
28 218 16
28 271 76
28 93 53
28 224 2
28 60 9
29 128 72
29 256 8
29 259 59
29 263 0
29 264 30
29 139 9
29 277 13
29 286 62
29 32 74
29 34 32
29 35 28
29 37 24
29 296 36
29 171 6
29 172 69
29 173 8
29 177 0
29 187 7
29 64 46
29 288 45
29 69 17
29 202 38
29 76 82
29 85 78
29 87 54
29 92 96
29 98 26
29 100 35
29 238 11
29 113 61
29 116 44
29 246 0
29 251 14
29 253 7
30 288 38
30 66 27
30 104 61
30 101 71
30 71 20
30 264 35
30 168 56
30 258 87
30 263 61
30 143 5
30 209 28
30 219 62
30 215 58
30 45 68
30 244 71
30 218 17
30 79 17
30 94 8
30 293 35
31 256 48
31 266 41
31 133 41
31 289 83
31 43 15
31 176 13
31 58 73
31 63 73
31 68 99
31 71 98
31 72 91
31 83 32
31 86 22
31 88 33
31 90 64
31 93 61
31 97 47
31 99 41
31 238 29
31 113 19
31 242 57
31 117 17
31 119 36
31 120 74
32 258 28
32 137 42
32 138 16
32 141 7
32 273 78
32 281 77
32 167 93
32 297 52
32 44 65
32 285 45
32 49 99
32 59 19
32 191 9
32 67 33
32 69 71
32 198 97
32 202 95
32 99 50
32 102 41
32 112 80
32 123 24
33 256 99
33 134 47
33 135 90
33 265 96
33 277 57
33 155 97
33 35 74
33 163 79
33 298 38
33 299 90
33 193 6
33 204 83
33 80 29
33 211 29
33 84 65
33 90 58
33 226 52
33 99 57
33 231 45
33 115 3
33 244 23
33 248 2
34 263 33
34 273 32
34 276 79
34 278 24
34 280 19
34 154 4
34 285 26
34 288 84
34 293 18
34 168 11
34 43 98
34 45 57
34 48 21
34 197 44
34 213 21
34 218 7
34 91 86
34 220 36
34 224 73
34 231 32
34 104 10
34 106 83
34 108 97
34 237 51
34 111 54
34 244 85
34 126 70
35 257 12
35 258 82
35 43 21
35 132 80
35 133 73
35 134 40
35 135 55
35 138 9
35 140 91
35 277 78
35 154 33
35 283 51
35 288 8
35 299 64
35 157 43
35 177 80
35 60 100
35 191 87
35 198 67
35 199 46
35 200 80
35 211 9
35 222 19
35 226 42
35 99 74
35 100 83
35 236 30
35 241 15
35 117 16
35 63 54
35 253 44
36 133 52
36 141 96
36 272 60
36 46 53
36 288 0
36 37 12
36 166 55
36 40 10
36 171 17
36 174 38
36 243 0
36 62 98
36 72 18
36 202 42
36 203 1
36 205 20
36 206 15
36 94 24
36 223 29
36 98 67
36 102 61
36 232 86
36 108 84
36 113 91
36 275 1
36 246 24
36 122 20
36 125 94
36 126 63
37 274 24
37 275 40
37 289 50
37 176 2
37 181 34
37 60 28
37 61 41
37 65 87
37 200 86
37 88 34
37 95 99
37 226 71
37 231 36
37 234 17
37 236 66
37 110 57
37 112 87
37 247 90
37 250 88
37 252 56
37 254 74
38 128 33
38 258 16
38 145 48
38 146 79
38 148 87
38 282 6
38 42 97
38 173 92
38 183 95
38 189 95
38 69 62
38 208 98
38 81 7
38 89 33
38 93 23
38 224 80
38 110 67
38 240 73
38 242 0
38 115 56
38 248 58
38 255 75
39 137 44
39 145 24
39 157 35
39 291 91
39 292 59
39 169 14
39 298 88
39 46 95
39 177 22
39 51 79
39 52 17
39 54 12
39 55 65
39 65 88
39 197 12
39 211 2
39 91 53
39 222 64
39 223 51
39 237 13
39 238 12
39 244 20
39 117 23
39 121 4
40 261 16
40 274 73
40 155 46
40 157 12
40 240 24
40 166 43
40 170 80
40 299 43
40 177 58
40 52 25
40 61 18
40 190 54
40 65 94
40 195 61
40 209 78
40 84 70
40 95 64
40 232 59
40 235 32
40 236 75
40 112 9
41 193 18
41 66 14
41 99 28
41 161 35
41 275 89
41 291 7
41 138 36
41 76 20
41 240 21
41 113 76
41 274 87
41 227 83
41 180 17
41 85 55
41 246 55
41 149 41
42 134 36
42 138 74
42 276 29
42 152 73
42 154 87
42 282 42
42 288 60
42 290 0
42 180 85
42 193 18
42 68 83
42 70 11
42 71 62
42 78 95
42 207 62
42 219 10
42 97 13
42 105 2
42 109 88
42 113 100
43 156 70
43 170 16
43 172 77
43 45 83
43 175 64
43 185 45
43 186 92
43 188 45
43 71 97
43 268 45
43 78 77
43 291 62
43 86 70
43 215 71
43 226 1
43 102 48
43 105 52
43 107 73
43 116 3
43 117 11
43 255 93
44 260 59
44 141 40
44 278 90
44 295 42
44 49 10
44 183 6
44 61 100
44 62 59
44 63 12
44 67 30
44 198 78
44 200 8
44 82 35
44 214 52
44 220 33
44 100 94
44 101 9
44 103 60
44 237 94
44 239 56
44 114 40
44 136 57
44 252 52
44 264 32
45 128 14
45 179 47
45 134 39
45 143 85
45 279 20
45 155 92
45 284 72
45 171 76
45 47 44
45 243 87
45 187 7
45 192 35
45 68 66
45 69 83
45 73 60
45 213 59
45 92 41
45 93 74
45 94 17
45 106 61
45 109 92
45 241 85
45 115 10
45 121 9
45 126 56
45 127 22
46 131 21
46 132 20
46 142 3
46 144 30
46 147 98
46 276 63
46 150 14
46 151 58
46 280 3
46 51 72
46 65 98
46 66 96
46 199 15
46 207 46
46 84 94
46 87 7
46 292 81
46 91 13
46 98 2
46 117 47
46 121 66
46 252 20
47 138 16
47 146 57
47 279 8
47 280 69
47 154 18
47 293 70
47 170 66
47 174 31
47 193 74
47 67 6
47 199 47
47 75 1
47 80 36
47 213 79
47 222 29
47 105 66
47 113 0
47 254 20
47 246 97
47 126 99
48 128 5
48 256 76
48 129 55
48 265 28
48 151 25
48 258 27
48 280 15
48 274 66
48 152 83
48 283 24
48 167 93
48 49 15
48 137 90
48 198 64
48 199 28
48 72 91
48 202 36
48 75 22
48 82 36
48 85 31
48 215 56
48 92 47
48 226 69
48 123 69
48 228 35
48 233 38
48 235 4
48 210 59
48 111 69
48 244 39
48 251 42
49 213 68
49 172 81
49 279 16
49 280 82
49 159 91
49 166 1
49 173 18
49 178 85
49 54 100
49 57 52
49 58 50
49 59 24
49 65 49
49 69 55
49 288 60
49 211 57
49 85 70
49 217 2
49 219 72
49 227 10
49 229 95
49 233 71
49 234 84
49 235 32
49 109 61
49 113 3
49 250 100
49 127 66
50 64 4
50 97 11
50 291 19
50 161 94
50 104 10
50 265 89
50 106 67
50 272 99
50 81 40
50 90 1
50 154 71
50 248 17
50 58 40
50 159 71
50 202 58
50 280 2
50 223 68
51 267 98
51 150 49
51 152 92
51 281 34
51 154 19
51 178 74
51 183 92
51 64 8
51 67 41
51 201 95
51 76 23
51 210 66
51 89 70
51 92 9
51 225 0
51 103 11
51 236 70
51 109 8
51 244 19
51 123 84
52 265 55
52 268 81
52 269 36
52 271 53
52 274 8
52 150 67
52 284 7
52 278 84
52 294 31
52 177 70
52 196 80
52 202 48
52 80 87
52 88 81
52 90 24
52 220 52
52 93 18
52 224 93
52 101 63
52 102 91
52 108 98
52 112 85
52 254 24
53 256 10
53 257 49
53 260 69
53 145 28
53 149 99
53 196 76
53 158 1
53 289 56
53 162 69
53 291 44
53 184 37
53 66 76
53 68 4
53 73 13
53 210 22
53 88 3
53 218 36
53 225 31
53 100 69
53 104 60
53 238 91
53 122 72
54 264 78
54 143 39
54 151 12
54 157 58
54 287 57
54 290 59
54 167 99
54 174 91
54 63 46
54 194 53
54 198 39
54 73 74
54 208 47
54 215 5
54 216 5
54 295 34
54 115 52
54 117 51
54 120 12
54 136 72
55 128 24
55 133 60
55 263 25
55 137 87
55 266 58
55 278 86
55 151 84
55 289 43
55 162 34
55 168 75
55 299 12
55 186 51
55 192 19
55 203 24
55 77 16
55 78 74
55 208 0
55 210 34
55 215 60
55 95 71
55 227 76
55 100 55
55 101 87
55 104 26
55 237 18
55 111 3
55 247 63
55 251 56
55 254 97
56 134 51
56 142 92
56 274 66
56 277 10
56 150 77
56 283 41
56 158 14
56 162 62
56 262 17
56 173 89
56 59 49
56 202 38
56 195 69
56 74 7
56 77 79
56 78 46
56 248 45
56 227 81
56 165 5
56 225 6
56 99 14
56 101 9
56 104 73
56 109 88
56 119 27
56 120 27
56 252 49
57 128 73
57 133 76
57 265 78
57 141 79
57 271 57
57 144 26
57 148 91
57 149 3
57 289 82
57 292 12
57 61 76
57 81 37
57 82 30
57 218 47
57 91 58
57 96 38
57 227 10
57 102 20
57 246 18
57 119 90
58 129 99
58 261 11
58 230 50
58 153 20
58 289 25
58 134 55
58 172 47
58 175 45
58 67 43
58 141 53
58 209 60
58 211 95
58 216 95
58 221 45
58 223 100
58 228 30
58 229 15
58 102 3
59 132 57
59 133 62
59 139 61
59 145 72
59 161 70
59 160 71
59 69 9
59 71 79
59 73 70
59 247 6
59 207 73
59 210 44
59 83 80
59 89 37
59 224 64
59 226 58
59 105 18
59 239 57
59 240 32
59 116 34
59 119 78
59 254 14
60 129 3
60 132 81
60 137 4
60 271 68
60 277 95
60 152 73
60 283 28
60 261 66
60 160 43
60 294 26
60 297 8
60 181 0
60 184 32
60 187 19
60 191 16
60 262 55
60 196 36
60 70 29
60 74 0
60 210 56
60 83 53
60 91 86
60 221 24
60 232 96
60 235 58
60 276 1
61 128 97
61 258 87
61 259 24
61 139 66
61 142 61
61 147 54
61 157 52
61 159 94
61 283 43
61 295 26
61 169 53
61 171 97
61 175 39
61 177 85
61 181 44
61 182 59
61 183 84
61 186 30
61 187 23
61 191 90
61 81 35
61 73 91
61 75 40
61 209 67
61 99 58
61 228 17
61 231 0
61 107 90
61 125 50
62 86 61
62 153 60
62 282 78
62 288 42
62 163 38
62 292 4
62 169 68
62 172 94
62 173 74
62 180 45
62 137 63
62 185 0
62 204 27
62 78 99
62 79 34
62 81 30
62 83 60
62 214 34
62 218 35
62 94 48
62 107 79
62 243 12
62 120 81
62 250 64
62 125 48
62 254 0
63 161 92
63 194 81
63 195 99
63 293 53
63 294 80
63 80 36
63 172 36
63 66 23
63 269 57
63 208 37
63 145 42
63 222 49
64 128 77
64 261 59
64 149 9
64 151 29
64 159 33
64 162 100
64 298 31
64 179 93
64 190 86
64 66 25
64 68 45
64 70 69
64 205 52
64 207 8
64 213 2
64 91 33
64 93 87
64 105 63
64 108 94
64 114 75
64 246 73
64 253 71
64 255 74
65 129 62
65 269 20
65 147 70
65 278 65
65 282 84
65 283 52
65 154 2
65 287 77
65 170 18
65 186 49
65 70 69
65 201 37
65 202 0
65 76 13
65 214 79
65 218 96
65 104 88
65 115 18
65 247 42
66 257 75
66 259 91
66 264 9
66 267 11
66 271 12
66 272 4
66 282 97
66 161 35
66 242 46
66 177 27
66 117 4
66 181 80
66 194 33
66 76 76
66 211 89
66 212 49
66 214 18
66 92 63
66 222 30
66 251 62
66 103 86
66 232 62
66 234 58
66 114 71
66 245 67
66 246 82
66 120 17
67 256 82
67 80 63
67 143 94
67 149 35
67 157 3
67 160 38
67 164 11
67 297 25
67 299 23
67 181 14
67 208 70
67 85 88
67 292 61
67 92 47
67 144 66
67 232 79
67 119 33
67 125 46
68 131 78
68 265 42
68 272 91
68 149 19
68 155 45
68 285 93
68 169 50
68 172 91
68 175 32
68 182 9
68 183 85
68 189 36
68 70 12
68 74 1
68 78 63
68 212 41
68 213 94
68 220 92
68 99 6
68 229 70
68 230 21
68 112 73
69 140 64
69 142 44
69 271 66
69 152 20
69 282 32
69 163 13
69 177 4
69 195 5
69 199 37
69 211 91
69 218 30
69 91 52
69 92 36
69 228 77
69 236 66
69 245 19
69 126 49
70 144 75
70 157 17
70 286 21
70 160 58
70 295 17
70 264 31
70 181 5
70 193 43
70 71 56
70 75 67
70 76 46
70 86 14
70 88 70
70 95 44
70 225 91
70 101 20
70 242 35
70 118 88
70 121 87
70 122 80
71 274 75
71 150 56
71 160 31
71 290 64
71 291 53
71 287 76
71 207 6
71 81 38
71 83 79
71 214 61
71 88 30
71 90 58
71 229 29
71 241 62
71 249 91
72 128 18
72 257 88
72 132 77
72 135 51
72 268 7
72 256 99
72 143 5
72 274 35
72 283 78
72 160 92
72 270 22
72 184 58
72 206 7
72 213 63
72 219 94
72 92 26
72 226 15
72 107 27
72 121 39
72 124 100
73 263 87
73 265 5
73 222 85
73 154 45
73 285 17
73 290 94
73 293 65
73 168 58
73 169 16
73 174 93
73 179 40
73 184 95
73 151 48
73 196 90
73 197 93
73 200 77
73 74 82
73 162 35
73 207 50
73 89 18
73 90 32
73 94 51
73 223 71
73 227 25
73 120 40
73 124 70
74 133 51
74 268 16
74 272 75
74 276 67
74 286 40
74 297 95
74 298 44
74 180 32
74 138 34
74 193 78
74 200 27
74 210 13
74 87 9
74 220 93
74 223 16
74 99 5
74 102 33
74 230 92
74 106 32
74 239 32
74 115 96
74 123 58
74 170 45
74 254 96
75 256 31
75 154 45
75 284 35
75 161 39
75 293 18
75 167 12
75 169 88
75 76 63
75 209 89
75 86 29
75 90 86
75 229 70
75 295 29
75 109 67
75 238 68
75 111 41
75 115 51
76 136 76
76 139 66
76 140 82
76 274 83
76 158 11
76 161 29
76 167 2
76 297 26
76 173 22
76 174 51
76 187 56
76 206 50
76 211 90
76 88 43
76 89 55
76 94 78
76 104 53
76 107 20
76 117 17
76 250 30
77 161 95
77 148 15
77 261 35
77 295 53
77 124 57
77 267 65
77 241 41
77 243 10
77 84 76
77 281 31
77 284 57
77 158 57
78 258 30
78 262 65
78 151 57
78 143 46
78 272 34
78 273 83
78 279 52
78 282 64
78 290 67
78 295 77
78 297 89
78 299 46
78 177 27
78 191 8
78 201 75
78 202 7
78 208 79
78 85 86
78 91 58
78 224 24
78 227 100
78 102 92
78 238 87
78 120 46
78 124 2
78 126 50
79 270 94
79 144 82
79 151 15
79 156 57
79 161 51
79 292 6
79 297 32
79 176 43
79 194 54
79 205 83
79 220 77
79 229 32
79 104 8
79 117 76
79 120 62
79 250 1
80 257 82
80 262 12
80 276 89
80 284 61
80 157 82
80 162 2
80 163 91
80 171 0
80 94 56
80 103 15
80 111 35
80 112 9
80 245 91
80 125 8
80 254 57
81 137 76
81 139 4
81 109 29
81 150 76
81 219 37
81 297 31
81 199 20
81 183 73
81 194 27
81 209 86
81 86 8
81 91 28
81 92 19
81 101 62
81 230 13
81 108 65
81 237 84
81 238 67
81 241 8
81 254 26
82 151 36
82 268 54
82 271 100
82 145 86
82 149 45
82 153 83
82 283 99
82 285 48
82 293 30
82 169 34
82 299 68
82 183 61
82 190 43
82 192 78
82 195 68
82 196 14
82 200 9
82 203 24
82 212 85
82 217 24
82 219 62
82 96 11
82 226 97
82 111 87
82 114 94
82 248 84
82 253 1
83 138 100
83 151 86
83 144 89
83 145 60
83 148 86
83 279 5
83 284 6
83 285 65
83 161 51
83 168 8
83 177 35
83 84 68
83 188 15
83 236 0
83 117 11
83 246 80
83 122 28
84 160 93
84 289 65
84 219 29
84 262 62
84 177 0
84 168 6
84 183 75
84 241 45
84 146 0
84 86 82
84 155 90
84 95 88
85 132 58
85 134 85
85 268 25
85 269 83
85 142 28
85 153 28
85 281 11
85 158 37
85 160 94
85 161 98
85 162 27
85 291 10
85 294 51
85 180 9
85 191 82
85 212 91
85 206 8
85 230 37
85 114 21
86 129 97
86 260 68
86 140 28
86 148 88
86 151 16
86 153 56
86 155 51
86 291 62
86 175 64
86 108 31
86 198 19
86 201 9
86 98 27
86 206 43
86 214 42
86 226 54
86 101 25
86 102 99
86 105 39
86 236 86
86 248 17
87 257 54
87 140 74
87 146 16
87 155 47
87 170 41
87 172 27
87 157 54
87 187 68
87 226 77
87 209 75
87 215 81
87 220 79
87 221 64
87 98 76
87 109 36
87 239 15
87 242 13
87 118 94
87 124 17
87 125 10
88 133 21
88 142 94
88 143 47
88 147 55
88 261 20
88 161 60
88 167 44
88 298 56
88 159 24
88 200 0
88 206 95
88 89 15
88 271 93
88 220 57
88 93 57
88 222 22
88 97 21
88 235 26
88 111 26
88 246 70
88 247 53
89 135 29
89 272 95
89 274 38
89 151 70
89 286 81
89 160 27
89 174 25
89 202 71
89 208 42
89 219 91
89 93 53
89 230 48
89 108 76
89 117 25
89 118 100
89 120 99
89 249 98
90 128 82
90 264 37
90 144 89
90 274 51
90 150 18
90 163 69
90 169 92
90 177 63
90 211 92
90 102 39
90 161 51
90 108 34
90 109 25
90 124 61
91 256 81
91 129 82
91 261 41
91 272 67
91 150 95
91 151 52
91 287 1
91 160 0
91 161 58
91 165 99
91 169 28
91 188 75
91 95 94
91 232 95
91 107 74
91 251 43
92 130 45
92 261 22
92 260 35
92 258 50
92 142 98
92 276 15
92 278 65
92 153 10
92 160 17
92 290 0
92 173 41
92 190 38
92 199 80
92 209 33
92 97 61
92 235 68
92 108 87
92 248 26
92 254 59
93 129 40
93 130 59
93 282 24
93 277 56
93 211 98
93 264 0
93 127 61
93 213 91
93 228 96
93 122 71
93 283 35
93 285 58
94 257 96
94 141 52
94 280 40
94 283 12
94 288 9
94 167 83
94 170 74
94 176 62
94 197 13
94 198 81
94 205 24
94 214 81
94 106 31
94 245 16
94 247 41
94 120 7
94 121 47
94 125 49
94 126 14
95 262 49
95 264 64
95 274 37
95 150 60
95 157 58
95 219 86
95 292 32
95 176 90
95 179 55
95 193 76
95 195 47
95 223 1
95 228 81
95 230 85
95 232 31
95 247 51
95 122 97
95 254 92
96 107 79
96 292 36
96 211 88
96 114 85
96 270 34
96 208 14
96 147 32
96 118 15
96 183 73
96 281 72
96 187 13
96 156 16
96 189 23
96 247 90
97 259 33
97 260 3
97 133 73
97 266 91
97 283 71
97 158 63
97 160 16
97 163 14
97 292 53
97 293 36
97 295 70
97 287 14
97 191 59
97 199 58
97 248 87
97 100 35
97 108 13
97 242 91
97 120 27
98 237 62
98 289 60
98 162 16
98 294 56
98 198 12
98 257 60
98 265 8
98 183 2
98 109 56
98 201 92
98 157 79
98 101 3
99 256 31
99 259 69
99 133 54
99 276 2
99 153 70
99 284 84
99 160 75
99 161 57
99 201 65
99 217 75
99 220 84
99 221 65
99 223 84
99 224 88
99 272 62
99 228 97
99 106 88
99 236 50
99 112 50
99 248 36
99 124 39
99 254 86
100 256 75
100 257 85
100 129 83
100 268 40
100 144 65
100 274 61
100 284 22
100 290 55
100 165 100
100 294 33
100 299 94
100 190 80
100 192 100
100 194 39
100 206 12
100 208 73
100 242 91
100 247 17
100 122 15
100 254 20
101 151 84
101 149 46
101 157 33
101 289 27
101 175 46
101 184 71
101 191 30
101 195 3
101 199 38
101 204 14
101 224 15
101 104 21
101 235 58
101 249 88
101 123 5
102 136 73
102 142 16
102 147 58
102 148 72
102 288 100
102 164 39
102 296 9
102 297 85
102 263 84
102 209 52
102 185 35
102 217 10
102 104 10
102 233 15
102 111 35
102 118 72
102 248 22
102 249 1
103 139 79
103 268 80
103 273 69
103 276 39
103 277 58
103 281 56
103 287 77
103 298 43
103 177 47
103 203 42
103 209 58
103 221 88
103 108 91
103 238 36
103 239 89
103 247 40
103 148 39
103 127 74
104 264 11
104 137 81
104 266 89
104 130 24
104 279 87
104 171 73
104 181 27
104 187 62
104 290 44
104 209 5
104 222 99
104 109 45
104 112 21
104 241 29
104 115 37
104 117 73
104 249 22
104 123 91
105 130 57
105 132 72
105 265 57
105 146 97
105 175 96
105 294 55
105 167 61
105 298 25
105 173 27
105 189 90
105 195 34
105 207 55
105 225 68
105 239 47
105 120 53
106 258 4
106 261 50
106 267 53
106 274 0
106 153 11
106 281 100
106 285 67
106 162 3
106 186 41
106 191 42
106 199 42
106 203 98
106 205 71
106 269 87
106 217 90
106 225 70
106 237 60
106 113 95
106 121 62
107 143 92
107 149 3
107 282 30
107 155 62
107 154 90
107 286 99
107 168 25
107 181 78
107 189 6
107 199 45
107 229 10
107 231 42
107 236 30
107 246 34
107 119 11
107 122 3
107 251 56
108 128 87
108 136 9
108 115 13
108 183 9
108 192 38
108 198 39
108 222 33
108 224 36
108 229 58
108 236 57
108 110 70
108 243 73
108 244 88
108 119 0
109 264 27
109 137 77
109 268 36
109 147 77
109 152 46
109 281 89
109 167 6
109 265 15
109 206 9
109 223 91
109 112 61
109 247 65
110 224 96
110 261 30
110 296 97
110 145 37
110 275 26
110 212 94
110 264 62
110 216 60
110 158 36
111 197 31
111 195 96
111 230 29
111 167 4
111 170 57
111 114 42
111 272 92
111 175 13
111 273 16
111 116 42
111 186 42
111 221 14
111 127 86
112 263 40
112 264 44
112 138 31
112 140 82
112 147 1
112 287 69
112 161 9
112 180 34
112 203 71
112 227 45
112 115 15
112 245 54
112 251 65
112 123 75
112 253 42
112 255 9
113 262 38
113 264 98
113 154 9
113 158 23
113 159 2
113 166 24
113 296 41
113 170 45
113 175 61
113 178 59
113 185 100
113 297 80
113 221 46
113 242 8
113 116 55
113 247 74
113 252 69
113 277 71
114 134 52
114 136 96
114 152 66
114 147 39
114 150 80
114 280 89
114 154 2
114 157 80
114 288 48
114 296 69
114 297 15
114 298 71
114 204 26
114 225 51
114 238 98
114 251 21
115 135 36
115 265 93
115 138 65
115 269 100
115 274 98
115 279 37
115 156 34
115 164 96
115 297 76
115 179 45
115 195 94
115 197 75
115 204 90
115 218 68
115 219 79
115 144 88
115 229 80
115 240 87
115 245 23
115 250 48
115 127 39
116 128 34
116 257 3
116 132 42
116 145 30
116 154 60
116 163 43
116 167 36
116 172 13
116 177 54
116 192 44
116 196 16
116 214 8
116 215 4
116 217 19
116 227 61
116 120 97
116 122 25
116 127 71
117 257 13
117 261 77
117 135 72
117 266 65
117 270 56
117 272 23
117 149 23
117 154 89
117 161 91
117 294 37
117 295 64
117 168 45
117 298 90
117 178 29
117 185 15
117 287 21
117 190 43
117 231 65
117 122 8
118 198 81
118 137 25
118 119 56
118 175 5
118 248 67
118 274 100
118 214 46
118 216 28
118 250 75
118 123 34
118 284 74
118 125 44
118 222 38
118 255 82
119 260 59
119 129 4
119 266 39
119 267 87
119 143 38
119 273 46
119 150 98
119 281 50
119 284 84
119 294 97
119 216 61
119 218 67
119 240 97
119 245 92
119 120 29
120 256 59
120 265 76
120 267 44
120 281 75
120 284 84
120 293 34
120 175 18
120 181 83
120 235 71
120 122 74
121 257 10
121 258 17
121 135 69
121 277 64
121 152 96
121 157 30
121 292 48
121 179 42
121 183 59
121 193 74
121 214 67
121 238 1
121 246 99
121 247 43
121 255 12
122 256 54
122 235 58
122 267 65
122 268 94
122 271 60
122 287 8
122 290 66
122 221 89
122 195 64
122 196 46
122 208 57
122 220 94
122 124 91
122 247 33
122 252 100
122 126 100
122 127 77
123 136 72
123 144 97
123 280 61
123 152 98
123 155 54
123 285 33
123 287 80
123 168 57
123 169 25
123 298 56
123 199 66
123 204 16
123 215 60
123 241 6
123 245 1
123 250 65
124 135 39
124 266 85
124 144 27
124 281 47
124 156 62
124 287 57
124 288 30
124 169 92
124 174 88
124 182 98
124 201 77
124 190 93
124 191 69
124 196 71
124 183 39
124 241 46
124 242 71
125 131 98
125 263 4
125 265 95
125 266 38
125 269 18
125 273 17
125 149 64
125 150 86
125 282 88
125 155 16
125 285 91
125 175 65
125 179 65
125 211 32
125 213 22
125 225 83
125 228 6
125 229 28
125 238 60
125 240 99
126 131 32
126 148 22
126 277 52
126 278 83
126 159 12
126 162 47
126 166 64
126 172 78
126 176 36
126 182 25
126 195 53
126 200 28
126 217 95
126 241 58
127 130 78
127 131 53
127 145 38
127 276 21
127 157 74
127 286 78
127 287 47
127 174 48
127 180 99
127 192 78
127 197 59
127 199 15
127 200 100
127 214 43
127 216 73
127 226 64
127 236 63
127 253 27
128 131 2
128 135 89
128 264 49
128 265 90
128 140 14
128 152 0
128 282 72
128 283 29
128 162 40
128 298 1
128 179 47
128 215 74
128 216 75
128 222 47
128 231 33
128 248 15
128 252 20
128 255 54
129 260 24
129 262 74
129 268 94
129 269 2
129 148 63
129 277 54
129 164 88
129 165 70
129 171 73
129 175 53
129 201 45
129 208 4
129 218 33
129 230 70
129 239 65
129 244 53
129 245 25
129 249 54
130 131 59
130 261 42
130 264 56
130 259 48
130 283 68
130 297 3
130 170 69
130 191 12
130 196 67
130 202 78
130 274 29
130 218 32
130 222 89
130 146 16
130 238 61
130 244 96
131 171 48
131 135 31
131 138 21
131 267 67
131 140 20
131 274 70
131 147 59
131 153 83
131 284 54
131 285 13
131 158 26
131 179 6
131 192 0
131 139 60
131 200 83
131 202 55
131 220 15
131 247 63
132 261 67
132 144 7
132 152 37
132 282 24
132 155 31
132 290 50
132 170 49
132 195 89
132 201 52
132 210 96
132 218 84
132 236 84
132 237 23
132 240 88
132 241 85
132 244 56
132 245 43
132 148 82
133 134 71
133 135 22
133 267 16
133 274 54
133 160 47
133 292 67
133 262 15
133 298 14
133 139 59
133 208 50
133 245 60
133 246 34
134 258 27
134 135 50
134 276 63
134 151 53
134 154 41
134 157 70
134 286 12
134 159 82
134 294 93
134 172 61
134 177 28
134 184 9
134 188 86
134 212 42
134 235 59
134 238 64
134 255 22
135 264 13
135 142 7
135 150 66
135 288 52
135 164 35
135 299 27
135 173 74
135 175 78
135 176 36
135 184 11
135 197 46
135 198 40
135 200 96
135 214 1
135 219 38
135 222 42
135 252 29
135 249 59
135 250 20
135 254 35
136 261 20
136 263 6
136 138 38
136 142 0
136 143 40
136 149 9
136 160 10
136 161 91
136 290 72
136 176 17
136 187 18
136 189 31
136 197 93
136 198 41
136 140 62
136 219 38
136 238 53
136 243 57
137 274 95
137 276 36
137 149 17
137 279 43
137 280 60
137 155 68
137 163 1
137 292 25
137 172 10
137 173 55
137 186 92
137 194 98
137 233 81
137 234 82
137 237 47
137 244 28
137 247 61
137 253 42
138 271 24
138 277 28
138 294 81
138 296 19
138 297 6
138 173 83
138 177 45
138 187 46
138 192 51
138 194 45
138 202 68
138 224 33
138 225 54
138 226 53
138 242 11
138 252 52
139 262 28
139 264 31
139 275 3
139 153 19
139 158 33
139 292 63
139 181 51
139 188 81
139 217 100
139 219 59
139 187 4
139 242 95
139 147 83
139 252 82
140 266 6
140 297 7
140 170 1
140 299 91
140 172 45
140 174 46
140 192 47
140 195 74
140 196 26
140 198 18
140 200 24
140 204 25
140 211 94
140 218 23
140 224 48
140 231 50
141 268 74
141 145 3
141 147 3
141 149 70
141 150 80
141 279 47
141 160 72
141 289 25
141 168 68
141 297 11
141 173 66
141 174 55
141 179 38
141 182 2
141 164 63
141 207 40
141 217 98
141 241 45
141 255 4
142 256 16
142 260 25
142 267 39
142 144 66
142 275 38
142 151 80
142 283 19
142 164 44
142 294 14
142 172 6
142 178 32
142 202 73
142 224 24
142 234 10
142 239 6
142 247 16
143 145 49
143 151 54
143 153 95
143 158 53
143 294 85
143 167 6
143 169 76
143 170 5
143 299 35
143 176 27
143 204 69
143 205 88
143 226 75
143 243 75
144 258 88
144 146 49
144 275 97
144 149 14
144 280 16
144 281 6
144 286 93
144 165 82
144 299 44
144 193 93
144 200 99
144 208 34
144 228 39
144 229 35
144 238 21
145 264 47
145 280 67
145 156 16
145 157 44
145 162 48
145 168 66
145 174 73
145 175 4
145 180 73
145 196 36
145 206 53
145 209 50
145 212 13
145 241 11
145 250 39
146 288 69
146 240 43
146 187 56
146 202 2
146 171 15
146 192 21
146 290 21
146 241 10
146 282 49
146 220 72
147 268 14
147 271 15
147 161 87
147 167 50
147 188 24
147 189 90
147 246 59
148 258 4
148 271 39
148 149 68
148 151 95
148 175 10
148 182 90
148 189 66
148 190 49
148 195 50
148 201 86
148 210 37
148 211 53
149 258 10
149 265 10
149 270 100
149 271 30
149 150 39
149 280 42
149 289 13
149 172 95
149 180 17
149 245 10
149 220 47
149 246 17
150 260 68
150 272 25
150 278 30
150 280 94
150 159 37
150 288 13
150 169 86
150 171 27
150 181 7
150 194 19
150 208 32
150 227 49
150 253 78
151 256 1
151 262 41
151 288 73
151 289 17
151 175 59
151 196 5
151 203 30
151 212 5
151 206 51
151 230 43
151 275 22
152 256 36
152 271 17
152 279 9
152 157 100
152 292 74
152 294 44
152 167 51
152 299 61
152 212 71
152 213 77
152 214 70
152 223 18
152 225 58
152 227 65
152 231 29
152 236 80
152 244 88
152 247 25
152 251 85
152 252 36
152 298 85
152 254 78
153 269 87
153 290 19
153 262 90
153 294 90
153 187 72
153 189 74
153 190 95
153 198 18
153 201 9
153 206 48
153 208 1
153 209 43
153 211 36
153 215 80
153 216 21
153 271 92
153 224 57
153 233 67
153 247 91
154 258 72
154 260 68
154 262 55
154 273 33
154 275 50
154 281 70
154 158 62
154 162 17
154 242 91
154 175 59
154 192 13
154 212 27
154 215 61
154 225 19
154 232 32
154 240 34
155 257 63
155 263 46
155 273 90
155 277 52
155 278 30
155 160 81
155 170 93
155 176 84
155 264 39
155 178 11
155 190 17
155 210 17
155 218 27
155 219 62
155 228 50
155 242 57
155 255 71
156 226 15
156 292 97
156 165 69
156 198 76
156 284 50
156 205 0
156 249 77
156 217 74
156 252 33
156 232 5
157 287 41
157 296 84
157 175 64
157 183 42
157 205 33
157 216 92
157 219 98
157 235 95
157 247 73
158 259 92
158 276 76
158 280 82
158 283 94
158 289 29
158 293 92
158 297 52
158 173 10
158 180 19
158 191 65
158 200 68
158 268 39
158 165 5
158 227 8
158 230 36
158 246 96
159 288 63
159 291 61
159 262 75
159 296 29
159 180 27
159 181 90
159 194 45
159 207 42
159 209 20
159 211 88
159 271 21
159 228 79
160 166 83
160 295 4
160 182 100
160 192 45
160 218 72
160 222 40
160 234 12
160 235 4
160 240 83
160 242 92
160 244 11
160 254 93
161 256 44
161 277 5
161 279 65
161 287 15
161 294 31
161 177 75
161 179 90
161 183 82
161 203 62
161 227 14
161 221 84
161 275 0
162 270 63
162 280 45
162 282 0
162 287 33
162 182 87
162 187 7
162 192 29
162 215 86
162 219 2
162 220 1
162 252 24
163 259 23
163 274 78
163 275 14
163 286 2
163 164 90
163 295 36
163 179 18
163 181 74
163 184 64
163 187 44
163 190 85
163 198 37
163 207 38
163 208 89
163 209 86
163 212 13
163 225 42
163 231 86
163 241 30
163 243 28
163 250 32
163 253 39
164 192 67
164 195 19
164 234 94
164 236 37
164 175 17
164 219 0
164 183 90
164 184 23
164 251 28
164 223 28
165 291 36
165 263 52
165 200 20
165 220 73
165 204 90
165 207 21
165 239 6
165 280 45
165 182 100
165 218 38
165 255 36
166 292 73
166 261 61
166 198 53
166 199 26
166 210 69
166 264 35
166 183 86
166 196 40
166 228 26
166 293 78
167 263 29
167 279 58
167 286 50
167 287 18
167 288 75
167 298 40
167 192 62
167 194 47
167 199 94
167 200 38
167 205 66
167 214 36
167 224 70
167 248 85
168 258 37
168 261 25
168 281 80
168 285 6
168 286 32
168 295 11
168 284 86
168 178 78
168 179 84
168 181 57
168 198 46
168 290 15
168 215 100
168 224 16
168 273 60
168 243 68
168 248 75
168 249 63
169 259 66
169 277 62
169 282 77
169 287 30
169 295 47
169 175 8
169 183 60
169 199 57
169 209 57
169 233 90
169 244 69
169 247 26
170 261 52
170 262 19
170 290 46
170 182 60
170 197 45
170 230 24
170 238 9
170 255 81
171 256 58
171 224 37
171 278 40
171 267 79
171 204 58
171 178 61
171 247 57
171 201 18
171 251 71
172 272 87
172 278 31
172 279 51
172 188 46
172 203 83
172 205 62
172 219 6
172 222 94
172 243 96
172 253 87
173 274 72
173 276 45
173 277 12
173 282 63
173 290 28
173 182 54
173 184 87
173 185 65
173 187 46
173 190 43
173 200 33
173 269 0
173 244 30
174 270 79
174 282 12
174 294 87
174 298 43
174 180 81
174 204 52
174 205 24
174 221 64
174 222 86
174 242 26
175 258 39
175 299 67
175 279 29
175 296 56
175 298 47
175 178 63
175 194 95
175 267 83
175 201 19
175 229 41
175 234 53
175 249 51
176 258 70
176 261 63
176 285 26
176 286 74
176 294 95
176 296 35
176 181 36
176 183 46
176 185 93
176 206 91
176 226 88
176 229 14
176 236 70
177 270 58
177 273 15
177 280 95
177 185 20
177 188 48
177 198 68
177 199 78
177 205 12
177 228 39
177 296 66
177 243 38
178 288 26
178 289 96
178 224 34
178 299 71
178 207 22
178 272 43
178 279 18
178 188 81
178 253 39
178 213 24
179 285 50
179 286 42
179 292 0
179 298 93
179 299 99
179 180 82
179 188 65
179 204 69
179 269 90
179 249 1
179 219 10
179 225 48
179 238 96
179 253 38
179 296 52
179 252 20
180 256 20
180 188 80
180 189 61
180 204 96
180 229 82
180 273 51
180 233 18
180 237 55
181 257 61
181 259 99
181 260 36
181 269 1
181 292 100
181 188 47
181 201 43
181 203 40
181 207 32
181 220 95
181 237 70
181 244 1
181 249 6
182 259 0
182 267 21
182 276 23
182 283 100
182 294 80
182 197 2
182 236 90
182 189 62
182 241 31
183 236 47
183 270 45
183 282 27
183 293 5
183 199 71
184 258 27
184 263 1
184 285 93
184 296 17
184 199 9
184 213 33
184 216 63
184 218 37
184 224 13
184 227 73
184 248 94
185 192 28
185 290 21
185 259 8
185 199 0
185 194 80
185 298 37
185 211 39
185 245 59
185 246 31
185 264 55
185 287 32
186 259 18
186 193 34
186 200 42
186 236 49
186 237 44
186 208 87
186 285 12
186 281 51
186 298 64
186 234 62
186 255 24
187 260 56
187 265 59
187 269 6
187 283 48
187 293 68
187 202 89
187 205 33
187 213 87
187 214 21
187 225 49
187 226 86
187 231 29
187 248 23
187 249 19
188 265 74
188 266 38
188 268 76
188 269 54
188 272 89
188 274 8
188 290 54
188 212 8
189 258 38
189 244 16
189 193 50
189 273 1
189 191 4
190 290 39
190 276 71
190 209 50
190 264 10
190 207 92
190 273 77
190 259 35
190 246 81
191 256 9
191 275 62
191 277 15
191 280 22
191 289 14
191 292 98
191 294 55
191 299 42
191 215 21
191 238 100
191 240 100
191 241 11
191 249 3
192 277 8
192 280 53
192 265 67
192 293 93
192 193 63
192 238 47
192 241 38
193 256 39
193 266 26
193 279 95
193 283 78
193 231 10
193 246 52
193 253 36
194 282 36
194 283 6
194 299 96
194 206 31
194 212 20
194 226 67
194 233 11
194 234 66
194 254 58
195 265 54
195 283 38
195 200 78
195 207 16
195 209 80
195 253 61
196 270 50
196 274 33
196 299 75
196 204 80
196 212 59
196 228 12
196 239 39
196 240 67
197 290 51
197 227 49
197 246 6
197 231 49
197 232 7
197 233 0
197 216 86
198 270 66
198 276 37
198 277 31
198 210 21
198 217 49
198 222 18
198 229 93
199 202 26
199 206 48
199 222 24
199 237 66
199 238 70
199 247 19
199 250 85
200 284 2
200 288 43
200 263 90
200 208 41
200 272 3
200 230 27
200 210 49
200 240 39
200 252 73
201 259 24
201 263 17
201 267 50
201 257 0
201 204 5
201 207 36
201 213 47
201 220 98
201 230 78
201 246 41
202 204 85
202 212 14
202 213 6
202 221 9
202 251 16
202 253 78
203 292 58
203 268 21
203 289 86
203 272 20
203 219 54
203 253 71
204 268 89
204 270 71
204 275 21
204 283 59
204 292 8
204 209 67
204 225 18
204 242 82
204 243 45
205 264 60
205 268 40
205 269 13
205 273 31
205 281 3
205 283 97
205 288 25
205 291 70
205 298 43
205 299 62
205 210 58
205 219 2
205 221 45
205 224 96
205 237 53
205 241 70
205 253 79
206 270 6
206 279 73
206 208 85
206 220 90
206 280 42
206 226 4
207 261 15
207 264 92
207 267 15
207 276 65
207 280 25
207 285 34
207 247 51
207 220 31
207 233 100
207 253 11
208 273 9
208 293 40
208 294 44
208 297 27
208 218 97
209 256 7
209 282 87
209 285 56
209 288 44
209 290 43
209 220 21
209 217 72
209 218 46
209 224 9
209 228 89
209 238 22
209 249 10
210 258 72
210 268 9
210 270 60
210 278 8
210 293 74
210 216 3
210 243 6
210 244 79
210 276 86
210 254 29
211 256 56
211 267 25
211 222 5
211 230 0
211 238 40
211 240 52
211 248 65
212 256 48
212 265 40
212 270 99
212 276 23
212 285 57
212 298 87
212 299 92
212 215 37
212 280 37
212 223 3
212 228 83
212 237 17
212 238 36
213 257 4
213 268 67
213 273 70
213 281 76
213 295 64
213 297 17
213 215 22
213 219 18
213 220 47
213 222 11
213 233 90
213 236 34
213 240 33
213 244 6
213 251 32
214 262 100
214 268 55
214 269 13
214 272 36
214 278 41
214 279 53
214 217 1
214 219 87
214 233 70
214 246 54
214 247 47
214 255 95
215 263 8
215 274 61
215 284 80
215 288 84
215 290 43
215 298 32
215 221 68
215 225 89
215 228 93
215 234 56
215 249 41
216 270 68
216 273 2
216 275 67
216 282 21
216 283 74
216 298 80
216 217 51
216 239 96
216 243 68
217 268 26
217 273 91
217 285 90
217 291 0
217 295 87
217 298 37
217 222 16
217 223 18
217 224 0
218 264 65
218 272 96
218 293 89
218 219 100
218 244 88
219 272 19
219 227 64
219 228 67
219 246 33
220 263 24
220 293 81
220 295 44
221 257 57
221 274 21
221 231 13
221 235 29
221 246 70
222 256 93
222 262 3
222 268 9
222 224 98
222 225 92
222 227 20
222 249 67
223 268 86
223 270 11
223 274 34
223 278 98
223 281 39
223 284 33
223 234 40
223 235 15
223 240 35
223 247 21
224 275 24
224 241 39
224 243 98
225 267 36
225 227 30
225 228 61
225 230 93
225 241 5
225 254 99
226 268 35
226 241 54
226 255 61
227 274 25
227 290 99
227 264 64
227 234 30
227 254 57
228 256 74
228 264 22
228 258 6
228 277 68
228 291 84
228 241 79
228 242 44
229 232 36
229 233 42
229 275 53
229 271 75
229 284 57
230 275 63
230 294 78
231 291 59
231 239 81
231 237 0
231 238 58
231 273 29
231 242 11
232 234 73
232 282 15
232 252 11
232 293 58
232 253 24
233 260 85
233 263 20
233 235 14
233 239 19
234 296 69
234 297 8
234 249 38
235 256 69
235 276 78
235 277 68
235 286 33
235 287 25
236 281 19
236 240 40
236 244 57
237 258 35
237 270 26
237 276 38
237 289 77
237 295 34
237 239 5
238 267 57
238 268 78
238 284 19
238 285 72
238 242 2
238 250 15
239 256 48
239 268 41
239 288 77
239 296 99
239 244 29
239 282 49
240 256 98
240 279 4
240 285 30
240 286 11
240 291 53
240 298 83
240 294 96
240 274 86
241 263 13
241 265 7
241 294 48
241 244 42
241 254 49
241 246 64
241 248 77
241 253 83
243 267 4
243 273 64
244 271 64
244 279 98
244 291 41
245 266 17
245 280 30
245 292 80
245 247 60
245 255 98
246 271 93
246 278 78
246 281 39
246 291 61
246 249 44
247 281 73
247 284 13
247 289 97
247 292 80
247 294 67
247 270 63
248 264 9
248 265 98
248 275 5
248 281 95
249 260 66
249 268 31
249 274 39
249 286 51
249 288 42
250 263 12
250 288 37
250 289 41
252 257 29
252 261 44
252 262 32
252 273 27
252 276 73
252 297 63
253 265 78
253 292 17
254 262 100
254 280 78
254 281 4
254 285 44
254 287 66
255 257 86
255 258 50
255 299 41
255 261 33
255 270 74
255 272 45
255 285 99
255 286 13
255 287 18
255 262 7
256 257 47
256 264 2
256 269 44
256 293 17
258 274 51
258 282 93
259 270 39
260 263 71
260 273 19
260 289 94
261 262 21
261 263 62
261 267 4
261 277 63
262 290 97
263 264 57
263 266 28
263 269 89
263 274 9
263 282 66
263 297 83
264 272 0
264 287 4
264 293 74
264 286 34
264 267 91
265 279 9
265 285 72
265 299 83
266 293 63
266 278 87
266 283 50
266 297 2
266 286 84
267 272 58
268 280 20
268 281 16
268 290 37
268 296 38
268 298 71
269 287 14
269 290 18
269 291 60
269 296 61
269 297 63
270 278 81
270 293 63
270 299 8
271 274 49
271 275 4
271 296 9
272 274 62
272 292 58
272 295 32
273 290 74
273 278 19
273 299 76
274 278 28
275 277 80
275 296 82
276 281 73
276 291 99
276 293 97
276 295 46
277 292 11
277 298 67
278 299 97
278 292 25
279 299 77
280 286 76
280 295 18
280 299 26
282 287 58
282 284 28
283 285 80
283 294 21
284 290 57
284 294 20
285 293 74
287 293 47
287 295 5
287 296 41
288 297 90
289 294 1
289 297 61
291 292 54
293 297 38
