300 4000
0 128 13
0 3 40
0 6 21
0 136 41
0 151 76
0 280 62
0 28 44
0 285 39
0 293 18
0 298 95
0 71 39
0 76 66
0 210 79
0 94 34
0 223 15
0 97 21
0 102 13
0 111 90
0 244 81
0 121 25
0 122 22
0 123 95
0 124 87
0 126 98
1 256 30
1 129 44
1 258 91
1 138 91
1 268 73
1 144 63
1 17 78
1 164 94
1 43 66
1 47 73
1 55 47
1 58 49
1 192 89
1 65 4
1 67 44
1 207 98
1 208 38
1 213 88
1 217 38
1 94 14
1 230 75
1 108 2
1 238 42
1 252 14
1 85 70
2 4 30
2 262 76
2 7 58
2 264 96
2 141 53
2 271 13
2 21 28
2 22 85
2 24 45
2 164 29
2 294 73
2 167 20
2 168 78
2 43 1
2 46 94
2 183 47
2 186 14
2 60 7
2 62 45
2 194 54
2 209 54
2 217 16
2 93 47
2 96 9
2 228 27
2 232 88
2 233 87
2 235 69
2 238 0
2 111 77
2 116 52
2 122 61
2 251 28
3 129 38
3 262 25
3 268 10
3 274 25
3 147 31
3 148 68
3 284 16
3 292 56
3 134 21
3 41 22
3 170 8
3 176 81
3 56 87
3 60 94
3 65 74
3 201 67
3 76 15
3 209 81
3 214 78
3 87 64
3 96 96
3 248 100
4 258 42
4 13 69
4 16 49
4 278 89
4 30 21
4 33 53
4 34 82
4 70 50
4 49 20
4 299 13
4 175 24
4 177 78
4 186 95
4 95 6
4 198 79
4 206 28
4 209 33
4 223 15
4 230 21
4 104 24
4 112 3
4 115 94
4 244 85
4 245 17
4 120 14
5 130 100
5 269 18
5 88 23
5 18 86
5 152 77
5 281 81
5 155 90
5 197 68
5 33 39
5 296 30
5 46 41
5 48 77
5 181 75
5 54 47
5 187 96
5 190 74
5 191 69
5 64 54
5 69 83
5 74 33
5 80 23
5 120 34
5 84 19
5 216 60
5 118 86
5 246 53
5 247 9
5 248 11
5 249 74
5 252 34
5 125 16
5 254 24
5 255 7
6 279 21
6 21 90
6 22 44
6 151 51
6 283 8
6 157 55
6 159 64
6 290 98
6 291 24
6 172 17
6 223 89
6 31 61
6 60 47
6 191 1
6 70 40
6 78 42
6 80 0
6 216 85
6 95 37
6 105 18
6 106 39
6 109 66
6 239 22
6 117 93
6 246 93
7 129 9
7 131 63
7 264 80
7 272 13
7 148 23
7 21 26
7 279 67
7 47 41
7 287 13
7 160 85
7 162 34
7 283 58
7 37 28
7 294 56
7 167 11
7 40 16
7 298 99
7 174 59
7 175 42
7 177 98
7 180 70
7 185 32
7 204 50
7 248 4
7 219 85
7 97 48
7 16 44
7 106 47
7 235 37
7 109 34
7 238 44
7 240 5
7 120 17
7 249 21
7 234 90
8 224 14
8 34 55
8 219 91
8 292 90
8 37 82
8 134 8
8 49 82
8 9 79
8 298 72
8 194 75
8 46 6
8 175 10
8 144 12
8 216 40
8 149 26
8 279 49
8 280 98
8 132 91
8 58 56
8 27 10
8 29 73
9 257 3
9 261 14
9 267 87
9 271 74
9 25 62
9 26 72
9 157 67
9 133 7
9 164 6
9 293 44
9 172 42
9 173 94
9 177 36
9 50 72
9 179 69
9 66 98
9 86 61
9 87 21
9 92 84
9 225 72
9 240 5
9 251 72
10 258 76
10 262 3
10 263 71
10 14 50
10 145 24
10 147 80
10 148 63
10 281 57
10 286 55
10 161 57
10 35 56
10 39 7
10 296 19
10 176 87
10 178 6
10 184 62
10 192 75
10 69 46
10 74 31
10 84 78
10 89 3
10 94 46
10 97 97
10 98 19
10 100 10
10 103 37
10 233 61
10 236 48
10 110 80
10 240 52
10 114 61
10 124 66
10 125 87
11 262 33
11 268 76
11 149 39
11 150 98
11 24 93
11 160 10
11 293 15
11 167 25
11 50 68
11 186 3
11 95 40
11 63 29
11 288 92
11 66 11
11 68 35
11 197 3
11 199 20
11 206 79
11 84 64
11 223 59
11 165 76
11 102 16
11 110 12
11 239 76
11 240 13
11 116 4
11 254 54
12 128 2
12 136 86
12 138 51
12 273 63
12 18 9
12 281 3
12 293 100
12 170 6
12 50 77
12 193 35
12 204 99
12 77 28
12 79 87
12 82 86
12 215 16
12 217 91
12 218 8
12 91 43
12 229 53
12 109 56
12 243 34
12 250 24
13 260 94
13 133 51
13 263 98
13 151 37
13 14 9
13 17 76
13 146 88
13 147 1
13 278 71
13 23 50
13 24 14
13 282 98
13 28 12
13 31 18
13 288 87
13 161 48
13 293 73
13 295 12
13 298 55
13 174 38
13 48 21
13 287 57
13 68 15
13 197 31
13 70 78
13 200 86
13 73 64
13 78 1
13 209 35
13 214 68
13 218 53
13 98 99
13 242 76
13 115 83
13 247 93
14 288 92
14 48 23
14 130 15
14 291 76
14 228 98
14 197 21
14 104 17
14 268 25
14 173 38
14 78 10
14 208 71
14 200 3
14 232 95
14 293 78
14 280 68
14 98 85
14 29 86
14 159 48
15 149 100
15 274 16
15 147 100
15 21 66
15 150 43
15 155 95
15 156 48
15 30 21
15 159 42
15 293 23
15 294 53
15 174 3
15 175 98
15 184 85
15 59 78
15 190 17
15 66 31
15 195 62
15 70 2
15 205 13
15 86 33
15 215 7
15 218 1
15 219 83
15 226 12
15 231 43
15 232 48
15 109 45
15 113 40
15 119 94
15 249 20
15 277 97
16 259 87
16 142 15
16 145 71
16 155 85
16 30 14
16 33 65
16 43 92
16 174 13
16 177 17
16 178 24
16 57 20
16 63 4
16 68 93
16 204 22
16 208 48
16 211 23
16 214 19
16 216 49
16 219 15
16 224 59
16 228 56
16 242 10
16 244 24
17 260 43
17 138 89
17 274 20
17 149 36
17 154 53
17 287 8
17 293 8
17 39 89
17 41 35
17 173 28
17 50 96
17 51 86
17 52 91
17 181 45
17 66 41
17 69 5
17 198 61
17 200 3
17 79 40
17 211 93
17 214 24
17 220 9
17 224 65
18 256 55
18 266 22
18 271 93
18 144 45
18 23 75
18 26 2
18 27 9
18 90 66
18 164 24
18 165 17
18 295 2
18 181 11
18 53 47
18 64 33
18 193 76
18 212 68
18 215 4
18 216 1
18 217 73
18 218 82
18 223 80
18 99 78
18 101 58
18 107 79
18 242 69
18 249 40
18 251 48
19 262 4
19 267 22
19 273 32
19 274 22
19 278 33
19 155 85
19 160 22
19 296 80
19 298 29
19 44 55
19 173 64
19 183 26
19 56 13
19 57 4
19 186 50
19 195 61
19 69 89
19 83 8
19 212 56
19 93 71
19 222 37
19 225 57
19 238 80
19 241 94
19 245 3
19 120 52
19 125 72
20 96 17
20 296 19
20 170 1
20 107 24
20 205 24
20 274 1
20 58 53
20 186 41
21 256 86
21 144 82
21 218 98
21 286 27
21 289 41
21 165 68
21 298 95
21 45 49
21 178 48
21 179 98
21 63 41
21 199 33
21 205 93
21 173 90
21 90 15
21 222 32
21 96 66
21 255 6
22 259 73
22 140 13
22 239 73
22 131 55
22 148 3
22 154 18
22 27 3
22 156 80
22 44 56
22 57 86
22 58 58
22 187 77
22 194 52
22 199 32
22 74 50
22 82 57
22 185 0
22 92 18
22 59 64
22 111 84
22 241 93
22 123 50
23 257 38
23 259 99
23 129 53
23 137 93
23 270 2
23 150 31
23 282 11
23 155 43
23 154 67
23 30 11
23 293 18
23 167 91
23 42 23
23 56 94
23 185 74
23 187 34
23 60 12
23 65 60
23 78 83
23 141 93
23 210 25
23 193 1
23 216 80
23 220 97
23 95 82
23 238 16
23 112 10
24 261 36
24 264 65
24 266 72
24 149 60
24 157 95
24 160 0
24 161 15
24 34 78
24 35 62
24 167 54
24 42 19
24 178 77
24 52 7
24 182 19
24 58 67
24 191 72
24 32 94
24 78 71
24 214 76
24 220 8
24 226 18
24 232 14
24 105 19
24 236 89
24 110 52
24 244 58
24 120 66
24 249 5
24 122 100
24 124 9
25 137 22
25 142 70
25 148 46
25 150 97
25 153 6
25 27 80
25 157 12
25 283 72
25 294 28
25 39 76
25 285 65
25 177 8
25 54 18
25 190 58
25 70 56
25 84 38
25 216 94
25 221 53
25 97 63
25 166 79
25 108 91
25 237 6
25 119 19
26 240 43
26 54 53
26 202 7
26 210 94
26 79 66
26 208 29
26 273 36
26 146 38
26 246 8
26 137 79
26 250 7
26 271 54
26 252 56
26 287 4
27 257 97
27 43 98
27 153 64
27 29 50
27 30 25
27 289 43
27 163 89
27 295 26
27 299 56
27 178 66
27 51 88
27 180 54
27 52 7
27 201 92
27 202 89
27 217 8
27 105 4
27 108 0
27 112 4
27 245 69
27 123 62
27 253 34
28 258 19
28 262 73
28 156 43
28 36 92
28 165 48
28 167 86
28 169 29
28 173 35
28 46 11
28 58 25
28 187 52
28 76 12
28 80 53
28 210 84
28 284 48
28 220 18
28 225 85
28 235 96
28 236 40
28 111 2
28 117 1
28 124 29
29 140 7
29 271 75
29 273 87
29 275 19
29 276 50
29 151 24
29 30 52
29 293 5
29 54 61
29 56 4
29 61 5
29 190 22
29 196 37
29 208 49
29 87 56
29 226 45
29 103 99
29 239 71
29 124 80
30 135 24
30 137 25
30 281 77
30 282 1
30 284 28
30 91 45
30 43 46
30 184 98
30 67 83
30 71 20
30 200 39
30 73 82
30 85 55
30 214 76
30 271 77
30 101 6
30 99 93
30 229 69
30 232 2
30 114 92
30 116 37
30 121 91
30 122 13
30 255 4
30 127 39
31 257 95
31 266 3
31 268 89
31 274 45
31 281 13
31 157 67
31 35 87
31 166 67
31 41 38
31 180 9
31 54 85
31 189 91
31 197 22
31 71 48
31 201 8
31 202 82
31 76 37
31 207 39
31 208 69
31 79 90
31 95 19
31 107 52
31 240 78
31 243 1
31 297 87
31 250 6
31 123 30
31 253 45
31 255 47
32 224 41
32 288 15
32 227 49
32 103 32
32 63 78
32 106 56
32 299 49
32 172 100
32 110 45
32 75 30
32 245 32
32 250 84
32 155 58
32 253 80
32 255 55
33 258 37
33 262 56
33 137 0
33 269 99
33 145 13
33 277 42
33 280 83
33 155 34
33 161 37
33 291 16
33 165 85
33 42 59
33 184 48
33 65 55
33 66 96
33 207 32
33 80 12
33 211 69
33 84 2
33 216 77
33 218 8
33 103 36
33 111 98
33 112 22
33 241 48
33 120 36
34 142 54
34 143 1
34 283 42
34 163 95
34 174 24
34 54 81
34 55 97
34 189 14
34 73 1
34 219 71
34 94 1
34 223 95
34 229 9
34 231 37
34 113 48
34 117 3
34 252 2
34 125 69
34 127 38
35 256 69
35 149 85
35 152 93
35 286 25
35 160 34
35 161 12
35 290 11
35 50 93
35 287 23
35 63 63
35 65 20
35 70 39
35 199 13
35 202 63
35 88 62
35 89 98
35 93 38
35 222 39
35 96 98
35 229 32
35 104 0
35 236 17
35 122 19
36 260 61
36 133 64
36 135 80
36 169 14
36 299 15
36 50 100
36 51 60
36 185 82
36 189 57
36 76 14
36 247 34
36 204 33
36 77 63
36 207 37
36 88 97
36 225 66
36 100 81
36 102 34
36 117 46
36 119 8
36 125 89
37 152 66
37 148 73
37 280 25
37 160 30
37 38 37
37 295 90
37 48 21
37 136 54
37 51 5
37 57 30
37 59 19
37 191 50
37 199 59
37 76 56
37 84 77
37 214 98
37 87 95
37 216 17
37 101 21
37 233 17
37 237 87
37 239 18
37 119 2
37 249 0
38 268 9
38 278 43
38 153 99
38 168 48
38 170 46
38 44 63
38 46 2
38 179 56
38 57 84
38 71 77
38 77 16
38 207 89
38 214 82
38 90 65
38 224 6
38 100 37
38 230 6
38 103 61
38 233 63
38 112 56
38 116 72
38 245 3
38 253 86
39 263 90
39 257 70
39 195 44
39 68 23
39 262 17
39 65 90
39 42 51
39 167 40
39 144 38
39 180 38
39 181 39
39 246 82
39 183 79
39 152 32
39 260 63
40 289 26
40 163 87
40 196 20
40 293 67
40 70 22
40 232 17
40 267 65
40 205 42
40 78 74
40 173 88
40 49 71
40 147 83
40 276 23
40 152 92
40 148 9
40 218 43
40 284 95
40 133 47
41 257 34
41 267 60
41 273 85
41 281 96
41 290 62
41 292 88
41 172 47
41 174 50
41 183 28
41 64 95
41 65 21
41 197 9
41 119 74
41 206 21
41 208 57
41 220 53
41 221 30
41 96 10
41 99 25
41 230 84
41 113 49
41 115 98
41 247 61
41 249 98
41 250 80
42 131 16
42 260 78
42 262 56
42 137 7
42 266 84
42 268 41
42 278 93
42 281 20
42 158 30
42 168 65
42 176 94
42 59 99
42 188 54
42 204 82
42 76 0
42 208 53
42 81 84
42 213 38
42 218 93
42 91 57
42 232 9
42 107 99
42 238 89
42 240 93
42 241 94
42 248 38
42 125 48
43 256 68
43 131 34
43 260 63
43 133 9
43 262 81
43 266 50
43 258 56
43 271 72
43 284 4
43 161 90
43 177 86
43 180 63
43 184 87
43 58 25
43 191 61
43 195 0
43 226 30
43 205 63
43 216 100
43 79 33
43 272 9
43 98 100
43 229 45
43 104 24
43 245 28
43 246 80
43 120 82
44 171 23
44 278 10
44 262 41
44 138 51
44 270 69
44 155 69
44 157 12
44 299 18
44 47 34
44 51 71
44 184 73
44 67 4
44 74 91
44 76 42
44 209 57
44 83 39
44 212 79
44 87 21
44 103 54
44 107 20
44 239 12
44 285 79
44 118 55
44 123 58
44 252 32
45 258 0
45 133 3
45 147 3
45 276 1
45 278 46
45 283 87
45 167 78
45 168 13
45 180 66
45 54 36
45 57 1
45 58 28
45 188 10
45 65 41
45 195 47
45 75 67
45 208 94
45 210 55
45 214 78
45 99 44
45 231 41
45 105 95
45 109 41
45 240 58
45 243 51
45 126 22
46 267 95
46 141 92
46 272 54
46 145 96
46 152 79
46 283 90
46 163 73
46 48 94
46 136 19
46 51 10
46 53 85
46 55 51
46 57 43
46 65 78
46 194 19
46 73 13
46 212 11
46 89 52
46 218 71
46 232 33
46 235 85
46 236 56
46 237 77
46 114 20
46 244 81
46 249 6
46 250 5
47 272 97
47 274 20
47 73 85
47 284 8
47 168 79
47 177 47
47 50 67
47 181 50
47 54 26
47 183 8
47 56 29
47 63 72
47 195 67
47 198 27
47 201 69
47 100 38
47 106 56
47 108 97
47 237 19
47 238 97
47 114 60
47 243 62
47 245 71
47 250 61
47 125 1
48 256 66
48 128 27
48 132 13
48 136 74
48 275 8
48 149 36
48 159 5
48 240 57
48 169 13
48 171 65
48 173 28
48 184 30
48 58 74
48 64 13
48 193 95
48 67 88
48 70 67
48 72 71
48 56 76
48 211 64
48 226 11
48 112 98
48 118 21
48 125 6
48 254 30
49 256 67
49 259 75
49 263 77
49 141 84
49 275 88
49 154 24
49 282 76
49 157 29
49 159 24
49 168 55
49 171 60
49 93 57
49 181 44
49 194 27
49 196 93
49 72 5
49 76 15
49 206 45
49 80 76
49 221 2
49 232 5
49 235 21
49 247 99
49 122 54
49 126 62
50 256 50
50 129 76
50 131 86
50 133 83
50 262 85
50 266 70
50 141 26
50 144 59
50 153 33
50 284 95
50 289 78
50 163 8
50 166 93
50 156 90
50 171 16
50 174 98
50 128 44
50 52 71
50 187 53
50 60 26
50 62 56
50 209 61
50 85 25
50 59 36
50 230 52
50 103 100
50 117 84
50 120 11
50 122 53
50 126 24
51 258 36
51 135 16
51 139 69
51 274 94
51 147 54
51 278 99
51 166 29
51 295 24
51 168 19
51 176 96
51 188 72
51 199 17
51 207 91
51 210 9
51 85 64
51 219 63
51 96 54
51 97 83
51 233 14
51 234 32
51 236 34
51 113 74
51 105 8
51 248 68
51 127 38
52 256 90
52 257 31
52 102 82
52 96 9
52 143 100
52 210 86
52 246 53
52 119 25
52 282 8
52 184 56
52 284 20
52 285 27
53 134 64
53 135 94
53 140 20
53 270 31
53 159 45
53 60 18
53 194 91
53 67 56
53 198 16
53 72 80
53 77 80
53 205 85
53 213 51
53 86 42
53 215 28
53 216 68
53 99 9
53 232 34
53 237 34
53 110 47
53 240 55
53 242 43
53 243 31
53 247 27
54 153 38
54 283 4
54 174 27
54 55 89
54 58 46
54 187 3
54 66 50
54 67 74
54 197 13
54 77 88
54 78 76
54 209 39
54 85 97
54 219 76
54 220 90
54 96 64
54 99 43
54 115 90
55 129 11
55 130 65
55 133 11
55 134 88
55 267 13
55 152 45
55 281 16
55 292 98
55 177 72
55 182 21
55 183 38
55 81 98
55 85 55
55 123 98
55 103 14
55 238 1
55 239 18
55 247 28
55 249 25
55 251 22
55 253 48
56 132 40
56 136 7
56 270 28
56 271 38
56 279 34
56 288 72
56 291 19
56 164 51
56 181 56
56 185 3
56 188 46
56 189 98
56 77 67
56 81 39
56 163 86
56 142 7
56 218 0
56 229 67
56 102 33
56 104 23
56 107 89
56 236 27
57 256 6
57 131 60
57 136 64
57 142 47
57 144 37
57 273 10
57 284 96
57 157 27
57 286 98
57 159 41
57 288 28
57 166 26
57 264 59
57 183 8
57 287 97
57 68 78
57 200 36
57 201 16
57 270 61
57 216 9
57 90 85
57 219 80
57 234 42
57 110 79
57 126 64
58 262 91
58 215 15
58 272 98
58 279 61
58 156 23
58 158 83
58 164 11
58 70 92
58 168 80
58 298 73
58 180 26
58 181 49
58 185 85
58 223 41
58 191 34
58 64 80
58 66 83
58 198 20
58 202 10
58 75 94
58 206 73
58 85 11
58 87 13
58 217 41
58 95 36
58 234 36
58 236 20
58 115 31
58 118 79
58 250 60
58 170 30
59 260 34
59 266 22
59 271 87
59 161 82
59 290 99
59 172 41
59 173 43
59 180 90
59 184 9
59 187 46
59 66 78
59 68 59
59 72 14
59 218 4
59 220 19
59 95 84
59 103 22
59 231 84
59 243 23
59 245 95
59 253 16
59 126 74
60 132 86
60 271 58
60 278 8
60 160 1
60 291 36
60 296 4
60 173 28
60 175 24
60 183 94
60 191 31
60 194 20
60 71 62
60 77 17
60 83 4
60 213 64
60 216 12
60 98 25
60 229 95
60 235 38
60 117 33
61 257 48
61 194 55
61 291 81
61 229 4
61 65 42
61 161 13
61 168 53
61 106 9
61 108 64
61 237 53
61 240 22
61 141 57
61 173 36
61 138 85
61 89 47
61 122 5
61 111 14
61 221 4
61 261 85
62 129 53
62 264 49
62 137 55
62 142 56
62 154 83
62 159 36
62 295 88
62 299 59
62 242 76
62 188 12
62 66 77
62 204 24
62 78 36
62 211 73
62 90 3
62 95 3
62 232 8
62 233 6
62 106 92
62 114 24
62 115 47
62 252 24
63 136 41
63 266 8
63 277 25
63 279 65
63 284 91
63 297 79
63 82 43
63 212 17
63 90 27
63 105 97
63 107 11
63 210 80
63 238 87
63 250 98
63 123 6
63 125 4
64 129 96
64 263 6
64 149 43
64 278 54
64 156 87
64 286 96
64 163 67
64 292 15
64 165 47
64 298 79
64 171 72
64 80 0
64 211 84
64 135 33
64 93 9
64 105 60
64 107 80
64 109 0
64 243 29
64 116 50
64 117 35
64 246 42
64 255 51
65 133 38
65 267 87
65 268 90
65 271 59
65 153 38
65 155 1
65 157 22
65 158 62
65 292 35
65 165 64
65 219 47
65 182 42
65 199 86
65 211 4
65 215 65
65 216 37
65 91 31
65 232 64
65 234 76
65 243 70
65 121 59
65 122 46
66 257 9
66 132 82
66 263 14
66 140 99
66 142 82
66 152 77
66 162 28
66 293 1
66 167 62
66 169 1
66 173 25
66 184 46
66 182 25
66 83 38
66 90 55
66 98 46
66 235 35
66 241 48
66 246 13
66 248 46
66 250 26
66 125 41
67 261 96
67 172 79
67 274 83
67 148 61
67 278 0
67 289 47
67 293 26
67 295 36
67 168 69
67 299 34
67 191 93
67 72 41
67 73 12
67 80 14
67 217 97
67 91 28
67 230 4
67 117 60
67 121 52
67 122 59
68 147 57
68 277 23
68 158 33
68 291 55
68 164 57
68 179 49
68 183 45
68 184 72
68 189 99
68 192 28
68 202 16
68 204 8
68 82 28
68 85 97
68 221 2
68 222 61
68 232 56
68 233 69
68 106 90
68 235 13
68 110 53
68 241 28
68 242 22
68 244 99
68 253 86
69 263 8
69 273 42
69 269 89
69 271 12
69 276 13
69 238 13
69 151 33
69 152 28
69 281 7
69 154 9
69 156 50
69 297 77
69 173 46
69 179 2
69 189 5
69 78 54
69 94 77
69 223 71
69 96 37
69 231 52
69 105 72
69 110 89
69 241 66
69 114 39
69 153 78
69 253 72
69 255 65
70 128 7
70 258 2
70 260 23
70 150 19
70 152 89
70 154 96
70 293 37
70 178 32
70 179 69
70 296 51
70 78 35
70 80 85
70 211 13
70 212 52
70 206 32
70 214 94
70 217 10
70 271 14
70 93 61
70 225 60
70 98 50
70 236 17
70 113 35
71 260 58
71 133 87
71 134 77
71 138 56
71 141 12
71 275 7
71 148 51
71 277 25
71 160 17
71 175 85
71 182 82
71 198 86
71 83 14
71 88 71
71 217 64
71 221 56
71 95 31
71 105 41
71 235 32
72 257 100
72 262 60
72 263 50
72 138 5
72 267 98
72 275 24
72 280 10
72 281 38
72 155 48
72 163 17
72 164 33
72 172 18
72 179 15
72 188 86
72 97 9
72 73 93
72 74 68
72 206 55
72 84 14
72 85 43
72 225 17
72 226 20
72 227 10
72 105 6
72 107 24
72 112 30
72 246 94
72 119 78
72 249 65
73 257 40
73 131 35
73 260 12
73 143 52
73 146 29
73 147 3
73 174 77
73 156 89
73 287 96
73 296 76
73 178 10
73 196 74
73 198 95
73 87 36
73 88 0
73 217 36
73 220 48
73 223 58
73 224 52
73 231 53
74 128 46
74 246 18
74 194 85
74 103 98
74 138 64
74 240 6
74 287 0
74 214 31
74 152 47
74 122 5
74 283 11
74 284 38
74 234 80
74 280 89
75 132 42
75 263 100
75 136 81
75 140 67
75 146 70
75 277 72
75 286 84
75 159 20
75 162 62
75 163 96
75 294 92
75 295 46
75 171 93
75 176 63
75 185 65
75 287 91
75 193 77
75 207 51
75 218 11
75 226 91
75 231 68
75 105 11
75 237 9
75 252 95
76 136 90
76 265 49
76 259 71
76 276 83
76 153 15
76 165 4
76 179 18
76 180 47
76 185 71
76 189 47
76 191 65
76 197 55
76 201 59
76 77 50
76 215 12
76 217 61
76 99 27
76 131 67
76 111 30
76 115 21
77 256 62
77 131 54
77 134 31
77 144 95
77 274 78
77 155 40
77 286 37
77 186 80
77 190 87
77 193 38
77 213 23
77 87 7
77 91 47
77 94 8
77 97 10
77 104 21
77 106 14
78 256 17
78 131 17
78 264 11
78 266 43
78 145 52
78 155 53
78 285 3
78 158 34
78 166 1
78 170 12
78 174 17
78 178 90
78 188 54
78 194 39
78 79 71
78 210 13
78 280 86
78 94 86
78 103 83
78 236 15
78 82 43
78 110 70
78 242 1
78 120 35
79 192 45
79 130 87
79 131 73
79 228 23
79 146 90
79 232 48
79 139 63
79 173 56
79 178 67
79 85 6
79 292 85
79 188 65
79 126 37
80 257 100
80 258 8
80 261 71
80 271 90
80 148 12
80 162 15
80 294 86
80 298 54
80 287 4
80 204 90
80 205 87
80 94 99
80 228 30
80 105 24
80 106 35
80 276 3
81 267 9
81 268 25
81 109 31
81 150 82
81 152 43
81 154 46
81 291 46
81 180 14
81 244 59
81 187 55
81 194 38
81 200 40
81 208 64
81 90 44
81 219 19
81 220 29
81 232 89
81 237 15
81 112 40
81 116 58
81 119 37
82 257 79
82 132 47
82 150 27
82 264 18
82 141 80
82 271 44
82 272 59
82 282 41
82 286 66
82 253 94
82 85 2
82 92 35
82 226 83
82 229 30
82 230 34
82 105 69
82 235 31
82 237 12
82 111 94
82 241 70
82 233 2
82 250 75
82 102 93
83 256 43
83 235 20
83 158 72
83 290 61
83 295 5
83 177 44
83 182 30
83 183 76
83 214 27
83 215 73
83 88 5
83 219 91
83 220 77
83 227 10
83 234 77
83 167 83
83 238 90
84 264 65
84 137 48
84 271 37
84 154 97
84 90 50
84 170 69
84 197 43
84 204 52
84 205 31
84 87 79
84 218 67
84 221 73
84 223 17
84 231 62
84 238 36
84 113 16
84 250 81
85 260 83
85 261 92
85 134 55
85 265 84
85 144 27
85 161 84
85 176 90
85 177 0
85 185 98
85 194 7
85 212 85
85 215 13
85 108 34
85 110 28
85 249 82
85 125 27
85 126 45
86 160 67
86 204 7
86 179 22
86 296 66
86 138 59
86 203 1
86 109 87
86 205 34
86 174 24
86 211 65
86 180 31
86 214 52
86 297 42
86 90 76
86 123 50
86 93 40
86 222 36
86 223 66
87 258 84
87 259 1
87 263 25
87 272 68
87 151 5
87 295 70
87 174 81
87 180 84
87 196 41
87 203 70
87 207 19
87 222 99
87 231 50
87 108 19
87 123 91
87 126 77
88 262 39
88 270 36
88 145 9
88 157 78
88 288 69
88 289 73
88 290 9
88 178 29
88 162 36
88 213 11
88 217 74
88 99 86
88 100 13
88 109 43
88 244 77
88 121 67
88 253 21
89 259 66
89 133 73
89 268 26
89 148 76
89 149 10
89 283 73
89 285 39
89 170 72
89 179 67
89 155 87
89 199 68
89 206 2
89 207 10
89 99 99
89 93 33
89 223 36
89 225 6
89 227 3
89 111 38
89 243 27
89 118 24
89 119 45
89 254 99
90 260 16
90 271 65
90 148 49
90 277 43
90 283 47
90 187 9
90 219 32
90 234 61
90 235 99
90 245 11
90 124 22
90 125 80
91 133 0
91 264 95
91 137 81
91 271 43
91 272 43
91 146 36
91 290 3
91 291 53
91 171 28
91 175 69
91 136 60
91 199 15
91 205 31
91 209 4
91 222 18
91 226 66
91 229 57
91 239 64
91 113 75
91 243 5
91 244 71
91 247 80
91 253 31
92 262 19
92 136 43
92 267 88
92 141 31
92 273 85
92 279 80
92 157 60
92 134 64
92 178 41
92 180 96
92 186 97
92 188 53
92 205 47
92 104 48
92 233 31
92 106 26
92 110 77
92 247 27
92 123 21
93 154 74
93 289 35
93 291 94
93 165 83
93 169 3
93 181 96
93 194 71
93 201 56
93 204 53
93 206 40
93 210 4
93 213 49
93 215 3
93 94 25
93 102 84
93 232 35
93 240 33
93 241 84
94 132 98
94 133 33
94 135 20
94 136 15
94 147 38
94 149 12
94 280 66
94 162 66
94 170 9
94 174 44
94 189 14
94 192 84
94 222 55
94 231 81
94 249 86
94 122 34
94 125 45
95 256 34
95 258 89
95 147 5
95 156 66
95 160 79
95 291 7
95 297 26
95 176 56
95 183 70
95 191 52
95 229 5
95 232 47
95 237 72
95 110 69
95 113 55
95 114 29
95 117 21
95 122 56
95 123 70
96 128 83
96 147 92
96 152 83
96 282 87
96 284 31
96 162 8
96 299 21
96 193 81
96 100 86
96 108 48
96 116 4
96 253 15
97 129 88
97 133 92
97 267 71
97 268 96
97 276 75
97 151 48
97 283 61
97 295 66
97 169 11
97 298 87
97 198 61
97 199 92
97 216 17
97 226 60
97 103 37
97 235 53
97 239 43
97 246 43
97 247 65
97 120 93
97 251 59
98 131 51
98 132 96
98 238 36
98 286 58
98 161 30
98 180 89
98 204 21
98 208 11
98 209 11
98 102 25
98 108 75
98 237 98
98 110 20
98 114 39
98 251 14
98 252 78
99 137 40
99 270 8
99 154 41
99 282 20
99 162 9
99 175 64
99 184 100
99 191 48
99 192 99
99 197 9
99 142 10
99 100 58
99 230 71
99 235 72
99 115 15
100 297 84
100 106 74
100 206 77
100 241 56
100 179 1
100 254 51
100 150 63
100 151 96
100 218 26
100 122 78
100 186 88
100 286 61
101 128 73
101 129 57
101 258 12
101 131 87
101 141 79
101 146 97
101 276 14
101 152 85
101 281 84
101 156 60
101 285 33
101 287 60
101 160 75
101 172 45
101 286 43
101 187 81
101 194 68
101 205 79
101 216 31
101 231 79
101 232 73
101 234 72
101 112 71
101 242 80
101 248 70
101 126 27
102 256 16
102 278 95
102 264 84
102 266 70
102 276 41
102 150 76
102 157 65
102 168 91
102 170 13
102 188 13
102 198 93
102 211 59
102 220 25
102 230 15
102 107 59
102 238 54
102 243 10
102 298 75
103 275 69
103 283 16
103 167 61
103 181 95
103 138 31
103 206 26
103 208 23
103 210 80
103 227 44
103 166 18
103 230 33
103 105 72
103 237 88
103 118 47
103 247 80
104 133 79
104 136 14
104 143 100
104 152 20
104 292 26
104 172 76
104 191 42
104 195 87
104 196 58
104 202 100
104 205 99
104 208 37
104 120 69
104 230 16
104 106 86
104 235 0
104 239 30
104 117 50
104 248 3
104 124 61
105 128 94
105 137 2
105 152 20
105 159 28
105 292 81
105 297 72
105 172 7
105 182 6
105 183 43
105 196 7
105 206 7
105 212 0
105 218 82
105 224 95
105 227 8
105 234 75
105 108 21
105 111 31
105 241 16
105 249 61
105 251 38
105 254 75
106 132 23
106 136 36
106 267 44
106 269 41
106 142 27
106 149 75
106 154 78
106 293 59
106 177 95
106 181 34
106 191 1
106 160 27
106 194 56
106 202 30
106 221 92
106 165 97
106 225 98
106 108 27
106 118 100
106 119 19
106 253 94
107 259 85
107 263 69
107 142 90
107 271 98
107 272 91
107 167 3
107 296 47
107 173 13
107 159 98
107 191 52
107 199 33
107 213 63
107 187 77
107 228 98
107 113 77
107 244 27
107 248 3
107 126 10
108 137 48
108 138 77
108 143 92
108 279 25
108 152 96
108 155 13
108 165 37
108 296 82
108 183 51
108 187 37
108 193 56
108 291 96
108 221 60
108 226 59
108 229 4
108 230 0
108 111 80
108 241 51
108 242 38
108 120 27
109 259 30
109 134 39
109 140 75
109 144 21
109 145 26
109 276 15
109 283 68
109 290 98
109 173 1
109 180 83
109 184 86
109 193 99
109 196 70
109 202 52
109 119 21
109 220 75
109 221 23
109 233 38
109 236 96
109 240 55
109 244 99
109 247 93
110 129 54
110 262 35
110 136 4
110 269 68
110 276 62
110 149 69
110 150 22
110 281 6
110 159 12
110 291 44
110 298 59
110 188 56
110 192 54
110 139 56
110 196 61
110 209 0
110 211 82
110 232 25
110 112 82
110 113 42
110 120 60
110 122 93
111 262 80
111 143 41
111 279 76
111 157 85
111 164 14
111 294 42
111 170 60
111 173 14
111 198 41
111 221 79
111 223 94
111 239 97
112 257 12
112 131 15
112 260 69
112 133 25
112 139 99
112 274 79
112 147 89
112 277 67
112 150 69
112 281 83
112 283 62
112 285 10
112 169 99
112 174 100
112 190 49
112 202 0
112 205 12
112 223 94
112 231 8
112 239 75
112 244 32
112 247 98
112 122 53
112 127 32
113 129 100
113 179 89
113 257 77
113 140 0
113 142 59
113 271 32
113 277 19
113 285 3
113 159 75
113 173 25
113 157 16
113 181 97
113 202 59
113 290 22
113 208 76
113 213 43
113 248 83
114 130 46
114 272 97
114 281 98
114 155 28
114 290 87
114 283 76
114 168 45
114 174 16
114 186 48
114 193 13
114 205 39
114 213 71
114 239 71
114 116 14
115 264 23
115 267 73
115 151 94
115 132 35
115 296 2
115 186 37
115 187 2
115 192 93
115 206 3
115 269 69
115 209 48
115 224 19
115 229 27
115 238 80
115 120 79
115 124 7
115 253 63
116 257 61
116 134 10
116 135 60
116 130 18
116 271 24
116 275 28
116 162 77
116 170 53
116 299 30
116 198 0
116 211 6
116 236 12
116 118 84
116 127 8
117 128 70
117 132 48
117 265 60
117 271 36
117 275 92
117 161 21
117 163 0
117 292 73
117 297 21
117 190 92
117 209 41
117 214 7
117 127 11
118 129 94
118 258 3
118 134 63
118 139 21
118 268 11
118 269 21
118 142 5
118 153 87
118 282 84
118 171 90
118 177 35
118 183 32
118 211 44
118 240 33
119 268 10
119 154 65
119 163 41
119 167 82
119 296 19
119 173 53
119 189 66
119 196 35
119 199 50
119 140 14
119 211 13
119 220 94
119 121 78
119 234 53
119 255 23
120 128 94
120 171 57
120 262 62
120 264 15
120 278 15
120 280 51
120 283 97
120 191 0
120 202 17
120 206 20
120 245 70
120 247 32
120 255 66
121 197 18
121 134 44
121 231 35
121 161 63
121 202 68
121 199 29
121 143 10
121 209 17
121 234 78
121 181 80
121 280 18
121 283 54
121 157 56
121 149 39
122 128 39
122 130 54
122 139 82
122 143 88
122 144 64
122 280 33
122 274 0
122 155 17
122 156 96
122 162 64
122 297 30
122 183 22
122 202 57
122 190 9
122 209 16
122 291 44
122 220 60
122 222 55
122 273 28
122 239 65
122 189 41
122 123 91
123 257 5
123 130 23
123 299 71
123 260 47
123 139 27
123 270 66
123 291 77
123 170 16
123 171 25
123 175 54
123 183 65
123 197 10
123 203 43
123 227 64
123 229 5
123 234 57
123 238 93
123 249 58
124 130 100
124 259 89
124 150 6
124 145 29
124 275 96
124 278 14
124 283 35
124 162 76
124 165 37
124 294 42
124 298 2
124 171 49
124 285 50
124 181 16
124 211 82
124 226 77
124 166 3
124 231 42
124 235 84
124 246 38
124 248 98
125 263 86
125 269 97
125 148 8
125 150 96
125 279 49
125 161 34
125 162 86
125 291 29
125 164 88
125 294 81
125 168 51
125 173 63
125 174 50
125 176 75
125 184 61
125 186 21
125 187 12
125 289 38
125 203 41
125 141 70
125 209 81
125 219 52
125 220 32
125 228 55
125 234 29
126 257 66
126 260 31
126 133 92
126 256 8
126 277 54
126 150 80
126 285 87
126 288 53
126 294 1
126 167 11
126 182 32
126 217 15
126 226 69
126 241 17
126 251 95
127 288 100
127 129 46
127 198 97
127 134 23
127 233 94
127 144 56
127 171 21
127 238 99
127 273 93
127 219 15
127 220 53
127 190 89
128 171 63
128 260 54
128 150 35
128 266 78
128 276 70
128 278 51
128 297 94
128 299 69
128 172 7
128 185 91
128 215 20
128 220 98
128 230 96
129 256 15
129 137 57
129 268 66
129 271 11
129 281 72
129 282 93
129 286 2
129 292 24
129 241 49
129 178 88
129 197 42
129 211 63
129 221 53
129 224 95
130 258 73
130 262 76
130 136 45
130 267 41
130 141 7
130 273 99
130 158 86
130 171 84
130 174 65
130 187 19
130 221 50
130 222 10
130 224 8
130 237 37
130 245 28
130 248 33
130 255 95
131 137 41
131 273 64
131 155 45
131 161 55
131 290 49
131 204 1
131 218 96
131 224 28
131 244 26
131 297 29
132 136 62
132 268 99
132 194 63
132 278 41
132 281 11
132 161 87
132 164 24
132 177 81
132 174 67
132 180 22
132 182 63
132 195 6
132 208 37
132 217 12
132 226 74
132 230 70
132 231 57
132 239 92
132 248 67
132 252 80
133 135 15
133 270 82
133 281 88
133 166 79
133 181 61
133 189 73
133 192 9
133 206 25
133 218 24
133 222 4
133 226 41
133 248 64
134 256 75
134 269 51
134 142 90
134 272 91
134 278 67
134 280 63
134 153 60
134 166 49
134 169 29
134 299 81
134 177 11
134 181 59
134 197 35
134 201 92
134 217 89
135 256 32
135 258 38
135 227 69
135 292 100
135 230 65
135 259 67
135 266 32
135 236 39
135 215 55
135 196 22
135 166 12
135 213 70
136 138 29
136 147 88
136 278 33
136 260 77
136 286 26
136 163 93
136 293 56
136 295 52
136 174 87
136 177 3
136 189 85
136 196 11
136 210 97
136 185 91
136 255 79
137 273 87
137 156 18
137 287 58
137 284 53
137 180 60
137 188 75
137 209 69
137 216 61
137 244 48
138 258 10
138 267 92
138 142 25
138 149 61
138 152 32
138 281 97
138 172 4
138 174 89
138 194 94
138 196 16
138 213 27
138 218 66
138 223 44
138 248 88
138 250 15
138 277 96
139 262 60
139 266 19
139 141 5
139 270 11
139 150 98
139 152 6
139 167 54
139 180 5
139 191 94
139 192 79
139 203 97
139 208 59
139 210 64
139 219 90
139 230 82
139 244 39
139 254 2
140 163 42
140 172 91
140 170 3
140 204 85
140 240 31
140 178 96
140 213 15
140 214 10
140 248 16
140 188 75
140 191 89
141 282 88
141 158 90
141 164 46
141 297 53
141 186 22
141 269 28
141 222 95
141 225 65
141 254 37
142 261 35
142 265 72
142 268 61
142 149 81
142 282 43
142 154 99
142 164 19
142 167 43
142 191 26
142 198 4
142 214 50
142 222 87
142 231 68
142 239 37
143 260 50
143 261 22
143 274 92
143 152 66
143 153 39
143 156 40
143 158 72
143 162 77
143 183 80
143 232 85
143 290 74
143 226 57
143 241 6
143 248 100
144 259 45
144 262 62
144 154 10
144 156 2
144 161 53
144 164 90
144 299 0
144 172 25
144 191 57
144 200 13
144 212 95
144 243 50
145 271 71
145 146 32
145 277 33
145 282 84
145 157 45
145 186 59
145 190 55
145 198 99
145 201 27
145 205 47
145 218 2
145 220 28
145 227 60
145 228 78
145 230 9
146 167 39
146 264 63
146 171 60
146 273 6
146 270 14
146 155 44
146 181 14
146 279 88
146 219 93
146 284 41
147 280 9
147 160 26
147 292 95
147 165 66
147 183 80
147 190 45
147 217 37
147 233 83
147 243 51
147 244 9
147 250 76
148 149 24
148 155 73
148 285 69
148 290 20
148 291 95
148 192 0
148 224 47
148 225 61
148 241 51
148 247 90
148 255 34
149 260 3
149 261 3
149 150 26
149 155 41
149 160 39
149 161 40
149 181 26
149 191 99
149 206 93
149 210 72
149 216 18
149 226 13
149 236 68
149 244 87
149 247 32
150 265 47
150 279 56
150 287 12
150 240 80
150 297 7
150 177 10
150 179 73
150 207 55
150 221 28
150 254 90
150 153 57
151 257 91
151 266 70
151 278 6
151 162 9
151 295 3
151 170 4
151 198 30
151 199 63
151 215 95
151 221 42
151 222 59
151 227 19
151 232 24
151 225 32
151 255 2
152 262 90
152 265 93
152 270 50
152 272 41
152 279 15
152 280 68
152 155 32
152 159 38
152 166 17
152 170 24
152 172 64
152 177 38
152 181 62
152 186 3
152 191 32
152 196 81
152 208 51
152 211 40
152 240 48
152 242 67
152 250 6
153 193 35
153 155 28
153 167 29
153 297 62
153 211 20
153 244 89
153 246 100
153 220 82
153 221 9
154 265 26
154 275 66
154 157 48
154 159 83
154 289 55
154 296 79
154 171 88
154 175 85
154 194 34
154 195 98
154 196 73
154 205 95
154 227 84
154 217 99
154 218 97
154 233 31
154 236 58
154 239 51
154 243 71
154 244 47
154 212 75
154 254 13
155 257 34
155 260 38
155 273 58
155 162 23
155 295 37
155 169 35
155 180 55
155 185 68
155 205 89
155 237 44
155 238 37
155 243 58
156 259 3
156 262 35
156 278 31
156 164 44
156 170 97
156 177 43
156 189 13
156 196 14
156 198 83
156 199 18
156 207 52
156 230 86
156 239 97
156 240 78
157 259 79
157 278 9
157 279 83
157 162 7
157 292 74
157 172 44
157 178 8
157 179 69
157 205 93
157 164 1
157 229 90
157 232 72
157 242 47
157 246 0
158 266 95
158 173 96
158 174 82
158 177 51
158 180 70
158 182 59
158 188 71
158 190 71
158 201 24
158 212 89
158 217 56
158 227 81
158 228 49
158 241 16
158 247 11
158 298 56
158 253 74
159 265 62
159 266 78
159 277 20
159 287 95
159 164 36
159 170 25
159 172 62
159 181 97
159 187 63
159 198 54
159 205 64
159 209 10
159 210 57
159 211 55
159 217 80
159 220 90
159 224 41
159 227 48
159 228 31
159 252 67
160 265 73
160 289 51
160 296 69
160 298 36
160 299 68
160 198 35
160 202 84
160 225 93
160 165 34
160 161 2
160 249 54
160 255 9
161 267 9
161 278 61
161 279 44
161 280 11
161 260 56
161 290 9
161 164 8
161 168 88
161 169 71
161 174 46
161 181 2
161 193 97
161 196 93
161 201 57
161 163 82
161 214 54
161 223 43
162 270 11
162 280 86
162 283 35
162 297 98
162 193 53
162 203 97
162 215 35
162 251 33
163 219 39
163 171 12
163 205 13
163 271 66
163 227 88
163 279 73
164 264 9
164 180 47
164 206 43
164 184 38
164 220 53
164 223 58
165 258 49
165 260 86
165 272 98
165 277 50
165 205 78
165 222 29
165 226 70
165 241 18
166 269 67
166 270 65
166 289 30
166 292 79
166 190 28
166 193 60
166 199 48
166 202 73
166 207 41
166 206 58
166 223 3
166 249 52
166 254 40
167 268 34
167 283 56
167 284 90
167 174 17
167 176 41
167 267 24
167 218 28
167 229 81
168 257 85
168 265 54
168 270 32
168 291 25
168 297 50
168 174 28
168 177 38
168 198 47
168 206 57
168 223 79
168 226 9
168 228 9
168 245 71
169 256 14
169 276 97
169 294 1
169 298 41
169 186 46
169 197 3
169 207 22
169 210 75
169 212 28
169 223 43
169 228 28
169 236 44
169 240 36
169 242 8
169 250 40
170 273 22
170 285 19
170 296 66
170 297 80
170 299 83
170 178 50
170 200 90
170 205 11
170 226 99
170 234 20
170 237 90
170 276 20
171 264 15
171 265 13
171 272 55
171 195 87
171 279 86
171 176 85
171 189 15
171 190 85
171 203 30
171 289 5
171 204 25
171 206 69
171 210 48
171 224 14
171 226 49
171 233 90
171 248 65
172 256 32
172 291 79
172 188 79
172 201 81
172 217 96
172 224 96
172 228 0
172 235 43
172 241 36
172 242 38
172 250 9
172 252 57
173 262 12
173 267 14
173 282 47
173 288 12
173 176 38
173 177 41
173 178 10
173 183 87
173 200 33
173 202 90
173 220 76
173 238 79
173 249 91
173 250 36
173 253 35
174 266 72
174 279 9
174 285 62
174 291 62
174 184 8
174 199 51
174 249 80
175 246 65
175 265 51
175 268 8
175 204 81
175 282 94
175 253 43
176 277 13
176 282 33
176 291 47
176 185 54
176 187 44
176 189 0
176 190 73
176 191 94
176 199 44
176 201 68
176 208 29
176 223 73
176 228 2
176 233 51
176 234 76
176 295 52
176 253 95
176 250 68
177 272 5
177 198 39
177 200 65
177 203 0
177 219 81
177 226 54
177 231 17
177 253 18
177 255 25
178 257 41
178 260 75
178 270 3
178 281 16
178 287 2
178 220 0
178 181 20
178 214 65
178 215 98
178 231 41
178 246 79
178 248 43
178 298 63
179 214 24
179 262 76
179 271 98
179 278 29
179 296 69
179 297 74
179 205 72
179 212 3
179 223 28
179 232 55
179 244 62
179 252 31
179 255 83
180 264 14
180 270 16
180 279 58
180 284 28
180 226 98
180 196 73
180 200 12
180 205 58
180 187 85
181 267 88
181 273 22
181 262 47
181 182 0
181 193 33
181 289 89
181 241 13
181 204 4
181 208 32
181 215 14
181 280 1
181 235 69
181 234 94
182 195 7
182 199 94
182 296 3
182 236 7
182 254 43
182 206 95
182 209 46
182 214 47
182 187 72
182 284 22
183 263 8
183 284 54
183 296 92
183 200 71
183 203 88
183 237 61
184 259 83
184 268 60
184 273 26
184 285 16
184 294 5
184 199 91
184 201 20
184 271 89
184 222 100
184 233 38
184 252 74
185 278 3
185 270 31
185 272 35
185 281 89
185 284 11
185 289 67
185 189 49
185 198 97
185 214 16
185 218 37
185 229 66
185 235 32
185 238 24
185 242 28
186 291 45
186 200 28
186 251 27
186 187 21
186 223 6
187 283 38
187 289 98
187 290 90
187 212 38
187 232 27
187 250 62
188 273 55
188 192 63
188 213 58
188 221 6
188 236 3
188 249 20
188 253 3
189 268 75
189 274 42
189 277 100
189 196 45
189 291 19
189 299 2
189 193 47
189 210 91
189 221 50
189 231 94
189 236 87
189 251 16
189 253 72
190 263 5
190 268 13
190 283 75
190 284 48
190 293 27
190 297 34
190 209 30
190 211 85
190 216 100
190 219 86
190 294 66
190 237 50
190 248 41
191 265 1
191 268 75
191 278 45
191 286 34
191 295 72
191 248 60
191 224 5
191 225 60
191 236 72
191 241 19
191 242 82
191 204 18
192 260 32
192 272 11
192 277 85
192 278 1
192 286 98
192 193 86
192 195 76
192 206 77
192 224 98
192 230 4
192 231 81
193 266 1
193 275 49
193 279 82
193 195 27
193 197 1
193 204 20
193 211 85
193 226 99
193 239 34
193 240 58
193 247 7
194 274 33
194 283 24
194 292 25
194 218 32
194 224 50
194 245 79
194 247 40
195 199 17
195 257 36
195 207 77
195 209 87
195 213 60
195 299 2
195 271 89
195 200 26
196 271 68
196 230 32
196 236 73
196 248 22
196 251 93
197 292 74
197 262 89
197 199 47
197 209 47
197 226 22
197 228 61
197 236 54
198 280 89
198 288 15
198 284 11
198 244 42
198 211 58
198 213 61
198 242 35
198 245 59
198 252 73
199 270 57
199 276 68
199 284 10
199 289 50
199 291 78
199 298 3
199 201 77
199 208 58
199 210 94
199 213 93
199 224 15
199 211 100
199 247 83
200 290 64
200 213 22
200 268 41
200 286 96
200 278 75
200 202 22
200 255 6
201 268 97
201 275 41
201 291 100
201 206 92
201 227 31
201 221 22
201 248 81
201 250 2
201 251 46
202 261 37
202 272 65
202 293 57
202 241 28
202 211 76
202 217 81
202 222 11
202 231 95
202 235 11
202 247 83
203 278 77
203 229 25
203 262 11
203 221 74
203 291 13
203 218 45
204 256 38
204 264 92
204 267 63
204 291 61
204 293 43
204 218 40
204 220 16
204 208 17
204 237 58
204 252 56
205 258 37
205 262 5
205 274 0
205 299 5
205 251 64
206 256 20
206 263 98
206 269 18
206 280 81
206 230 98
206 243 8
206 247 41
207 261 86
207 295 56
207 252 33
207 238 42
207 239 77
207 218 37
207 283 14
208 273 0
208 274 51
208 276 66
208 283 4
208 293 32
208 215 71
208 235 52
208 245 73
208 250 46
209 256 70
209 266 14
209 226 75
209 210 35
209 230 21
209 237 23
209 238 26
210 299 13
210 263 30
210 276 85
210 283 19
210 298 54
210 279 3
210 212 54
210 217 81
210 242 12
210 297 8
211 258 50
211 274 76
211 238 20
211 280 15
211 290 61
211 229 65
211 241 96
212 259 27
212 273 58
212 276 48
212 283 46
212 285 41
212 289 71
212 294 47
212 254 62
213 221 23
213 236 3
213 252 3
213 253 61
214 275 87
214 296 46
214 218 13
214 219 31
214 230 18
215 256 92
215 286 77
215 292 47
215 293 43
215 227 71
215 243 82
216 262 59
216 264 63
216 268 91
216 276 56
216 218 58
216 221 72
216 228 41
216 254 92
217 262 34
217 269 99
217 274 40
217 277 14
217 282 0
217 287 46
217 285 52
217 234 88
217 241 86
217 249 48
218 281 73
218 286 99
218 271 20
218 237 47
219 294 34
219 297 55
219 299 91
219 234 70
220 277 52
220 280 6
220 291 88
220 299 96
220 228 89
220 236 14
220 245 39
221 248 52
222 262 55
222 272 76
222 289 47
222 229 16
222 252 20
223 260 92
223 264 57
223 274 34
223 277 81
223 284 7
223 288 91
223 296 26
223 289 11
223 232 64
223 233 5
224 268 66
224 269 89
224 270 33
224 290 58
224 228 83
224 248 8
225 267 52
225 284 60
225 279 42
225 283 98
225 285 92
225 254 52
226 293 26
226 228 19
226 229 7
226 238 57
226 246 89
227 262 21
227 269 68
227 296 69
227 298 29
227 230 40
227 237 80
227 239 15
227 243 52
227 248 7
227 251 58
228 256 44
228 282 10
228 295 100
228 297 7
228 235 88
228 240 89
229 258 15
229 259 21
229 267 62
229 232 87
229 241 41
229 245 79
229 249 55
229 252 54
230 282 52
230 299 20
230 241 34
230 244 9
231 256 64
231 271 9
231 288 5
231 297 92
231 235 78
231 245 96
231 254 74
232 275 19
232 291 54
232 293 92
232 296 44
232 248 41
232 252 65
233 260 36
233 266 57
233 288 0
233 290 47
233 234 12
233 241 9
233 243 85
233 249 79
234 262 86
234 292 2
234 295 89
234 298 100
234 236 67
234 239 88
235 284 48
236 257 89
236 272 13
236 276 48
236 283 87
236 285 8
236 293 40
236 245 33
237 256 70
237 264 14
237 278 23
237 297 74
237 238 77
237 239 82
237 254 10
238 262 40
238 278 93
238 286 22
238 254 2
239 257 39
239 271 5
239 241 96
240 275 75
240 285 80
240 245 29
241 266 87
241 272 63
241 283 44
241 285 30
241 288 51
241 293 90
241 246 55
241 247 27
241 253 78
242 260 68
242 265 13
242 269 85
242 272 87
242 280 88
242 288 7
242 251 20
243 269 81
243 271 62
243 279 53
244 260 11
244 282 60
244 284 2
244 287 84
244 253 49
244 254 60
245 256 26
245 258 8
245 261 85
245 267 95
245 278 92
245 292 55
245 296 78
245 294 62
245 248 54
245 251 61
246 257 21
246 266 99
246 268 37
246 280 50
246 248 10
247 275 67
247 278 42
247 282 86
247 291 9
247 293 6
247 298 75
247 299 92
247 250 61
248 269 35
248 260 60
248 282 65
248 283 57
248 299 97
249 283 71
249 277 53
250 257 92
250 273 48
250 275 53
250 251 13
251 263 85
251 267 95
251 284 17
251 299 10
251 254 47
252 258 70
252 272 48
252 275 54
253 287 66
254 268 46
254 271 49
254 287 57
255 290 15
255 273 35
255 279 68
255 285 0
256 258 71
256 267 14
256 275 82
257 259 16
257 276 88
257 277 35
257 281 99
258 296 77
258 293 20
259 262 91
259 276 36
259 281 74
259 299 95
260 276 70
260 273 6
261 273 19
261 270 81
261 278 70
262 269 50
262 282 88
262 292 77
263 291 11
263 298 97
263 269 34
264 271 42
264 282 3
264 288 22
265 291 17
265 296 47
265 270 37
266 273 43
266 289 96
266 294 50
267 288 81
267 292 89
268 286 90
268 292 40
269 272 69
269 293 97
269 296 21
270 272 35
270 273 81
270 287 81
270 291 15
270 293 7
270 297 25
271 273 81
272 274 79
272 288 60
273 286 58
273 295 26
273 275 87
274 279 65
274 283 62
274 275 95
275 279 28
275 285 91
275 298 3
276 282 95
276 283 98
276 297 94
276 298 19
277 282 8
277 285 47
278 283 7
278 288 23
278 292 66
278 297 15
279 292 26
280 282 56
280 295 88
281 298 43
282 291 53
282 297 45
283 288 11
284 285 30
284 287 55
284 289 13
284 298 31
285 287 15
285 288 34
285 298 79
288 292 42
289 290 7
289 296 7
290 296 33
292 293 31
294 297 64
