300 4000
0 171 5
0 4 94
0 137 88
0 267 65
0 141 2
0 16 48
0 274 9
0 275 73
0 154 37
0 283 30
0 28 74
0 36 17
0 37 28
0 38 60
0 295 14
0 297 37
0 170 99
0 299 77
0 182 83
0 9 80
0 184 99
0 187 75
0 188 19
0 190 9
0 191 57
0 197 59
0 76 19
0 86 1
0 218 3
0 231 68
0 234 33
0 110 100
0 240 22
0 243 9
0 118 97
1 140 39
1 279 2
1 155 85
1 290 56
1 163 7
1 292 46
1 37 61
1 43 49
1 173 86
1 46 60
1 27 44
1 50 63
1 243 48
1 181 3
1 184 56
1 57 0
1 59 30
1 70 59
1 203 92
1 198 2
1 75 76
1 77 48
1 291 59
1 88 81
1 225 83
1 113 45
1 83 34
1 248 48
1 250 68
1 123 49
1 252 3
2 261 53
2 7 30
2 138 68
2 143 96
2 25 99
2 28 82
2 161 65
2 36 79
2 295 45
2 42 16
2 171 57
2 50 91
2 59 56
2 69 5
2 213 43
2 91 68
2 226 77
2 108 34
2 240 91
2 245 5
2 118 80
2 252 68
3 161 8
3 195 21
3 164 3
3 165 68
3 262 47
3 223 29
3 168 60
3 105 37
3 203 35
3 12 19
3 270 59
3 264 43
3 18 88
3 227 74
3 103 25
3 73 67
3 265 45
3 88 49
3 219 4
3 86 17
3 31 12
4 129 38
4 130 37
4 259 46
4 262 90
4 137 11
4 266 64
4 141 84
4 270 68
4 275 47
4 276 19
4 160 47
4 33 71
4 6 17
4 39 5
4 169 19
4 172 26
4 176 88
4 189 65
4 62 98
4 66 18
4 206 42
4 207 92
4 80 81
4 209 91
4 82 41
4 212 28
4 208 3
4 252 1
4 243 57
4 124 70
5 132 26
5 134 87
5 263 24
5 9 73
5 11 98
5 274 79
5 151 62
5 152 5
5 155 52
5 287 29
5 27 29
5 36 48
5 296 94
5 186 62
5 191 37
5 67 46
5 204 100
5 78 5
5 89 28
5 92 57
5 231 77
5 105 62
5 103 11
5 236 64
5 118 3
5 121 23
5 253 33
6 259 5
6 8 8
6 137 69
6 145 94
6 18 10
6 19 72
6 23 76
6 280 69
6 25 29
6 286 92
6 32 58
6 38 82
6 274 64
6 43 91
6 175 51
6 50 45
6 52 9
6 55 51
6 116 87
6 186 24
6 190 52
6 74 88
6 208 38
6 152 4
6 222 41
6 224 17
6 99 19
6 273 53
6 106 36
6 109 41
6 244 11
6 120 19
6 251 71
7 257 46
7 263 23
7 268 73
7 270 76
7 272 48
7 147 75
7 149 89
7 155 32
7 159 78
7 33 13
7 163 70
7 294 15
7 167 21
7 169 70
7 47 25
7 70 98
7 77 58
7 205 99
7 84 51
7 218 9
7 94 70
7 295 76
7 241 75
7 250 6
8 257 42
8 259 39
8 260 62
8 10 4
8 142 7
8 145 85
8 276 92
8 27 68
8 32 7
8 134 19
8 45 14
8 94 51
8 57 25
8 62 44
8 79 83
8 81 75
8 82 68
8 85 40
8 89 59
8 222 47
8 223 69
8 226 19
8 232 65
8 243 98
8 245 11
8 250 26
9 143 0
9 23 62
9 281 67
9 155 56
9 285 78
9 292 90
9 167 65
9 296 92
9 171 51
9 178 72
9 52 21
9 53 47
9 201 51
9 199 6
9 72 10
9 73 50
9 207 26
9 213 29
9 91 54
9 223 82
9 96 20
9 99 12
9 108 94
9 111 60
10 261 37
10 267 17
10 141 75
10 149 43
10 152 15
10 282 70
10 160 92
10 173 91
10 181 58
10 54 43
10 58 60
10 53 0
10 64 4
10 72 95
10 208 66
10 213 38
10 90 81
10 94 40
10 234 13
10 239 28
10 118 10
10 119 29
10 250 27
10 85 89
10 127 75
11 96 81
11 97 78
11 231 14
11 264 14
11 236 10
11 298 10
11 172 55
11 80 77
11 248 1
11 19 16
11 245 1
11 22 48
11 56 59
11 179 46
11 284 84
11 202 51
12 130 48
12 259 31
12 140 27
12 13 63
12 273 38
12 21 58
12 22 18
12 283 12
12 286 57
12 166 98
12 169 60
12 170 33
12 47 20
12 48 31
12 180 62
12 55 92
12 189 76
12 195 28
12 68 46
12 202 39
12 79 41
12 85 77
12 225 85
12 102 61
12 236 62
12 109 14
12 41 80
12 120 26
12 251 94
13 279 77
13 259 73
13 294 64
13 199 96
13 204 55
13 139 35
13 268 12
13 145 1
13 118 99
13 119 88
13 56 79
13 121 21
13 201 81
13 124 49
13 94 72
14 65 39
14 35 74
14 100 89
14 124 84
14 234 55
14 55 99
14 109 21
14 175 12
14 240 81
14 18 14
14 79 32
14 180 37
14 117 44
14 87 90
14 260 95
14 233 19
14 156 12
14 94 54
14 247 22
15 224 87
15 160 22
15 131 99
15 51 39
15 199 91
15 168 30
15 41 90
15 206 3
15 189 23
15 176 29
15 241 24
15 19 73
15 182 84
15 40 47
15 25 25
15 122 94
15 61 61
15 185 79
15 95 44
16 129 73
16 226 31
16 99 14
16 68 29
16 261 21
16 167 70
16 172 31
16 268 63
16 206 45
16 48 33
16 209 67
16 82 81
16 52 27
16 113 20
16 54 93
16 152 26
16 154 52
16 37 70
17 256 94
17 128 19
17 130 68
17 270 36
17 143 36
17 150 57
17 279 24
17 48 83
17 58 25
17 223 10
17 188 95
17 69 44
17 74 92
17 85 30
17 186 63
17 95 40
17 97 35
17 98 19
17 239 19
17 244 26
17 245 39
17 249 22
17 253 84
17 126 11
18 256 37
18 261 29
18 136 48
18 266 95
18 147 81
18 148 6
18 156 77
18 162 14
18 293 14
18 295 94
18 296 38
18 42 54
18 174 53
18 178 34
18 68 67
18 206 17
18 210 93
18 270 17
18 220 80
18 226 56
18 228 79
18 103 30
18 239 14
18 245 14
18 170 18
18 127 45
19 260 87
19 266 45
19 139 41
19 270 74
19 237 98
19 195 74
19 24 22
19 175 63
19 284 55
19 29 63
19 45 10
19 47 75
19 179 93
19 53 45
19 57 97
19 188 16
19 193 90
19 267 2
19 143 77
19 80 55
19 215 36
19 152 75
19 219 88
19 109 29
19 115 26
19 218 95
19 124 32
20 268 11
20 141 41
20 273 45
20 149 100
20 151 61
20 280 61
20 284 90
20 285 77
20 30 22
20 290 61
20 295 94
20 168 29
20 298 57
20 71 44
20 173 97
20 46 1
20 50 39
20 52 70
20 59 49
20 199 3
20 209 19
20 213 23
20 87 25
20 92 43
20 94 27
20 95 27
20 224 72
20 99 54
20 234 60
20 238 19
20 243 3
20 118 3
20 119 55
20 120 43
21 139 80
21 143 19
21 274 100
21 23 11
21 25 58
21 285 11
21 287 80
21 164 3
21 38 69
21 296 2
21 298 74
21 44 22
21 114 37
21 69 42
21 70 15
21 140 25
21 86 60
21 292 76
21 93 42
21 100 36
21 105 20
21 240 95
21 242 27
21 243 77
21 251 52
22 265 93
22 139 17
22 144 16
22 276 60
22 23 20
22 281 77
22 293 11
22 167 68
22 41 62
22 173 81
22 183 44
22 188 0
22 61 24
22 98 16
22 211 28
22 215 25
22 216 51
22 224 37
22 226 10
22 99 95
22 101 73
22 102 47
22 295 11
22 108 36
22 114 57
22 118 57
22 252 45
23 131 26
23 268 70
23 146 83
23 147 48
23 25 68
23 26 75
23 184 72
23 154 63
23 298 1
23 299 93
23 174 5
23 56 39
23 186 58
23 67 86
23 79 1
23 209 41
23 85 58
23 221 9
23 94 28
23 243 27
23 118 6
23 249 86
24 263 63
24 266 51
24 141 16
24 27 54
24 35 96
24 49 11
24 50 61
24 54 87
24 192 56
24 77 96
24 84 59
24 86 80
24 224 6
24 99 93
24 234 57
24 235 39
24 110 21
24 114 30
24 212 63
24 252 41
24 126 80
25 128 20
25 129 37
25 136 12
25 265 18
25 278 39
25 26 21
25 292 17
25 298 37
25 177 47
25 178 30
25 56 83
25 196 69
25 201 31
25 202 46
25 206 30
25 81 17
25 219 11
25 223 1
25 106 92
25 241 54
25 122 72
26 258 7
26 140 80
26 278 8
26 31 88
26 162 36
26 166 33
26 297 86
26 298 35
26 299 92
26 184 49
26 159 51
26 66 4
26 81 20
26 86 22
26 88 1
26 223 73
26 235 30
26 240 38
26 242 20
26 244 76
26 121 92
26 124 9
26 126 89
27 137 5
27 153 40
27 166 17
27 299 90
27 45 44
27 136 8
27 54 93
27 265 93
27 68 47
27 72 67
27 75 25
27 77 94
27 217 92
27 90 98
27 100 39
27 231 8
27 243 9
27 247 34
27 254 28
28 260 11
28 278 27
28 157 89
28 160 82
28 162 81
28 295 89
28 40 66
28 297 98
28 172 33
28 56 0
28 57 25
28 186 12
28 65 45
28 197 18
28 70 37
28 73 49
28 202 1
28 203 68
28 82 3
28 218 19
28 93 91
28 94 19
28 224 24
28 100 83
28 233 72
28 169 25
28 122 48
29 134 70
29 269 54
29 149 22
29 281 10
29 36 27
29 39 15
29 42 43
29 176 59
29 49 69
29 55 16
29 67 5
29 183 57
29 89 59
29 222 98
29 95 18
29 96 47
29 99 89
29 103 48
29 242 76
29 123 29
29 253 2
29 126 88
30 135 0
30 267 67
30 140 17
30 148 39
30 150 85
30 152 97
30 286 3
30 164 28
30 166 29
30 296 65
30 171 25
30 47 44
30 178 41
30 187 30
30 62 47
30 66 65
30 201 36
30 205 53
30 80 74
30 217 61
30 218 24
30 92 41
30 99 49
30 109 74
30 112 49
30 242 96
30 116 27
30 246 52
30 123 81
31 146 8
31 278 28
31 281 20
31 156 58
31 170 91
31 71 7
31 44 98
31 45 24
31 174 56
31 47 59
31 49 69
31 59 39
31 188 52
31 199 100
31 224 81
31 235 51
31 236 75
31 248 79
31 251 64
31 124 55
32 270 94
32 143 60
32 145 53
32 147 81
32 278 53
32 162 18
32 134 20
32 39 79
32 55 42
32 185 79
32 95 7
32 198 40
32 74 12
32 82 54
32 86 76
32 92 45
32 223 23
32 165 45
32 240 86
32 254 1
33 262 2
33 137 77
33 266 17
33 147 9
33 286 22
33 295 89
33 297 1
33 177 76
33 184 73
33 58 95
33 59 82
33 194 68
33 196 54
33 198 42
33 202 20
33 208 91
33 84 6
33 87 83
33 90 8
33 225 65
33 103 57
33 104 19
33 106 35
33 241 37
33 114 74
33 247 85
33 123 21
34 272 1
34 98 35
34 139 11
34 165 52
34 265 36
34 41 43
34 43 97
34 76 24
34 269 4
34 271 78
34 112 59
34 286 11
34 149 16
34 55 2
34 137 13
34 44 84
34 61 15
34 158 6
34 191 38
35 130 96
35 260 78
35 265 30
35 275 7
35 148 43
35 151 60
35 239 89
35 45 94
35 174 12
35 60 35
35 191 28
35 64 86
35 193 40
35 199 13
35 78 20
35 206 7
35 234 50
35 111 26
35 114 76
35 125 72
36 171 42
36 278 88
36 299 55
36 284 67
36 165 14
36 166 44
36 43 16
36 174 99
36 49 31
36 56 22
36 199 22
36 76 68
36 219 9
36 106 98
36 108 47
36 110 54
36 246 30
36 127 34
37 131 61
37 133 16
37 270 6
37 145 55
37 151 89
37 287 30
37 163 97
37 167 83
37 170 49
37 56 100
37 190 96
37 64 22
37 194 11
37 70 4
37 202 6
37 205 57
37 79 13
37 108 66
37 109 1
38 107 40
38 277 14
38 270 62
38 146 13
38 280 42
38 292 61
38 298 24
38 56 13
38 57 81
38 192 65
38 67 1
38 205 12
38 212 27
38 214 15
38 87 94
38 89 25
38 219 56
38 103 97
38 231 50
38 110 83
38 123 31
38 253 14
38 127 57
39 129 0
39 227 29
39 201 85
39 203 47
39 44 25
39 224 74
39 238 35
39 175 55
39 113 26
39 242 33
39 275 50
39 182 84
39 105 29
39 88 38
39 89 98
39 283 9
39 159 65
40 128 54
40 129 30
40 264 2
40 44 21
40 145 10
40 275 47
40 278 96
40 285 30
40 296 69
40 172 76
40 180 31
40 54 9
40 265 4
40 184 31
40 57 18
40 58 23
40 193 16
40 67 10
40 202 59
40 221 89
40 96 36
40 100 23
40 232 56
40 237 84
40 113 43
40 116 48
40 119 65
41 129 45
41 265 26
41 152 68
41 154 29
41 161 13
41 293 96
41 172 57
41 181 71
41 56 22
41 63 77
41 197 85
41 74 53
41 79 99
41 85 39
41 215 55
41 216 26
41 218 7
41 143 95
41 229 2
41 106 82
41 114 83
41 243 53
41 249 85
42 262 15
42 272 62
42 274 40
42 280 25
42 295 55
42 171 67
42 46 92
42 179 74
42 183 89
42 194 98
42 70 98
42 206 77
42 80 51
42 222 20
42 227 50
42 107 91
42 236 46
42 238 21
42 111 81
42 121 57
42 123 63
43 44 56
43 266 76
43 271 90
43 272 13
43 148 50
43 278 15
43 160 77
43 168 82
43 172 20
43 178 72
43 188 83
43 189 42
43 195 95
43 70 81
43 74 50
43 162 11
43 87 52
43 217 0
43 222 3
43 96 69
43 102 91
43 105 97
43 235 68
43 238 79
43 121 85
43 124 3
43 127 27
44 128 47
44 130 38
44 266 59
44 120 14
44 284 31
44 165 4
44 294 60
44 47 10
44 59 90
44 63 73
44 81 39
44 211 63
44 89 84
44 293 16
44 104 5
44 295 58
44 111 76
44 296 2
44 119 33
44 248 46
44 124 41
45 260 19
45 265 3
45 285 92
45 161 3
45 53 57
45 187 88
45 69 97
45 70 78
45 76 39
45 214 38
45 216 24
45 218 33
45 227 12
45 102 37
45 108 39
45 109 25
45 111 17
45 124 54
45 253 9
46 128 26
46 133 68
46 263 89
46 268 8
46 147 66
46 156 88
46 157 73
46 48 52
46 180 42
46 183 77
46 188 10
46 75 87
46 203 81
46 210 4
46 211 86
46 86 8
46 87 90
46 221 83
46 106 70
46 111 13
46 275 65
46 246 47
46 119 53
47 260 84
47 261 84
47 262 70
47 138 42
47 270 98
47 284 8
47 174 13
47 54 52
47 56 86
47 186 88
47 159 25
47 188 17
47 189 12
47 194 74
47 67 10
47 196 23
47 73 96
47 203 81
47 81 34
47 102 21
47 231 73
47 108 82
48 140 21
48 144 84
48 148 82
48 149 9
48 150 8
48 156 64
48 240 97
48 165 79
48 51 33
48 181 87
48 194 46
48 205 16
48 208 67
48 216 72
48 219 60
48 230 44
48 233 20
48 106 88
48 110 84
48 112 11
48 114 98
48 243 23
48 118 3
48 248 46
48 122 50
48 124 30
49 261 20
49 137 24
49 271 90
49 272 44
49 275 59
49 148 92
49 154 96
49 156 16
49 289 26
49 290 59
49 292 73
49 184 100
49 59 100
49 198 66
49 199 49
49 73 32
49 78 30
49 56 23
49 87 39
49 218 21
49 97 12
49 111 37
49 240 72
50 259 47
50 264 88
50 147 77
50 279 78
50 153 9
50 156 77
50 292 60
50 166 65
50 298 16
50 176 1
50 53 50
50 184 26
50 67 71
50 68 92
50 72 78
50 216 86
50 229 62
50 195 89
50 237 51
50 238 97
50 112 22
50 125 77
51 261 43
51 147 86
51 276 71
51 283 53
51 157 69
51 159 30
51 184 0
51 186 17
51 66 72
51 71 98
51 201 47
51 143 15
51 79 76
51 85 8
51 91 64
51 225 51
51 100 32
51 235 47
51 240 89
51 121 12
52 132 15
52 136 89
52 273 41
52 275 14
52 167 33
52 298 90
52 174 97
52 177 27
52 179 80
52 181 64
52 57 33
52 194 91
52 73 26
52 208 86
52 211 15
52 217 0
52 93 44
52 222 33
52 224 76
52 99 36
52 229 45
52 109 19
52 110 24
53 136 72
53 140 33
53 143 93
53 278 78
53 151 55
53 152 60
53 165 28
53 167 6
53 184 8
53 188 60
53 194 27
53 197 34
53 74 98
53 210 77
53 212 8
53 214 66
53 222 41
53 96 47
53 100 54
53 295 75
53 109 9
53 110 48
53 240 93
53 123 52
53 255 3
54 278 64
54 140 48
54 271 1
54 150 25
54 153 91
54 289 76
54 291 84
54 298 23
54 184 30
54 186 72
54 192 50
54 197 50
54 70 43
54 80 96
54 82 30
54 217 37
54 223 11
54 96 88
54 103 82
54 105 18
54 240 40
54 296 88
54 255 60
55 257 43
55 133 17
55 274 85
55 155 75
55 286 82
55 283 24
55 176 62
55 56 41
55 57 44
55 58 87
55 200 1
55 74 2
55 247 35
55 250 25
55 252 53
55 127 77
56 258 19
56 259 17
56 267 89
56 268 95
56 141 78
56 279 49
56 285 8
56 295 70
56 180 77
56 191 87
56 196 55
56 204 62
56 184 49
56 82 6
56 139 48
56 221 37
56 101 94
56 114 3
56 119 29
56 124 65
56 126 34
57 258 50
57 262 85
57 266 78
57 267 23
57 281 97
57 286 8
57 289 50
57 91 94
57 169 31
57 73 32
57 202 16
57 213 98
57 87 87
57 216 71
57 219 48
57 93 81
57 226 81
57 229 71
57 296 100
57 115 60
58 133 83
58 263 15
58 151 9
58 89 66
58 281 69
58 158 69
58 290 80
58 291 50
58 135 20
58 190 56
58 193 51
58 195 50
58 215 42
58 217 53
58 91 51
58 224 38
58 100 86
58 237 3
58 242 23
58 245 97
58 248 83
58 250 23
59 257 60
59 260 32
59 133 91
59 265 2
59 279 46
59 89 78
59 175 70
59 190 77
59 191 25
59 65 25
59 66 93
59 196 63
59 200 15
59 203 38
59 78 15
59 80 15
59 217 5
59 221 97
59 208 84
59 228 73
59 230 9
59 233 74
59 235 81
59 245 34
59 250 38
59 254 42
60 96 81
60 68 61
60 101 69
60 168 1
60 299 49
60 182 25
60 113 8
60 291 10
60 246 84
60 267 78
60 185 34
60 159 76
60 252 17
60 189 30
60 95 3
61 128 13
61 134 35
61 265 73
61 140 49
61 277 25
61 151 55
61 154 0
61 171 33
61 174 80
61 71 71
61 77 27
61 206 40
61 205 42
61 79 50
61 224 38
61 230 35
61 104 61
61 238 88
61 239 51
61 112 24
61 248 57
61 121 2
61 250 14
61 123 8
62 135 9
62 145 74
62 275 9
62 153 43
62 161 75
62 296 45
62 176 43
62 194 89
62 198 16
62 207 92
62 83 14
62 212 57
62 85 54
62 218 91
62 91 28
62 223 75
62 102 45
62 233 54
62 239 96
62 112 39
62 115 93
62 123 81
62 252 52
63 146 86
63 148 97
63 277 22
63 278 43
63 282 37
63 160 92
63 182 83
63 65 64
63 203 15
63 70 81
63 73 56
63 75 0
63 81 37
63 222 5
63 223 40
63 98 12
63 102 72
63 233 50
63 119 60
63 120 8
63 251 27
64 128 23
64 256 12
64 129 12
64 139 79
64 268 98
64 272 53
64 89 79
64 152 71
64 286 4
64 159 40
64 160 95
64 289 60
64 292 37
64 293 46
64 297 5
64 94 34
64 71 90
64 76 39
64 85 42
64 164 2
64 222 99
64 98 72
64 101 75
64 104 16
64 118 67
64 247 80
65 192 13
65 66 10
65 228 30
65 197 82
65 166 23
65 136 23
65 213 2
65 238 100
65 278 85
65 151 91
65 95 24
65 189 7
66 260 36
66 262 58
66 263 9
66 267 97
66 145 56
66 148 6
66 278 16
66 279 31
66 282 93
66 160 78
66 298 94
66 172 24
66 186 61
66 188 62
66 202 19
66 208 94
66 83 36
66 212 87
66 87 85
66 225 50
66 99 23
66 103 76
66 237 31
66 112 27
66 248 47
67 128 94
67 135 93
67 265 8
67 267 93
67 275 79
67 175 41
67 288 23
67 289 82
67 167 17
67 170 43
67 263 47
67 173 1
67 196 44
67 70 39
67 75 60
67 91 64
67 294 91
67 231 57
67 236 16
67 111 36
67 243 87
67 285 83
67 122 60
67 252 85
68 130 41
68 139 25
68 143 79
68 273 92
68 276 63
68 152 41
68 281 2
68 295 84
68 298 17
68 174 80
68 184 72
68 193 16
68 198 80
68 72 8
68 203 87
68 80 22
68 82 83
68 89 81
68 91 0
68 95 37
68 188 75
68 111 51
68 118 42
68 253 3
69 193 71
69 258 15
69 165 35
69 136 91
69 170 33
69 83 38
69 268 53
69 270 35
69 206 35
69 275 19
69 110 62
69 185 57
69 266 99
69 191 79
69 189 19
69 133 58
70 256 65
70 258 42
70 128 7
70 140 50
70 269 42
70 142 35
70 144 15
70 281 13
70 153 50
70 257 92
70 177 88
70 179 25
70 185 65
70 186 47
70 95 91
70 192 90
70 79 27
70 84 52
70 215 48
70 90 29
70 222 49
70 223 47
70 98 52
70 238 52
70 124 58
70 127 43
71 263 20
71 265 33
71 138 93
71 268 51
71 273 23
71 170 83
71 287 50
71 190 97
71 195 76
71 200 58
71 82 29
71 214 51
71 216 43
71 97 66
71 99 43
71 104 26
71 239 43
71 252 21
72 256 47
72 224 0
72 293 60
72 145 42
72 233 94
72 266 15
72 175 64
72 111 15
72 177 38
72 179 35
72 149 27
72 202 13
72 218 0
73 258 75
73 131 56
73 134 1
73 288 48
73 292 62
73 176 38
73 184 72
73 193 71
73 197 5
73 77 71
73 86 81
73 231 97
73 242 19
73 249 88
73 191 58
73 125 56
74 258 9
74 137 72
74 139 58
74 141 83
74 147 49
74 151 81
74 281 22
74 90 72
74 162 35
74 291 51
74 173 2
74 174 13
74 176 8
74 179 37
74 180 88
74 193 79
74 201 90
74 85 72
74 218 21
74 97 14
74 114 97
74 246 57
75 132 41
75 108 17
75 271 29
75 152 95
75 280 25
75 91 85
75 165 16
75 168 24
75 182 50
75 79 9
75 213 59
75 219 90
75 223 68
75 96 8
75 225 67
75 232 66
75 236 56
75 241 100
75 116 67
75 120 49
76 131 55
76 166 44
76 102 40
76 200 95
76 229 56
76 99 29
76 80 30
76 273 46
76 146 21
76 243 89
76 244 20
76 115 99
76 119 34
76 156 83
76 293 22
77 132 38
77 267 70
77 154 60
77 161 56
77 283 16
77 296 0
77 169 9
77 182 73
77 185 82
77 245 23
77 196 7
77 247 45
77 206 92
77 84 83
77 92 22
77 222 70
77 223 55
77 225 56
77 101 51
77 106 62
77 115 69
77 116 10
77 117 38
77 118 86
77 119 8
77 123 21
77 124 7
78 269 71
78 144 16
78 152 54
78 281 36
78 155 15
78 158 24
78 162 83
78 292 82
78 165 59
78 195 91
78 196 26
78 197 21
78 86 12
78 92 52
78 227 80
78 228 59
78 109 35
78 242 38
78 246 69
78 127 11
79 137 11
79 138 81
79 141 10
79 143 15
79 273 64
79 278 74
79 284 31
79 159 5
79 288 59
79 290 31
79 298 53
79 181 14
79 92 44
79 82 76
79 220 42
79 96 91
79 100 63
79 230 72
79 232 90
79 111 60
79 115 10
79 121 90
79 255 78
80 94 57
80 269 58
80 148 92
80 161 18
80 181 74
80 182 73
80 188 15
80 192 75
80 195 30
80 83 22
80 251 59
80 86 66
80 267 34
80 217 1
80 222 75
80 225 77
80 187 24
80 230 70
80 105 96
80 234 95
80 236 97
80 110 3
80 114 99
80 247 84
80 120 0
80 122 68
80 123 73
80 253 12
81 146 45
81 278 20
81 151 57
81 90 51
81 159 73
81 288 26
81 163 83
81 166 94
81 241 97
81 296 26
81 178 38
81 185 69
81 205 9
81 207 74
81 212 25
81 86 22
81 87 100
81 218 2
81 91 69
81 294 43
81 102 72
81 103 55
81 113 27
81 250 46
81 123 3
81 281 69
81 254 46
82 261 15
82 267 44
82 281 8
82 153 88
82 133 51
82 161 14
82 162 24
82 171 2
82 176 10
82 188 83
82 192 96
82 139 59
82 201 96
82 203 15
82 209 89
82 90 15
82 96 90
82 102 53
82 236 90
82 237 16
82 110 89
82 114 69
82 120 25
82 249 91
82 250 28
83 261 98
83 139 82
83 141 34
83 143 67
83 277 48
83 154 45
83 156 41
83 286 93
83 288 91
83 169 32
83 299 4
83 182 87
83 190 45
83 202 76
83 209 10
83 210 54
83 212 74
83 214 25
83 216 91
83 91 44
83 223 82
83 224 56
83 100 20
83 103 30
83 107 18
83 109 60
83 239 60
83 244 71
83 119 97
83 251 90
83 253 94
83 127 75
84 128 19
84 134 15
84 264 90
84 143 55
84 144 86
84 152 60
84 277 88
84 151 20
84 284 79
84 160 96
84 163 47
84 156 77
84 299 8
84 175 100
84 221 36
84 99 75
84 233 1
84 236 82
84 109 81
84 112 45
85 129 90
85 131 26
85 133 87
85 150 83
85 156 35
85 288 96
85 289 29
85 291 16
85 171 69
85 207 15
85 89 14
85 100 25
85 234 92
85 235 83
85 111 59
85 244 56
85 117 82
85 247 42
86 258 20
86 261 13
86 142 45
86 143 84
86 149 52
86 282 84
86 286 23
86 161 93
86 162 40
86 193 61
86 222 24
86 117 13
86 254 82
87 258 81
87 171 39
87 262 90
87 137 91
87 141 85
87 291 93
87 164 32
87 296 31
87 170 24
87 198 73
87 216 70
87 218 7
87 219 46
87 94 22
87 109 32
87 248 56
87 251 47
88 141 66
88 270 32
88 271 68
88 272 43
88 274 18
88 149 54
88 284 99
88 159 8
88 290 32
88 166 9
88 170 22
88 175 39
88 192 37
88 195 30
88 196 48
88 213 22
88 214 45
88 101 18
88 111 44
88 113 29
88 252 49
88 127 94
89 258 67
89 132 58
89 133 52
89 139 85
89 142 69
89 271 98
89 146 24
89 261 25
89 288 63
89 163 63
89 172 14
89 196 77
89 197 36
89 199 49
89 101 55
89 226 92
89 100 55
89 102 31
89 230 36
89 105 41
89 236 90
89 242 83
89 254 84
89 213 1
90 128 52
90 129 76
90 134 92
90 135 62
90 269 5
90 150 32
90 279 48
90 159 98
90 166 94
90 186 94
90 191 95
90 161 66
90 217 86
90 105 0
90 240 77
90 242 20
91 138 47
91 279 61
91 280 79
91 157 32
91 162 19
91 174 41
91 176 43
91 198 89
91 209 50
91 100 6
91 230 4
91 232 73
91 239 84
91 246 15
91 247 9
91 124 68
92 128 8
92 130 80
92 265 27
92 144 43
92 177 4
92 114 54
92 275 98
92 213 81
92 215 94
92 276 48
92 251 51
92 220 69
93 257 55
93 290 81
93 245 71
93 197 76
93 262 0
93 97 51
93 136 99
93 236 67
93 204 35
93 109 1
93 114 95
93 121 41
93 105 76
93 189 32
93 149 36
94 128 74
94 129 41
94 260 41
94 261 82
94 143 38
94 279 65
94 282 29
94 133 38
94 288 33
94 177 21
94 180 28
94 191 84
94 256 45
94 204 80
94 141 0
94 211 51
94 212 40
94 213 97
94 221 84
94 97 84
94 101 93
94 235 17
94 244 78
94 245 57
94 121 5
95 128 13
95 131 18
95 262 80
95 147 15
95 153 84
95 289 47
95 292 79
95 297 15
95 170 76
95 186 28
95 200 64
95 204 90
95 213 98
95 218 47
95 250 60
95 100 19
95 273 45
95 232 97
95 105 52
95 238 94
95 120 90
95 122 56
96 130 76
96 105 79
96 108 4
96 144 16
96 99 37
96 116 97
96 118 69
96 152 84
96 153 77
96 124 87
97 262 28
97 265 82
97 281 16
97 156 68
97 293 44
97 166 32
97 297 62
97 298 79
97 175 81
97 137 81
97 134 79
97 191 71
97 203 10
97 103 89
97 104 91
97 233 56
97 235 29
97 108 38
97 243 83
97 247 12
97 248 71
97 126 70
98 224 7
98 180 74
98 134 92
98 295 92
98 201 80
98 148 25
98 238 1
98 157 65
98 112 84
98 276 82
98 185 18
98 244 88
98 175 80
98 156 16
98 285 38
99 128 4
99 129 34
99 262 7
99 257 96
99 137 65
99 273 15
99 155 74
99 162 33
99 165 34
99 176 64
99 179 68
99 134 23
99 195 88
99 211 30
99 221 24
99 272 92
99 110 88
99 115 38
99 248 37
99 121 97
99 122 57
99 127 3
100 130 35
100 131 4
100 134 72
100 136 70
100 269 11
100 276 19
100 161 29
100 290 80
100 291 8
100 179 88
100 219 22
100 191 87
100 181 6
100 162 86
100 206 43
100 214 34
100 224 8
100 105 67
100 238 52
100 120 3
100 121 58
100 250 42
101 128 89
101 137 4
101 271 52
101 274 80
101 159 0
101 162 74
101 197 98
101 199 35
101 208 16
101 249 10
101 221 83
101 223 91
101 233 8
101 115 94
101 121 35
101 123 20
102 132 93
102 264 13
102 269 48
102 142 54
102 273 10
102 146 85
102 149 41
102 281 83
102 293 89
102 176 63
102 184 96
102 190 56
102 195 21
102 197 83
102 199 21
102 218 12
102 221 95
102 222 56
102 227 0
102 232 40
102 274 36
102 116 34
102 245 67
103 258 67
103 133 51
103 141 19
103 271 10
103 274 25
103 152 34
103 261 23
103 166 35
103 167 11
103 170 8
103 171 87
103 116 80
103 186 70
103 187 67
103 182 67
103 225 94
103 201 41
103 202 51
103 208 17
103 214 79
103 221 88
103 224 72
103 231 11
103 161 62
103 241 67
103 244 62
103 245 55
104 260 5
104 261 15
104 134 22
104 141 19
104 144 60
104 282 84
104 290 19
104 163 21
104 164 0
104 113 54
104 296 70
104 299 66
104 181 37
104 190 30
104 201 89
104 202 30
104 210 2
104 225 28
104 228 32
104 241 22
104 242 96
104 243 89
104 120 87
104 249 16
104 253 8
104 127 49
105 132 68
105 136 62
105 138 31
105 142 81
105 143 96
105 274 5
105 275 100
105 152 42
105 157 21
105 289 29
105 290 87
105 292 52
105 296 63
105 183 81
105 186 96
105 189 4
105 197 67
105 131 1
105 232 93
105 234 74
105 240 95
106 256 81
106 264 83
106 137 69
106 149 85
106 150 42
106 285 55
106 286 18
106 161 54
106 163 78
106 296 79
106 181 46
106 183 100
106 193 56
106 219 69
106 224 12
106 225 87
106 233 33
106 107 70
106 236 78
106 242 98
106 250 70
106 251 12
106 125 76
106 127 34
107 130 12
107 260 100
107 137 99
107 143 62
107 274 56
107 279 42
107 280 58
107 283 67
107 284 1
107 286 50
107 180 9
107 184 12
107 199 29
107 200 55
107 248 92
107 216 57
107 118 90
107 120 76
107 252 59
108 129 100
108 236 52
108 272 89
108 297 30
108 248 86
108 217 34
108 251 19
109 129 94
109 265 27
109 267 59
109 143 17
109 152 44
109 153 96
109 280 21
109 281 75
109 180 64
109 262 92
109 139 72
109 201 24
109 211 30
109 165 71
109 273 34
109 253 0
109 121 78
109 250 10
109 125 39
110 131 21
110 136 66
110 143 75
110 155 68
110 286 92
110 163 85
110 165 98
110 296 63
110 178 73
110 217 65
110 271 86
110 222 39
110 245 33
110 247 92
110 121 94
111 132 18
111 140 100
111 216 100
111 146 34
111 298 68
111 186 22
111 219 92
111 238 89
111 248 59
111 123 38
112 256 57
112 257 20
112 260 59
112 141 41
112 272 69
112 145 0
112 152 37
112 283 30
112 160 42
112 161 88
112 177 1
112 197 4
112 201 2
112 211 25
112 212 78
112 240 40
112 119 53
112 248 40
112 121 65
112 254 19
112 255 56
113 131 14
113 261 86
113 268 77
113 271 93
113 152 75
113 175 68
113 182 45
113 186 86
113 189 6
113 208 90
113 209 79
113 222 19
113 224 51
113 229 7
113 237 99
114 257 25
114 278 51
114 266 30
114 164 100
114 294 40
114 296 95
114 188 41
114 189 87
114 194 39
114 219 80
114 226 14
114 240 31
114 248 87
115 188 88
115 275 29
115 204 5
115 268 80
115 239 44
115 177 32
115 286 99
115 213 47
115 214 53
115 183 23
115 282 93
115 219 49
115 156 94
116 135 93
116 141 22
116 278 26
116 279 71
116 157 17
116 173 31
116 285 55
116 182 94
116 188 94
116 202 10
116 213 75
116 239 66
116 251 18
116 125 93
117 225 13
117 203 55
117 143 2
117 176 7
117 173 81
117 242 88
117 214 82
117 279 69
117 219 90
117 156 28
118 235 50
118 267 75
118 143 8
118 144 12
118 283 51
118 159 66
118 290 32
118 170 74
118 189 29
118 210 83
118 244 13
118 250 16
118 123 43
118 125 44
118 255 70
119 260 27
119 267 50
119 143 50
119 283 34
119 158 93
119 240 35
119 295 38
119 169 3
119 175 27
119 185 96
119 193 80
119 208 27
119 222 52
119 235 47
119 242 57
119 246 71
119 123 37
119 255 26
120 133 95
120 263 40
120 138 47
120 267 73
120 142 51
120 145 26
120 280 63
120 297 40
120 170 64
120 178 41
120 185 20
120 186 4
120 188 12
120 194 35
120 268 82
120 206 35
120 225 23
120 231 62
121 134 50
121 265 45
121 138 81
121 157 7
121 159 39
121 290 90
121 167 94
121 168 77
121 297 62
121 172 100
121 175 80
121 193 4
121 215 48
121 230 22
121 242 32
121 244 10
121 253 68
121 127 28
122 258 29
122 265 26
122 269 0
122 149 78
122 154 73
122 158 77
122 288 25
122 176 33
122 290 22
122 296 10
122 169 90
122 182 52
122 189 41
122 204 21
122 218 45
122 219 46
122 242 39
122 251 37
122 123 45
122 127 42
123 130 77
123 259 36
123 263 55
123 267 94
123 271 74
123 278 87
123 296 34
123 285 88
123 186 34
123 181 63
123 194 76
123 202 92
123 223 74
123 243 60
124 256 48
124 129 92
124 133 7
124 136 33
124 273 76
124 281 8
124 158 9
124 219 73
124 293 49
124 168 41
124 299 7
124 187 77
124 196 10
124 197 96
124 199 32
124 203 72
124 208 91
124 223 41
124 232 97
124 127 84
125 128 1
125 268 91
125 270 11
125 144 72
125 149 46
125 150 38
125 154 77
125 155 58
125 165 6
125 296 50
125 201 84
125 246 9
125 198 11
125 183 56
125 208 86
125 211 33
125 213 4
125 239 17
125 247 50
125 252 90
126 260 32
126 143 2
126 275 37
126 279 39
126 280 82
126 288 61
126 294 71
126 173 28
126 176 72
126 188 14
126 189 53
126 206 37
126 217 38
126 229 14
126 230 42
126 238 36
126 242 3
127 261 52
127 266 23
127 277 63
127 281 48
127 289 29
127 162 40
127 297 91
127 197 96
127 201 55
127 225 48
127 166 57
127 231 7
127 252 72
127 232 54
128 261 20
128 278 10
128 289 42
128 173 86
128 178 32
128 185 47
128 187 8
128 199 68
128 205 55
128 226 51
128 145 83
129 134 6
129 271 46
129 272 24
129 157 32
129 260 40
129 181 86
129 188 79
129 202 22
129 229 41
129 232 89
129 235 8
129 237 75
129 245 93
129 254 85
130 142 57
130 274 64
130 275 91
130 150 12
130 289 90
130 163 10
130 165 22
130 176 38
130 183 15
130 188 19
130 198 24
130 199 14
130 204 76
130 205 63
130 208 75
130 241 97
131 260 58
131 133 23
131 148 6
131 281 28
131 284 21
131 289 56
131 290 54
131 299 22
131 175 54
131 176 51
131 183 7
131 198 55
131 203 30
131 205 58
131 143 32
131 223 21
131 249 0
132 134 100
132 271 95
132 144 5
132 278 74
132 280 94
132 281 66
132 283 58
132 164 43
132 176 77
132 185 25
132 201 79
132 216 76
132 224 75
132 272 42
132 246 15
132 250 42
132 251 30
132 254 100
133 182 62
133 192 89
133 193 45
133 194 48
133 207 24
133 214 71
133 231 86
133 232 22
133 235 9
133 236 35
133 240 9
133 255 73
134 139 43
134 269 8
134 147 93
134 148 48
134 151 66
134 152 90
134 284 20
134 158 71
134 295 29
134 168 33
134 169 0
134 157 10
134 186 70
134 193 86
134 203 9
134 249 83
134 223 9
134 232 10
134 247 86
134 253 66
135 259 17
135 141 50
135 146 67
135 150 43
135 151 76
135 154 26
135 285 26
135 289 72
135 292 51
135 170 76
135 174 47
135 199 56
135 203 49
135 209 1
135 229 64
135 241 49
136 200 36
136 141 6
136 189 31
136 208 91
136 271 32
136 246 43
136 297 0
136 253 44
137 265 70
137 144 3
137 291 67
137 298 27
137 174 51
137 180 38
137 212 90
137 216 13
137 230 25
137 233 3
137 250 16
137 252 6
138 279 42
138 260 98
138 139 89
138 236 71
138 173 61
138 142 23
138 211 94
138 245 15
138 150 9
138 217 79
138 155 8
138 185 43
139 152 43
139 157 24
139 158 42
139 290 50
139 291 11
139 170 63
139 174 60
139 175 52
139 190 76
139 193 56
139 203 86
139 208 8
139 223 62
139 239 96
139 211 44
140 261 45
140 266 74
140 274 25
140 152 16
140 286 33
140 159 45
140 166 99
140 299 2
140 179 17
140 183 50
140 201 49
140 206 15
140 231 82
140 233 4
140 234 79
140 236 96
140 244 66
141 272 67
141 152 16
141 276 89
141 155 90
141 283 46
141 167 90
141 297 85
141 180 22
141 195 7
141 199 61
141 213 72
141 217 57
141 218 18
141 227 51
141 228 45
141 229 41
141 238 70
141 241 68
141 252 11
141 255 41
142 257 87
142 260 68
142 270 8
142 272 20
142 276 72
142 280 71
142 157 40
142 161 10
142 294 55
142 167 40
142 178 57
142 188 34
142 266 31
142 211 41
142 213 59
142 219 38
142 221 34
142 246 92
142 247 44
142 253 40
143 281 13
143 288 40
143 168 43
143 174 100
143 191 77
143 201 27
143 229 26
143 231 34
143 248 99
144 257 78
144 271 29
144 274 44
144 148 39
144 280 17
144 287 88
144 198 76
144 173 78
144 186 59
144 189 28
144 203 34
144 207 69
144 209 75
144 214 29
144 233 15
144 236 86
145 256 36
145 264 34
145 271 11
145 146 53
145 276 64
145 277 81
145 155 45
145 158 30
145 161 13
145 163 60
145 172 35
145 174 12
145 180 27
145 193 17
145 194 7
145 203 96
145 206 80
145 212 73
145 221 37
145 226 75
145 231 98
145 244 62
145 246 90
146 262 21
146 271 37
146 152 1
146 284 68
146 160 99
146 292 8
146 295 76
146 204 22
146 228 14
146 229 77
146 230 1
146 243 41
147 148 68
147 158 76
147 287 43
147 291 65
147 262 99
147 171 62
147 177 47
147 183 59
147 196 53
147 201 18
147 212 89
147 213 91
147 226 2
147 234 89
147 249 94
148 263 29
148 277 60
148 280 60
148 285 52
148 162 70
148 170 51
148 178 4
148 195 87
148 211 34
148 223 63
148 226 20
149 153 51
149 285 56
149 288 82
149 171 67
149 183 16
149 188 97
149 210 88
149 228 70
149 245 68
150 151 10
150 155 76
150 218 40
150 158 14
150 166 1
150 167 22
150 299 27
150 172 92
150 183 42
150 186 98
150 189 21
150 201 57
150 215 31
150 216 11
150 219 25
150 235 12
150 238 6
150 243 43
151 257 42
151 171 94
151 174 98
151 208 29
151 211 52
151 213 14
151 214 8
151 224 91
152 257 31
152 266 43
152 271 58
152 169 97
152 173 20
152 202 69
152 204 94
152 206 45
152 213 82
152 212 70
153 267 48
153 237 16
153 274 43
153 284 85
153 158 1
153 160 77
153 174 4
153 181 91
153 199 97
153 242 89
153 249 50
153 254 67
154 272 73
154 275 33
154 276 58
154 277 64
154 280 54
154 286 96
154 167 5
154 296 95
154 182 26
154 185 85
154 201 14
154 206 98
154 216 97
154 228 82
154 231 94
154 240 21
154 297 59
155 278 92
155 292 9
155 173 92
155 184 45
155 192 53
155 201 11
155 220 18
155 226 44
155 227 57
155 230 46
155 243 42
155 245 27
155 247 77
155 248 37
156 259 13
156 267 69
156 272 38
156 279 60
156 284 88
156 288 58
156 162 76
156 164 27
156 183 50
156 208 0
156 209 19
156 218 82
156 229 67
156 235 88
156 212 36
157 257 37
157 227 44
157 259 84
157 199 85
157 274 19
157 243 93
157 277 35
157 287 67
158 257 67
158 260 80
158 281 61
158 262 18
158 295 85
158 243 36
158 184 75
158 214 56
158 229 77
158 275 85
158 245 43
158 248 89
158 249 34
159 285 97
159 167 18
159 299 73
159 176 74
159 187 59
159 213 91
159 217 6
159 218 43
159 222 10
159 240 83
159 250 50
159 255 56
160 289 38
160 171 22
160 194 29
160 217 12
160 207 11
160 285 2
161 258 52
161 262 87
161 271 72
161 272 52
161 171 86
161 284 13
161 286 23
161 291 25
161 299 32
161 182 43
161 194 97
161 201 28
161 235 96
161 237 5
161 239 66
161 241 71
161 255 54
162 258 80
162 264 60
162 271 14
162 287 68
162 163 84
162 168 32
162 169 34
162 172 85
162 180 74
162 186 32
162 221 21
162 296 85
163 261 74
163 264 29
163 269 3
163 286 99
163 291 59
163 292 30
163 297 98
163 170 67
163 200 12
163 219 88
163 236 5
163 237 2
163 243 30
163 251 56
164 261 80
164 279 7
164 179 87
164 186 2
164 189 87
164 194 60
164 201 69
164 206 30
164 211 24
164 219 17
164 224 86
164 234 58
164 249 54
165 263 38
165 265 26
165 272 81
165 281 81
165 284 1
165 290 59
165 175 86
165 183 92
165 186 16
165 193 46
165 202 97
165 203 54
165 209 94
165 211 70
165 238 5
165 244 88
166 266 69
166 270 44
166 272 4
166 274 78
166 298 34
166 209 8
166 181 71
166 220 16
167 267 98
167 280 43
167 282 94
167 288 13
167 290 0
167 265 30
167 188 58
167 195 21
167 197 45
167 204 16
167 225 98
167 229 93
167 231 63
167 244 51
168 258 14
168 279 67
168 289 69
168 176 7
168 192 4
168 196 89
168 201 60
168 206 67
168 224 23
168 226 2
168 238 47
168 253 91
169 270 53
169 287 8
169 292 16
169 185 37
169 192 32
169 195 37
169 202 61
169 214 66
169 215 57
169 216 4
169 224 18
169 241 31
169 249 82
169 251 37
169 253 53
170 260 51
170 289 3
170 294 51
170 173 75
170 200 39
170 204 26
170 208 30
170 216 61
170 221 25
170 293 97
170 227 59
170 230 24
170 240 60
170 244 26
170 254 60
170 255 45
171 269 73
171 288 86
171 289 90
171 290 95
171 293 75
171 294 16
171 176 92
171 201 59
171 218 0
171 232 24
171 239 96
171 244 14
172 262 23
172 269 26
172 175 44
172 178 31
172 283 56
172 188 65
172 253 62
172 181 69
173 277 77
173 288 98
173 289 98
173 174 79
173 175 79
173 181 41
173 182 72
173 187 59
173 188 82
173 204 54
173 211 39
173 219 26
173 226 86
173 227 58
173 230 38
173 237 99
173 249 81
174 257 47
174 196 73
174 262 55
174 297 13
174 202 4
174 187 17
174 198 16
174 206 34
174 224 77
174 234 49
175 256 95
175 271 73
175 295 40
175 296 11
175 192 53
175 198 7
175 202 44
175 224 16
175 227 66
175 240 44
176 258 64
176 261 77
176 182 75
176 223 96
176 225 34
176 229 34
176 231 46
176 236 14
177 193 73
177 290 46
177 205 19
177 180 45
177 211 12
178 263 47
178 265 95
178 266 23
178 268 12
178 280 28
178 287 85
178 179 22
178 187 25
178 188 36
178 189 30
178 209 62
178 270 11
178 225 60
178 227 11
178 247 3
178 213 43
179 279 57
179 293 25
179 181 58
179 196 2
179 200 96
179 207 41
179 208 11
179 209 69
179 212 91
179 215 49
179 220 73
179 240 6
179 251 75
180 298 89
180 182 96
180 199 56
180 200 93
180 290 51
180 207 75
180 227 17
180 243 12
180 247 5
181 258 13
181 260 58
181 261 21
181 262 96
181 269 14
181 276 56
181 186 78
181 202 22
181 219 15
181 248 6
182 267 63
182 269 23
182 271 8
182 281 26
182 289 9
182 209 62
182 224 26
182 237 83
182 249 96
182 255 52
183 271 23
183 281 18
183 189 70
183 208 35
183 215 36
183 220 42
183 227 43
183 243 77
183 246 21
183 248 73
184 259 88
184 263 100
184 276 72
184 279 40
184 284 5
184 294 31
184 299 95
184 186 63
184 187 12
184 202 48
184 207 79
184 212 94
184 215 64
184 232 46
184 233 54
184 234 85
185 260 72
185 266 23
185 268 98
185 280 23
185 285 14
185 194 37
185 212 66
185 240 37
185 244 34
185 250 30
186 256 84
186 274 89
186 278 38
186 293 64
186 284 87
186 223 27
186 191 26
186 197 90
186 203 96
186 216 10
186 225 83
186 252 80
187 289 38
187 189 1
187 198 62
187 210 78
187 213 10
187 214 40
187 218 69
187 208 8
187 227 29
187 232 25
187 237 41
187 246 21
188 261 83
188 291 71
188 195 76
188 205 68
188 208 39
188 214 91
188 219 41
188 230 36
188 238 74
189 258 29
189 205 56
189 209 10
189 225 23
190 290 92
190 231 3
190 275 26
190 207 54
190 278 81
190 247 9
191 199 59
191 207 13
191 204 52
191 246 76
191 218 56
191 223 35
192 256 40
192 280 81
192 278 28
192 290 28
192 211 80
192 236 25
192 239 85
192 252 79
192 254 93
193 263 37
193 265 84
193 284 59
193 212 78
193 216 68
193 219 96
193 233 33
193 238 35
193 250 35
193 251 76
194 266 45
194 272 39
194 299 17
194 198 11
194 200 14
194 209 87
195 260 85
195 264 71
195 270 2
195 274 44
195 281 27
195 288 66
195 196 91
195 238 31
196 266 77
196 282 67
196 286 60
196 296 45
196 201 66
196 209 7
196 227 8
196 244 88
196 250 72
196 253 22
197 203 11
197 212 44
198 292 69
198 203 20
198 228 52
198 218 22
198 255 43
199 265 24
199 268 38
199 281 48
199 289 13
199 299 47
199 287 12
199 205 42
199 219 16
199 234 76
199 239 51
199 247 89
199 250 76
200 257 76
200 298 46
200 215 82
200 283 4
200 218 54
200 223 33
201 299 3
201 270 10
201 278 89
201 282 100
201 293 74
201 211 64
201 227 74
201 230 61
202 263 88
202 291 99
202 204 32
202 284 9
202 215 3
202 229 83
202 249 10
202 252 10
203 264 20
203 274 16
203 282 47
203 283 29
203 291 78
203 294 86
203 215 24
204 264 56
204 290 24
204 291 27
204 294 82
204 222 47
204 206 39
204 269 71
204 210 12
204 220 77
204 228 84
204 248 80
204 253 45
205 226 75
205 232 13
205 236 29
205 239 72
205 213 71
205 248 31
205 251 78
206 258 32
206 265 66
206 295 86
206 229 79
206 232 34
206 243 56
206 251 50
207 213 61
207 262 47
207 269 46
207 274 46
207 260 55
207 219 32
207 223 63
207 250 83
207 252 71
207 255 0
208 265 88
208 270 80
208 279 85
208 295 41
208 209 74
208 267 7
208 234 46
208 231 21
209 280 73
209 290 53
209 216 38
209 218 6
209 221 66
209 227 66
209 235 66
209 246 5
209 255 15
210 224 94
210 219 51
210 228 99
210 261 81
210 299 27
210 286 24
211 279 3
211 269 4
211 216 60
211 293 69
211 246 47
212 257 32
212 271 5
212 273 33
212 274 53
212 279 74
212 225 100
212 227 24
212 233 53
212 244 48
212 245 83
212 248 6
212 254 3
213 262 2
213 277 44
213 296 51
213 222 67
213 214 28
213 238 73
214 234 82
214 235 91
214 265 52
215 257 28
215 265 49
215 271 93
215 274 19
215 275 34
215 276 98
215 279 67
215 284 20
215 292 55
215 245 2
216 264 67
216 284 40
216 296 54
216 225 24
216 229 85
216 230 11
216 233 89
216 236 64
216 252 37
217 265 14
217 271 60
217 266 87
217 234 13
217 235 36
217 244 1
217 255 44
218 260 22
218 266 70
218 291 100
218 219 93
218 220 21
218 226 68
218 241 19
218 249 54
218 255 69
219 268 75
219 283 22
219 297 34
219 228 25
219 223 78
219 294 56
219 233 30
219 246 4
219 248 39
220 224 36
220 239 79
220 242 98
220 274 96
220 244 28
220 278 19
220 248 35
220 282 99
220 253 35
220 254 61
220 255 44
221 258 11
221 281 23
221 286 40
221 297 90
221 234 96
221 244 0
221 247 86
222 284 41
222 235 66
222 242 75
223 278 52
223 281 100
223 286 31
223 293 96
223 224 23
223 275 93
223 252 56
223 253 18
224 277 65
224 289 92
224 225 19
224 230 92
224 233 8
224 252 46
225 260 92
225 272 90
225 285 18
225 288 96
225 246 58
225 248 94
226 293 94
226 231 62
226 270 43
226 285 10
227 265 32
227 272 38
227 274 82
227 282 92
227 231 91
227 234 84
227 243 39
228 256 35
228 288 87
228 230 9
228 269 71
228 272 92
228 238 6
228 248 59
228 284 73
229 262 27
229 273 71
229 277 97
229 280 48
229 281 90
229 237 21
229 274 27
230 272 4
230 284 5
230 249 23
231 267 68
231 269 41
231 280 75
231 297 66
231 295 17
232 256 9
232 265 38
232 266 90
232 272 8
232 235 43
232 247 9
232 250 96
233 258 81
233 270 34
233 282 6
233 294 0
233 299 70
233 246 34
234 292 50
234 270 53
234 243 82
234 253 33
235 260 68
235 283 74
235 285 46
235 278 22
235 292 8
235 287 63
235 239 4
235 240 63
235 249 98
235 255 94
236 276 2
236 285 55
236 295 75
236 299 50
236 246 29
236 248 32
236 250 28
237 261 74
237 299 23
238 257 95
238 299 48
238 261 52
238 270 100
238 273 65
238 295 94
238 296 17
238 244 63
238 250 67
239 261 41
239 262 54
239 281 47
239 288 18
240 263 73
240 287 23
241 289 5
241 243 21
241 278 94
241 247 78
242 279 60
242 287 28
242 285 55
242 251 10
242 255 12
243 260 11
243 245 89
243 251 50
245 261 18
245 262 64
245 268 54
245 269 68
245 274 42
245 280 40
245 298 28
245 253 2
245 277 32
246 264 61
246 277 100
246 279 79
246 293 60
247 277 31
247 279 50
247 280 97
247 254 85
248 257 17
248 261 9
248 280 76
248 287 85
248 283 73
248 292 63
248 250 2
248 254 47
249 258 94
249 262 49
249 264 67
249 282 58
250 269 3
251 262 70
251 276 38
251 285 20
251 294 57
251 299 30
252 260 29
252 282 11
252 298 40
253 269 26
253 278 44
253 287 8
253 298 20
253 299 38
254 292 55
254 272 30
254 274 70
254 286 45
255 286 56
255 294 24
255 298 98
256 263 0
256 269 98
256 276 24
257 269 90
257 274 19
257 293 12
257 285 9
258 284 38
259 295 7
259 269 99
259 276 38
260 273 94
260 279 27
260 283 75
260 284 18
260 293 22
260 298 98
261 263 43
261 278 38
261 286 50
261 288 12
261 289 59
262 264 73
262 271 97
262 272 7
262 278 77
262 279 28
262 290 40
262 292 67
263 285 42
264 275 11
264 280 30
264 284 94
264 287 12
265 276 88
265 277 91
265 285 56
265 288 37
265 292 1
266 267 38
266 272 51
267 271 57
267 272 19
268 269 49
268 274 16
268 281 41
268 285 87
268 290 6
269 274 87
269 284 74
269 286 16
270 283 26
270 288 76
271 299 57
271 272 35
272 284 15
272 286 81
272 293 70
273 288 44
273 299 74
273 280 81
273 276 59
274 291 10
274 292 78
275 296 88
276 277 27
276 279 59
276 286 63
276 294 56
276 298 10
277 290 87
278 299 47
278 284 9
279 290 36
280 292 22
281 299 37
282 295 90
282 285 86
283 290 68
283 291 74
284 285 45
286 295 10
287 288 54
287 289 72
288 294 17
288 297 14
289 292 86
289 297 78
290 298 41
290 293 85
292 297 59
295 296 95
