300 4000
0 256 72
0 128 83
0 136 90
0 265 30
0 139 59
0 18 70
0 276 2
0 278 70
0 153 38
0 28 79
0 295 85
0 162 0
0 36 97
0 113 21
0 169 32
0 175 43
0 177 12
0 178 29
0 236 93
0 183 7
0 116 12
0 186 33
0 65 89
0 69 70
0 74 20
0 75 59
0 76 79
0 90 7
0 93 71
0 231 60
0 107 97
0 108 20
0 241 42
0 244 13
0 120 62
0 253 71
1 257 80
1 3 69
1 272 60
1 145 22
1 279 77
1 152 4
1 29 31
1 161 49
1 290 92
1 295 61
1 40 18
1 171 10
1 221 1
1 177 76
1 53 91
1 61 13
1 68 62
1 289 48
1 81 52
1 93 62
1 16 20
1 227 3
1 101 87
1 231 52
1 106 70
1 242 81
1 118 26
1 123 90
2 4 93
2 10 85
2 140 51
2 272 92
2 239 8
2 31 40
2 34 81
2 36 49
2 172 40
2 50 19
2 179 69
2 198 71
2 71 70
2 202 39
2 290 19
2 84 53
2 215 32
2 90 41
2 224 1
2 144 63
2 231 53
2 111 6
2 113 46
2 117 71
2 246 41
3 266 35
3 11 23
3 140 43
3 143 74
3 272 14
3 275 80
3 217 88
3 152 13
3 155 39
3 158 82
3 161 48
3 163 2
3 295 91
3 171 69
3 45 81
3 47 8
3 10 25
3 51 11
3 61 64
3 193 22
3 69 11
3 88 96
3 89 81
3 90 42
3 223 1
3 224 85
3 105 79
3 235 90
3 244 36
3 245 35
3 125 96
3 254 36
4 141 60
4 16 87
4 274 61
4 149 35
4 279 75
4 283 80
4 29 72
4 163 67
4 38 79
4 169 25
4 43 12
4 174 37
4 176 51
4 55 41
4 188 32
4 196 49
4 72 59
4 74 87
4 75 88
4 204 34
4 269 42
4 85 58
4 214 66
4 217 61
4 92 75
4 221 30
4 272 37
4 166 85
4 236 42
4 146 13
4 119 87
4 121 14
4 251 3
5 258 95
5 257 15
5 66 89
5 35 43
5 68 49
5 177 71
5 292 41
5 140 85
5 77 11
5 142 99
5 269 39
5 81 91
5 147 67
5 20 92
5 85 33
5 215 71
5 164 48
5 219 39
5 92 32
5 53 95
6 257 65
6 273 39
6 147 97
6 278 13
6 156 79
6 285 41
6 31 59
6 32 0
6 161 75
6 292 45
6 293 89
6 38 60
6 113 89
6 42 85
6 49 76
6 181 78
6 186 17
6 59 100
6 71 47
6 74 4
6 210 8
6 216 13
6 105 29
6 108 8
6 237 7
6 241 87
6 252 41
6 125 8
6 127 99
7 257 34
7 263 62
7 138 68
7 269 17
7 15 17
7 19 0
7 27 66
7 156 93
7 28 52
7 42 55
7 58 18
7 189 50
7 69 64
7 205 4
7 208 7
7 82 55
7 221 97
7 227 16
7 103 98
7 61 6
7 242 95
7 119 35
7 248 41
7 249 82
7 254 95
8 64 86
8 34 34
8 260 97
8 101 93
8 230 6
8 9 57
8 138 89
8 270 28
8 241 13
8 277 19
8 55 75
8 24 93
8 90 35
8 248 31
9 265 84
9 10 63
9 45 54
9 147 38
9 20 90
9 155 42
9 34 40
9 291 32
9 294 48
9 296 99
9 170 88
9 299 68
9 172 51
9 173 43
9 53 41
9 183 2
9 198 82
9 71 70
9 75 88
9 78 88
9 80 45
9 217 68
9 104 21
9 242 94
9 42 100
9 253 98
10 132 80
10 134 95
10 137 93
10 13 69
10 14 81
10 17 13
10 195 41
10 22 52
10 151 51
10 24 89
10 286 34
10 160 15
10 163 73
10 164 85
10 294 41
10 171 97
10 58 82
10 74 93
10 63 5
10 67 85
10 71 2
10 202 4
10 77 70
10 209 1
10 88 50
10 95 55
10 145 100
10 105 70
10 107 18
10 255 15
11 258 61
11 268 84
11 20 48
11 26 56
11 27 44
11 285 99
11 286 30
11 48 13
11 50 86
11 186 18
11 193 79
11 68 54
11 70 5
11 210 15
11 215 1
11 218 69
11 91 62
11 105 30
11 234 87
11 238 67
11 113 82
11 249 40
11 106 3
12 33 9
12 291 62
12 197 0
12 195 86
12 40 97
12 38 18
12 234 84
12 237 18
12 77 20
12 141 43
12 80 79
12 152 4
12 50 26
12 147 86
12 52 68
12 56 54
12 281 69
12 59 70
12 102 30
12 94 92
13 129 88
13 130 55
13 35 5
13 68 48
13 230 29
13 167 75
13 275 16
13 103 78
13 236 77
13 237 3
13 207 45
13 77 90
13 16 67
13 168 9
13 115 29
13 119 11
13 251 42
13 156 73
14 261 47
14 144 87
14 18 11
14 28 84
14 133 5
14 162 56
14 163 91
14 293 58
14 294 4
14 39 6
14 179 86
14 185 63
14 58 69
14 61 76
14 64 92
14 197 1
14 76 64
14 207 49
14 86 85
14 216 32
14 94 31
14 101 78
14 230 12
14 238 41
14 117 68
14 122 53
14 166 49
15 265 99
15 268 38
15 270 93
15 16 50
15 149 97
15 27 14
15 29 87
15 155 55
15 175 27
15 53 17
15 137 84
15 66 5
15 67 67
15 201 77
15 92 96
15 101 50
15 103 70
15 252 37
15 240 40
15 245 19
15 118 77
15 124 0
16 260 95
16 22 35
16 134 14
16 278 72
16 281 45
16 288 17
16 33 98
16 298 70
16 173 1
16 181 62
16 183 34
16 58 88
16 192 42
16 96 8
16 68 27
16 74 48
16 206 38
16 210 59
16 215 61
16 219 20
16 224 56
16 105 99
16 108 35
16 253 27
17 260 82
17 133 27
17 268 12
17 142 10
17 154 61
17 156 48
17 292 49
17 37 37
17 52 94
17 180 53
17 193 36
17 70 76
17 72 28
17 75 14
17 205 88
17 80 36
17 218 46
17 97 38
17 226 50
17 99 35
17 100 29
17 240 76
17 241 87
17 252 66
18 129 70
18 258 46
18 133 85
18 139 13
18 237 74
18 147 36
18 282 9
18 155 98
18 158 22
18 290 89
18 183 20
18 190 80
18 200 33
18 201 97
18 74 27
18 77 99
18 208 79
18 218 74
18 223 21
18 101 28
18 102 29
18 109 35
18 112 76
18 116 91
18 252 59
18 253 87
19 259 80
19 261 61
19 262 33
19 271 34
19 156 10
19 34 28
19 298 93
19 172 60
19 45 1
19 51 4
19 183 63
19 63 1
19 67 52
19 70 11
19 205 34
19 77 79
19 80 82
19 82 7
19 215 92
19 88 21
19 94 15
19 101 19
19 104 10
19 105 75
19 252 85
19 125 26
20 179 89
20 135 19
20 266 23
20 269 11
20 272 4
20 21 98
20 37 100
20 39 91
20 51 99
20 183 94
20 185 82
20 188 99
20 71 19
20 203 6
20 204 79
20 206 34
20 254 56
20 90 67
20 219 55
20 101 43
20 102 45
20 241 8
20 115 62
20 117 88
20 119 9
20 251 97
20 126 37
20 277 78
21 259 2
21 264 34
21 138 90
21 275 26
21 175 27
21 284 38
21 285 53
21 36 57
21 47 45
21 179 8
21 62 74
21 191 25
21 193 67
21 208 84
21 218 13
21 220 91
21 80 84
21 232 48
21 29 97
21 239 49
21 124 40
22 129 96
22 264 11
22 265 76
22 273 43
22 277 43
22 282 99
22 291 32
22 37 69
22 294 57
22 39 50
22 296 34
22 169 56
22 171 24
22 51 53
22 54 54
22 190 61
22 198 28
22 201 79
22 87 0
22 222 0
22 95 83
22 240 95
22 118 41
22 250 66
22 124 59
23 132 85
23 24 61
23 282 74
23 284 72
23 159 9
23 33 54
23 168 7
23 45 26
23 178 16
23 54 43
23 62 92
23 193 8
23 224 47
23 83 79
23 214 35
23 88 42
23 90 85
23 96 54
23 97 61
23 230 35
23 231 56
23 233 3
23 111 82
23 245 7
23 251 56
23 252 25
24 137 0
24 272 6
24 153 60
24 155 54
24 288 55
24 289 50
24 283 20
24 168 16
24 44 15
24 46 38
24 264 17
24 50 67
24 60 86
24 194 20
24 161 7
24 79 90
24 242 72
24 244 17
24 118 46
24 250 87
24 251 55
24 253 76
25 96 27
25 194 47
25 99 62
25 135 87
25 73 40
25 199 42
25 269 86
25 175 21
25 176 83
25 242 34
25 244 75
25 53 100
25 214 71
25 119 86
25 56 1
25 169 48
25 186 1
25 251 10
25 220 17
25 93 68
25 286 89
26 134 41
26 290 16
26 39 58
26 172 9
26 178 34
26 56 52
26 189 7
26 70 41
26 200 31
26 98 10
26 80 27
26 210 73
26 86 14
26 89 97
26 226 99
26 102 40
26 237 6
26 113 39
26 242 74
26 115 59
26 124 29
27 263 37
27 137 94
27 269 13
27 277 97
27 285 65
27 286 9
27 288 8
27 163 55
27 36 49
27 165 11
27 168 61
27 299 65
27 179 34
27 181 64
27 182 61
27 198 74
27 200 35
27 202 8
27 135 46
27 85 32
27 292 69
27 92 100
27 224 44
27 104 1
27 234 44
27 241 17
27 245 4
27 247 97
27 248 40
28 130 99
28 171 49
28 260 51
28 135 37
28 138 99
28 267 16
28 141 88
28 142 73
28 161 86
28 170 47
28 52 74
28 187 68
28 195 72
28 200 57
28 204 52
28 206 53
28 207 34
28 88 0
28 218 22
28 93 0
28 94 54
28 224 87
28 98 97
28 59 5
28 229 44
28 102 65
28 233 27
28 237 82
28 125 20
28 245 68
28 105 31
28 248 31
28 253 24
29 288 32
29 165 61
29 294 60
29 263 64
29 232 46
29 119 46
29 43 37
29 110 75
29 145 85
29 211 41
29 246 32
29 57 58
29 100 2
29 123 7
29 118 46
29 36 80
30 64 39
30 272 9
30 251 27
30 150 89
30 268 67
30 235 52
30 76 60
30 77 34
30 63 37
30 221 29
30 176 16
30 147 11
30 180 19
30 214 33
30 56 100
30 281 55
30 59 55
30 124 52
30 285 55
30 191 64
31 224 53
31 96 16
31 251 58
31 196 89
31 133 34
31 71 36
31 265 31
31 135 27
31 288 18
31 111 25
31 208 11
31 113 96
31 118 83
31 279 90
31 132 29
31 186 0
31 239 25
31 166 70
31 37 2
32 155 62
32 228 61
32 197 73
32 166 33
32 145 7
32 202 66
32 239 24
32 209 80
32 221 2
32 42 82
32 190 8
32 86 46
32 55 95
32 152 59
32 249 79
32 283 62
32 61 100
32 222 2
32 287 26
33 171 43
33 135 29
33 145 8
33 280 62
33 157 70
33 160 4
33 163 32
33 299 52
33 172 45
33 174 75
33 53 89
33 56 5
33 288 15
33 195 93
33 68 17
33 75 38
33 35 81
33 86 78
33 217 9
33 240 14
33 113 37
33 246 16
33 248 8
33 249 58
33 252 80
33 253 93
34 135 57
34 143 84
34 158 40
34 162 35
34 291 17
34 37 63
34 169 39
34 45 88
34 55 75
34 58 12
34 187 91
34 193 40
34 195 16
34 118 26
34 79 43
34 163 84
34 86 21
34 95 41
34 226 17
34 228 9
34 107 43
34 238 43
34 242 90
34 116 83
34 246 36
35 130 1
35 263 76
35 264 63
35 258 37
35 154 41
35 290 47
35 37 32
35 38 44
35 43 95
35 52 25
35 65 4
35 194 52
35 196 80
35 209 97
35 84 12
35 213 74
35 220 88
35 230 61
35 234 51
35 108 19
35 242 83
35 117 55
35 248 76
36 129 24
36 133 4
36 262 37
36 265 79
36 141 26
36 272 38
36 273 47
36 165 80
36 169 79
36 58 4
36 78 55
36 207 35
36 89 31
36 224 16
36 97 95
36 114 39
36 248 77
36 122 98
37 129 71
37 179 3
37 265 83
37 142 91
37 271 90
37 283 36
37 164 42
37 39 84
37 171 30
37 172 71
37 93 70
37 51 40
37 183 50
37 62 100
37 194 22
37 199 76
37 204 69
37 91 94
37 221 71
37 223 18
37 99 83
37 104 68
37 234 26
37 115 64
37 249 57
37 122 69
37 252 67
38 132 1
38 139 2
38 143 43
38 144 89
38 216 65
38 276 8
38 282 75
38 283 85
38 170 2
38 174 18
38 56 21
38 191 66
38 203 79
38 75 43
38 207 0
38 85 24
38 88 73
38 220 67
38 225 56
38 104 50
38 236 35
38 112 33
38 232 32
38 117 49
38 121 18
39 143 88
39 155 85
39 289 46
39 44 39
39 174 71
39 178 14
39 54 91
39 73 85
39 56 98
39 61 64
39 191 10
39 196 1
39 201 55
39 206 52
39 270 89
39 88 46
39 223 66
39 101 99
39 107 72
39 240 70
39 241 89
39 120 29
39 148 19
40 258 51
40 161 1
40 145 65
40 233 82
40 193 83
40 247 60
40 88 17
40 50 48
40 87 76
40 184 7
40 121 78
40 91 90
40 286 7
41 279 56
41 162 24
41 291 44
41 292 1
41 165 21
41 232 79
41 235 46
41 48 49
41 50 100
41 131 3
41 148 62
41 150 56
41 151 76
41 89 86
41 90 70
41 284 48
41 95 73
42 134 5
42 269 26
42 142 61
42 162 13
42 291 3
42 292 57
42 296 62
42 48 52
42 180 18
42 270 90
42 89 33
42 93 54
42 231 22
42 233 46
42 106 45
42 236 99
42 117 26
42 124 81
42 213 19
43 256 59
43 263 89
43 270 74
43 144 8
43 274 95
43 147 57
43 280 55
43 286 60
43 163 84
43 293 0
43 59 79
43 60 8
43 75 33
43 208 83
43 209 14
43 220 1
43 221 1
43 222 25
43 226 97
43 231 72
43 109 45
43 238 81
43 113 28
43 249 14
43 123 44
43 252 0
44 262 15
44 135 72
44 152 62
44 281 27
44 154 27
44 134 21
44 174 96
44 47 34
44 189 90
44 193 36
44 203 20
44 205 80
44 83 30
44 212 1
44 88 38
44 89 57
44 218 21
44 220 16
44 223 30
44 165 91
44 99 21
44 104 87
44 112 95
44 242 34
44 124 2
45 269 8
45 270 97
45 144 43
45 160 19
45 292 92
45 293 55
45 299 2
45 114 64
45 53 7
45 247 59
45 78 56
45 209 7
45 84 81
45 217 100
45 220 47
45 228 18
45 231 90
45 236 45
45 237 63
45 240 99
45 242 29
45 118 85
45 119 83
46 256 23
46 257 34
46 131 50
46 264 49
46 139 76
46 270 87
46 147 26
46 281 93
46 293 79
46 295 90
46 177 8
46 181 81
46 197 34
46 200 42
46 77 88
46 208 31
46 87 47
46 231 88
46 104 89
46 107 43
46 109 40
46 252 57
46 125 61
46 254 67
47 224 24
47 132 31
47 49 90
47 296 3
47 138 69
47 151 48
47 109 81
47 79 95
47 80 58
47 177 38
47 276 76
47 118 81
47 119 81
47 250 59
47 284 62
47 285 89
48 259 63
48 143 23
48 152 73
48 274 39
48 275 21
48 280 76
48 281 65
48 284 29
48 285 66
48 292 96
48 293 59
48 177 82
48 49 7
48 178 85
48 179 7
48 185 69
48 194 57
48 71 1
48 203 100
48 219 26
48 221 81
48 111 83
48 115 48
49 257 95
49 133 45
49 152 54
49 158 79
49 163 41
49 294 15
49 170 85
49 171 37
49 172 37
49 180 82
49 182 69
49 187 100
49 213 30
49 88 35
49 220 10
49 229 32
49 107 94
49 238 62
49 120 79
49 250 65
50 257 32
50 141 61
50 146 93
50 147 42
50 151 16
50 155 65
50 286 10
50 298 41
50 174 59
50 176 40
50 58 35
50 140 13
50 202 7
50 90 96
50 91 29
50 97 6
50 230 51
50 103 47
50 245 45
50 254 50
51 128 8
51 130 78
51 145 72
51 148 98
51 277 83
51 281 92
51 160 11
51 219 17
51 298 70
51 173 14
51 180 79
51 182 61
51 61 95
51 196 39
51 81 90
51 210 69
51 86 91
51 91 3
51 105 36
51 149 97
52 257 72
52 102 6
52 103 76
52 296 55
52 236 73
52 237 60
52 110 47
52 60 99
52 92 20
52 274 87
52 275 41
52 117 94
52 90 23
52 284 71
52 138 92
52 62 0
52 245 47
53 261 67
53 269 21
53 278 36
53 282 55
53 284 13
53 160 56
53 54 31
53 185 87
53 83 72
53 212 18
53 215 53
53 91 89
53 221 61
53 236 56
53 110 26
53 240 18
53 245 73
53 119 72
53 255 47
54 257 5
54 141 7
54 142 40
54 273 88
54 147 4
54 153 13
54 294 50
54 298 44
54 172 43
54 184 12
54 60 92
54 196 12
54 198 46
54 205 76
54 78 30
54 79 10
54 270 91
54 220 53
54 101 64
54 233 90
54 241 27
54 85 70
55 176 99
55 99 93
55 261 7
55 102 69
55 167 98
55 235 47
55 236 7
55 144 60
55 242 25
55 115 64
55 277 62
55 278 28
55 247 62
55 122 59
55 60 53
55 182 70
56 132 24
56 135 46
56 266 84
56 268 95
56 163 41
56 168 48
56 169 52
56 186 86
56 64 17
56 196 66
56 197 69
56 204 26
56 211 83
56 84 100
56 218 38
56 244 99
56 119 64
56 121 97
56 255 61
57 192 7
57 129 70
57 226 84
57 132 6
57 265 70
57 61 19
57 110 97
57 242 34
57 116 73
57 247 35
57 252 29
57 189 93
57 127 68
58 258 52
58 137 89
58 267 71
58 143 99
58 145 24
58 150 61
58 296 83
58 297 59
58 188 30
58 63 87
58 208 66
58 209 60
58 85 97
58 214 36
58 90 19
58 91 71
58 222 98
58 227 9
58 228 65
58 101 72
58 106 12
58 169 97
58 251 16
59 225 100
59 290 75
59 164 44
59 166 9
59 72 6
59 138 96
59 205 39
59 238 98
59 177 45
59 254 34
59 214 60
59 215 28
59 196 22
59 252 78
59 74 54
60 129 45
60 131 80
60 270 18
60 271 30
60 150 36
60 217 24
60 281 4
60 158 60
60 159 33
60 288 29
60 167 34
60 178 13
60 185 58
60 189 46
60 68 0
60 183 97
60 207 23
60 211 81
60 84 77
60 89 68
60 103 68
60 237 56
60 110 21
60 115 3
60 251 94
61 133 40
61 265 11
61 144 34
61 147 55
61 278 9
61 167 75
61 162 30
61 293 57
61 296 80
61 193 71
61 184 34
61 65 3
61 68 64
61 204 79
61 211 71
61 214 90
61 107 48
61 112 13
61 118 55
62 270 48
62 143 71
62 146 32
62 278 45
62 153 53
62 287 13
62 112 52
62 291 27
62 166 49
62 297 11
62 182 73
62 142 42
62 225 84
62 100 50
62 229 5
62 231 53
62 239 77
62 240 90
63 256 41
63 258 90
63 132 51
63 136 42
63 146 34
63 276 30
63 150 89
63 284 93
63 163 72
63 164 94
63 295 95
63 249 24
63 138 30
63 195 47
63 72 50
63 87 24
63 218 59
63 100 18
63 101 96
63 232 16
63 121 25
64 260 47
64 140 93
64 143 33
64 146 7
64 275 6
64 285 25
64 290 20
64 168 0
64 242 26
64 174 77
64 221 0
64 180 77
64 181 58
64 184 37
64 73 75
64 215 66
64 93 33
64 226 55
64 228 54
64 105 64
64 113 86
64 114 48
64 245 93
65 259 92
65 261 7
65 145 88
65 131 52
65 279 51
65 165 86
65 294 74
65 297 31
65 195 31
65 68 41
65 202 57
65 208 11
65 87 0
65 221 70
65 230 37
65 239 20
65 120 30
65 250 48
65 127 88
66 256 27
66 257 68
66 263 67
66 136 98
66 138 85
66 142 61
66 149 28
66 282 0
66 290 17
66 164 6
66 293 17
66 174 80
66 175 24
66 116 44
66 187 78
66 69 4
66 74 97
66 204 18
66 205 12
66 235 89
66 244 46
66 122 52
66 253 95
66 127 35
67 263 68
67 266 37
67 267 82
67 269 21
67 270 61
67 277 56
67 280 10
67 285 100
67 162 15
67 298 45
67 187 84
67 138 43
67 190 85
67 192 94
67 194 43
67 77 61
67 86 44
67 88 47
67 240 32
67 114 1
67 123 93
68 236 98
68 145 98
68 284 58
68 286 64
68 287 9
68 165 89
68 296 90
68 170 24
68 185 61
68 187 33
68 193 17
68 211 11
68 89 97
68 90 77
68 92 63
68 108 20
68 240 53
68 242 2
68 116 37
68 245 51
68 118 49
68 119 80
68 251 91
68 124 78
69 136 75
69 268 65
69 270 75
69 146 11
69 259 63
69 282 47
69 160 14
69 293 89
69 294 47
69 167 47
69 297 80
69 172 78
69 176 19
69 183 31
69 184 67
69 188 59
69 199 30
69 201 40
69 208 20
69 91 7
69 107 2
69 114 31
69 248 95
70 144 13
70 278 53
70 282 66
70 164 34
70 185 86
70 192 91
70 267 3
70 212 91
70 89 6
70 220 7
70 93 28
70 94 90
70 229 29
70 104 8
70 111 62
70 114 0
70 246 41
70 249 40
70 253 25
70 254 64
71 128 61
71 135 21
71 269 72
71 239 58
71 290 33
71 169 94
71 172 45
71 175 11
71 183 87
71 184 73
71 205 16
71 82 96
71 88 9
71 95 16
71 251 71
71 232 89
71 105 16
71 107 73
71 111 95
71 250 9
71 123 83
72 137 99
72 139 36
72 142 67
72 279 11
72 283 40
72 218 27
72 171 12
72 175 57
72 176 9
72 180 61
72 183 9
72 186 27
72 196 82
72 197 93
72 76 61
72 212 76
72 85 36
72 215 7
72 90 81
72 95 68
72 98 39
72 99 88
72 102 28
72 103 62
72 111 68
72 112 15
72 113 96
72 121 29
72 122 48
73 262 53
73 264 64
73 265 36
73 151 93
73 156 28
73 157 11
73 288 39
73 165 33
73 299 72
73 181 10
73 185 22
73 189 22
73 75 71
73 205 39
73 208 16
73 81 14
73 87 67
73 209 25
73 105 32
73 235 90
73 243 2
73 244 17
73 253 77
74 256 6
74 263 83
74 141 10
74 145 84
74 289 54
74 171 92
74 174 84
74 128 45
74 186 73
74 210 89
74 83 76
74 212 76
74 88 24
74 89 95
74 91 91
74 94 78
74 228 38
74 273 79
74 106 72
74 239 48
74 247 18
74 255 10
75 258 51
75 263 59
75 141 13
75 279 38
75 281 14
75 285 87
75 158 51
75 291 98
75 164 85
75 166 78
75 185 97
75 191 8
75 76 72
75 216 35
75 217 100
75 97 38
75 227 43
75 228 57
75 234 79
75 235 19
75 239 76
75 240 99
75 88 78
75 119 27
75 248 7
76 289 25
76 261 38
76 262 7
76 103 98
76 137 76
76 160 99
76 268 19
76 173 38
76 79 100
76 141 4
76 232 30
76 276 52
76 181 26
76 182 20
76 248 61
76 133 38
77 271 51
77 148 92
77 285 11
77 286 33
77 290 37
77 176 86
77 182 35
77 184 27
77 188 19
77 275 13
77 203 82
77 85 44
77 88 79
77 97 29
77 227 3
77 103 46
77 235 85
77 240 71
77 115 68
77 244 44
77 122 70
77 251 43
78 171 1
78 108 70
78 173 76
78 239 10
78 120 86
78 181 1
78 246 30
78 184 60
78 292 26
78 218 55
78 252 45
78 191 84
79 224 82
79 244 27
79 292 80
79 86 58
79 260 26
79 171 29
79 271 38
79 195 45
79 116 56
79 280 50
79 217 67
79 250 74
79 187 53
79 156 14
80 128 47
80 131 42
80 135 75
80 264 6
80 139 35
80 141 8
80 272 10
80 276 89
80 151 86
80 280 83
80 161 67
80 166 63
80 169 3
80 299 66
80 178 54
80 180 96
80 195 97
80 200 10
80 202 98
80 205 15
80 81 50
80 82 68
80 88 48
80 227 78
80 107 82
80 111 14
80 244 27
80 245 64
80 297 7
80 250 45
80 253 94
80 255 91
81 225 60
81 135 11
81 195 17
81 162 69
81 106 20
81 203 99
81 236 4
81 269 38
81 110 38
81 144 14
81 273 27
81 84 33
81 275 78
81 238 25
81 252 26
81 157 95
82 130 45
82 264 1
82 265 65
82 152 93
82 287 42
82 170 93
82 177 69
82 185 20
82 190 99
82 206 18
82 209 57
82 211 69
82 84 22
82 90 4
82 91 39
82 93 1
82 222 56
82 230 43
82 232 22
82 243 43
83 259 16
83 265 61
83 141 99
83 149 91
83 278 29
83 279 12
83 178 27
83 181 62
83 184 57
83 186 90
83 201 54
83 91 76
83 94 87
83 104 86
83 242 9
83 246 81
83 119 85
83 121 36
84 257 20
84 259 53
84 140 11
84 161 77
84 145 59
84 146 74
84 153 87
84 281 24
84 156 73
84 285 100
84 289 71
84 291 69
84 292 64
84 294 82
84 297 75
84 185 67
84 188 45
84 199 38
84 201 10
84 203 90
84 208 39
84 210 4
84 217 60
84 94 10
84 223 47
84 224 6
84 101 31
84 103 50
84 268 48
85 272 83
85 273 36
85 275 96
85 280 10
85 296 60
85 299 86
85 176 78
85 180 26
85 184 97
85 190 6
85 182 52
85 210 26
85 215 71
85 88 59
85 91 13
85 101 100
85 114 86
85 121 15
85 123 44
86 256 82
86 128 98
86 259 3
86 156 79
86 168 35
86 181 5
86 117 1
86 192 26
86 202 46
86 162 39
86 208 49
86 107 44
86 109 7
86 238 53
86 241 1
86 114 55
86 245 99
87 224 79
87 229 8
87 102 59
87 230 86
87 199 88
87 142 64
87 175 27
87 232 6
87 146 11
87 206 13
87 183 89
87 248 52
87 186 15
87 284 2
88 260 75
88 262 49
88 271 48
88 144 8
88 273 59
88 152 46
88 155 79
88 170 28
88 299 61
88 209 41
88 213 64
88 89 22
88 92 67
88 94 72
88 224 33
88 100 77
88 229 11
88 108 77
88 255 54
88 166 6
89 258 68
89 270 34
89 282 23
89 151 86
89 153 63
89 283 69
89 156 23
89 285 47
89 160 85
89 203 27
89 214 23
89 90 0
89 219 92
89 229 81
89 234 43
89 237 49
89 239 18
89 112 96
89 117 96
89 121 61
89 250 93
89 251 31
90 133 87
90 196 57
90 159 64
90 291 76
90 164 3
90 136 40
90 178 56
90 261 85
90 187 98
90 191 59
90 201 53
90 212 64
90 186 65
90 98 24
90 244 41
90 117 57
90 120 69
91 131 19
91 278 75
91 175 68
91 176 15
91 184 53
91 205 64
91 222 81
91 103 19
91 237 67
91 238 29
91 241 40
91 246 17
92 257 37
92 265 85
92 266 2
92 269 44
92 142 48
92 146 33
92 277 83
92 279 85
92 285 40
92 162 85
92 295 67
92 178 76
92 95 99
92 188 27
92 195 56
92 198 13
92 204 4
92 211 60
92 219 58
92 220 42
92 223 91
92 104 48
92 114 47
92 244 49
92 245 59
92 248 77
92 127 22
92 124 97
92 255 81
93 256 54
93 263 63
93 266 21
93 271 27
93 280 48
93 153 48
93 162 82
93 292 97
93 295 5
93 169 100
93 184 58
93 195 86
93 197 78
93 207 15
93 213 53
93 293 1
93 225 89
93 232 44
93 243 50
93 254 25
93 120 2
93 121 77
93 126 79
94 146 62
94 150 95
94 284 25
94 287 20
94 289 24
94 198 10
94 156 26
94 171 58
94 184 18
94 186 41
94 200 63
94 217 52
94 101 24
94 103 29
94 104 15
94 107 69
94 110 20
94 111 9
94 211 37
94 126 43
94 169 84
94 254 31
95 131 93
95 287 85
95 168 86
95 180 2
95 183 95
95 188 70
95 192 85
95 193 23
95 198 23
95 204 47
95 222 40
95 97 33
95 106 86
95 112 72
95 118 95
95 119 99
96 256 69
96 263 93
96 264 44
96 266 93
96 147 69
96 148 6
96 278 84
96 158 39
96 164 82
96 299 30
96 198 28
96 199 58
96 208 100
96 218 30
96 220 24
96 99 34
96 228 51
96 109 6
96 114 48
96 117 5
96 118 0
96 248 56
96 249 48
96 253 67
97 128 16
97 129 22
97 273 39
97 153 63
97 284 56
97 177 95
97 181 1
97 191 62
97 194 71
97 197 57
97 198 26
97 214 96
97 230 12
97 111 82
97 113 90
97 114 72
97 115 66
97 124 35
98 240 73
98 294 10
98 161 0
98 274 20
98 267 55
98 141 58
98 111 47
98 112 39
98 209 10
98 146 26
98 181 84
98 279 56
98 153 5
98 255 80
98 191 9
99 256 30
99 134 11
99 273 20
99 275 78
99 277 63
99 278 99
99 154 41
99 155 4
99 290 21
99 294 16
99 181 21
99 189 93
99 193 99
99 224 95
99 226 75
99 233 13
99 111 70
99 240 52
99 116 3
99 120 95
100 258 84
100 260 36
100 138 21
100 143 11
100 274 100
100 279 65
100 281 35
100 165 22
100 296 54
100 173 66
100 183 48
100 200 60
100 237 63
100 238 74
100 114 18
100 120 30
100 250 82
101 263 28
101 281 92
101 152 73
101 153 95
101 284 39
101 287 35
101 160 27
101 162 41
101 163 7
101 293 35
101 193 39
101 199 48
101 244 58
101 248 37
101 249 89
101 127 60
102 235 62
102 133 51
102 231 14
102 297 96
102 202 91
102 199 30
102 108 30
102 178 66
102 107 60
102 268 6
102 189 0
103 129 12
103 262 48
103 268 49
103 147 94
103 148 64
103 161 21
103 170 49
103 299 58
103 257 99
103 175 58
103 176 77
103 216 64
103 226 82
103 239 37
103 120 74
103 212 46
103 252 89
103 125 81
104 129 95
104 292 32
104 264 51
104 204 5
104 297 15
104 247 97
104 218 49
104 166 26
104 189 55
105 129 12
105 140 13
105 271 12
105 273 80
105 166 96
105 297 60
105 138 48
105 198 44
105 209 9
105 212 35
105 216 75
105 228 92
105 229 9
105 106 49
105 235 12
105 115 73
106 257 8
106 131 72
106 260 31
106 261 22
106 266 22
106 141 54
106 144 85
106 275 41
106 279 17
106 154 28
106 133 40
106 172 15
106 187 98
106 194 31
106 202 38
106 251 2
106 228 58
106 237 50
106 241 59
106 243 6
106 244 88
106 119 16
106 120 3
106 123 64
107 263 24
107 269 32
107 142 28
107 271 56
107 278 62
107 282 32
107 155 49
107 157 69
107 286 94
107 295 15
107 211 51
107 223 89
107 233 9
107 236 35
107 112 66
107 126 80
107 119 24
107 123 6
107 254 25
108 131 53
108 260 25
108 264 98
108 268 64
108 271 38
108 148 18
108 149 28
108 152 46
108 132 91
108 159 80
108 160 57
108 180 44
108 191 4
108 210 38
108 212 59
108 214 18
108 224 48
108 234 69
108 121 88
109 257 27
109 131 47
109 159 90
109 288 66
109 163 67
109 165 99
109 167 50
109 174 94
109 191 11
109 224 62
109 200 6
109 221 2
109 293 42
109 227 60
109 233 42
109 110 3
109 248 99
109 249 13
109 252 68
110 130 4
110 299 59
110 260 63
110 135 24
110 136 98
110 270 50
110 277 35
110 294 26
110 295 69
110 171 21
110 173 54
110 176 92
110 178 76
110 241 58
110 214 32
110 185 85
110 217 35
110 226 56
110 228 35
110 209 87
110 231 98
110 239 37
110 113 41
110 247 27
110 123 62
110 126 75
111 132 11
111 265 91
111 275 44
111 289 74
111 292 65
111 173 66
111 179 86
111 159 36
111 191 66
111 205 30
111 207 75
111 220 31
111 237 31
111 244 63
111 245 99
112 288 64
112 131 13
112 135 1
112 265 71
112 210 50
112 125 30
112 176 16
112 116 89
112 190 16
112 182 92
112 233 19
113 264 54
113 270 54
113 273 96
113 274 97
113 156 100
113 282 7
113 159 32
113 292 99
113 167 49
113 175 94
113 188 16
113 191 23
113 205 20
113 214 6
113 221 12
113 237 74
113 245 44
113 121 3
114 128 61
114 132 72
114 134 64
114 264 68
114 142 24
114 274 63
114 150 82
114 152 38
114 285 30
114 197 82
114 161 26
114 298 5
114 174 98
114 157 96
114 182 57
114 183 42
114 185 100
114 186 53
114 199 31
114 204 67
114 245 43
114 121 52
114 250 5
115 268 39
115 150 29
115 157 23
115 292 92
115 167 9
115 169 17
115 170 34
115 188 7
115 199 80
115 200 94
115 205 90
115 218 11
115 220 12
115 222 72
115 226 24
115 232 3
115 240 21
115 242 38
115 120 21
115 121 5
115 252 30
116 128 70
116 140 9
116 142 7
116 278 10
116 279 1
116 286 9
116 191 21
116 290 51
116 215 58
116 232 61
116 234 61
116 239 54
116 117 6
116 248 94
116 249 69
116 252 94
117 133 72
117 265 25
117 140 44
117 269 19
117 275 16
117 277 64
117 155 12
117 160 59
117 289 90
117 296 92
117 188 89
117 246 27
117 209 42
117 220 95
117 239 43
117 118 76
117 119 16
117 248 26
117 249 16
118 263 59
118 138 66
118 140 97
118 283 37
118 284 7
118 298 22
118 187 21
118 245 98
118 198 77
118 203 65
118 205 43
118 222 32
118 227 55
118 238 43
118 241 45
118 252 39
119 128 82
119 129 58
119 131 90
119 140 0
119 270 94
119 235 67
119 152 60
119 156 95
119 291 75
119 164 9
119 167 32
119 296 28
119 284 96
119 199 49
119 205 57
119 220 94
119 222 99
119 227 49
119 229 28
119 230 65
119 124 86
119 244 49
119 281 58
120 134 44
120 263 44
120 297 75
120 234 28
120 285 43
120 126 30
120 217 0
120 250 25
121 256 50
121 129 49
121 139 67
121 279 97
121 155 93
121 286 58
121 292 37
121 202 68
121 205 93
121 208 45
121 229 42
121 230 19
121 232 84
121 249 7
121 123 28
121 127 41
122 257 42
122 133 93
122 135 16
122 269 95
122 147 45
122 148 21
122 280 65
122 285 74
122 286 31
122 289 15
122 292 64
122 129 3
122 202 37
122 206 75
122 236 27
122 240 19
122 242 28
122 245 28
122 248 41
123 258 31
123 132 62
123 144 27
123 273 31
123 276 88
123 152 25
123 285 100
123 177 85
123 180 35
123 181 58
123 194 73
123 196 6
123 215 44
123 224 28
123 233 12
123 234 2
123 242 90
123 243 72
123 247 29
124 132 26
124 133 80
124 137 29
124 267 12
124 268 70
124 143 62
124 279 78
124 260 81
124 154 80
124 162 25
124 169 17
124 185 36
124 201 3
124 204 56
124 229 31
124 252 1
124 277 25
125 257 42
125 130 5
125 260 26
125 264 36
125 138 49
125 271 86
125 146 79
125 158 23
125 165 54
125 294 38
125 172 57
125 174 5
125 175 43
125 181 7
125 183 62
125 189 95
125 204 19
125 217 98
125 293 63
125 225 34
126 180 16
126 228 89
126 150 9
126 136 79
126 235 20
126 174 12
126 203 50
126 214 35
126 217 62
126 281 10
126 127 60
127 256 3
127 133 53
127 262 31
127 267 86
127 273 95
127 146 9
127 151 5
127 280 38
127 281 25
127 285 78
127 159 18
127 171 86
127 174 65
127 196 35
127 218 98
127 231 0
127 233 95
127 246 42
128 140 26
128 146 24
128 147 8
128 154 99
128 155 64
128 287 42
128 162 67
128 296 42
128 169 48
128 204 58
128 211 20
128 216 36
128 219 12
128 236 40
129 130 11
129 145 44
129 273 58
129 157 35
129 293 61
129 167 3
129 195 72
129 209 6
129 212 57
129 164 96
129 224 56
129 235 59
129 237 18
129 244 85
130 288 9
130 200 10
130 260 3
130 294 54
130 210 43
130 297 45
130 142 99
130 273 84
130 212 33
130 246 75
130 244 2
130 218 44
130 149 70
131 132 43
131 133 48
131 134 97
131 146 78
131 148 17
131 149 16
131 281 23
131 156 14
131 260 27
131 162 66
131 164 45
131 298 88
131 190 100
131 192 86
131 211 98
131 217 82
131 221 93
131 246 64
131 254 32
132 136 98
132 271 25
132 144 40
132 276 79
132 280 71
132 175 77
132 162 11
132 291 74
132 170 65
132 179 56
132 210 83
132 218 61
132 220 28
132 224 97
132 229 10
132 230 20
132 233 84
133 263 78
133 138 46
133 271 83
133 145 45
133 146 15
133 277 74
133 278 18
133 283 69
133 286 39
133 162 49
133 165 32
133 295 76
133 179 53
133 190 5
133 196 37
133 205 37
133 207 40
133 237 40
133 247 87
134 258 3
134 163 32
134 140 66
134 169 62
134 157 36
134 176 89
134 273 79
134 277 76
134 217 36
134 250 79
134 234 81
135 261 98
135 263 86
135 137 55
135 275 43
135 278 54
135 152 93
135 285 66
135 286 95
135 287 60
135 164 6
135 165 95
135 240 53
135 174 44
135 159 39
135 190 27
135 210 65
135 211 85
135 219 99
136 257 88
136 139 36
136 165 7
136 193 35
136 234 10
136 171 95
136 240 58
136 157 20
137 256 16
137 261 89
137 264 70
137 152 73
137 168 16
137 174 38
137 218 35
137 220 54
137 226 86
137 233 22
137 239 12
137 245 85
137 248 21
138 257 19
138 140 84
138 145 73
138 286 46
138 196 44
138 198 28
138 210 98
138 213 70
138 231 24
138 232 12
138 236 4
138 247 23
138 249 10
139 259 98
139 264 23
139 269 57
139 148 67
139 284 83
139 292 76
139 182 61
139 184 1
139 187 80
139 191 31
139 200 58
139 201 56
139 202 52
139 228 57
139 235 45
139 249 82
140 260 99
140 259 6
140 271 20
140 147 88
140 148 3
140 294 43
140 296 16
140 299 8
140 174 92
140 182 27
140 187 5
140 190 88
140 193 6
140 195 13
140 246 32
140 208 45
140 209 55
140 220 86
140 222 5
140 232 20
140 249 70
140 250 5
141 256 60
141 152 63
141 164 100
141 294 98
141 185 32
141 196 56
141 182 18
141 213 17
141 222 76
142 257 41
142 274 56
142 279 28
142 289 15
142 296 10
142 179 67
142 186 60
142 208 31
142 213 9
142 233 100
142 240 80
142 190 66
142 248 89
142 251 28
143 273 35
143 274 71
143 259 10
143 217 33
143 157 3
143 290 13
143 206 77
143 207 18
143 215 44
143 228 81
143 219 66
143 253 84
144 260 6
144 268 88
144 271 49
144 159 97
144 193 91
144 202 77
144 211 58
144 214 27
144 218 55
144 231 96
144 232 52
144 247 30
145 153 62
145 287 97
145 189 98
145 207 2
145 208 40
145 218 27
145 243 4
145 248 65
146 265 0
146 271 12
146 282 84
146 285 35
146 201 13
146 208 39
146 216 93
146 219 27
147 262 62
147 280 84
147 153 100
147 282 74
147 158 4
147 182 70
147 184 26
147 198 83
147 203 84
147 210 31
147 217 64
147 220 55
147 227 5
147 228 57
147 230 47
147 235 30
147 245 26
148 259 1
148 263 97
148 157 53
148 158 84
148 176 51
148 192 50
148 193 56
148 267 60
148 199 51
148 201 63
148 203 85
148 217 17
148 222 11
148 223 30
149 258 18
149 263 97
149 268 8
149 271 97
149 277 77
149 152 53
149 168 97
149 171 50
149 176 28
149 187 6
149 188 60
149 193 35
149 195 93
149 200 87
149 201 20
149 202 86
149 204 45
149 208 43
149 223 3
149 234 57
150 262 2
150 263 43
150 270 11
150 273 10
150 276 35
150 281 93
150 153 7
150 184 6
150 187 28
150 189 57
150 201 9
150 207 44
150 210 31
150 211 36
150 218 17
150 243 1
150 252 59
150 253 70
151 272 74
151 212 84
151 198 58
151 166 36
151 235 86
151 244 72
151 276 31
151 222 61
152 256 17
152 261 97
152 272 19
152 275 14
152 278 0
152 283 47
152 156 10
152 158 82
152 292 26
152 169 68
152 242 36
152 182 56
152 199 22
152 203 17
152 205 52
152 208 9
152 215 76
152 217 29
152 297 42
152 239 60
152 277 31
153 163 85
153 241 5
153 197 92
153 268 93
153 240 52
153 155 77
153 159 63
154 162 34
154 227 55
154 167 73
154 267 62
154 237 68
154 275 24
154 219 74
154 156 12
155 277 24
155 164 3
155 172 45
155 179 35
155 199 20
155 201 82
155 207 40
155 224 10
155 226 70
155 240 0
156 257 31
156 270 2
156 277 75
156 282 25
156 165 92
156 296 51
156 172 53
156 181 34
156 207 35
156 223 12
156 273 24
156 246 94
156 212 41
156 254 61
157 262 66
157 272 33
157 284 53
157 290 0
157 299 67
157 174 40
157 190 67
157 207 97
157 208 39
157 220 90
157 221 82
157 242 30
157 248 43
157 249 95
157 251 93
158 262 51
158 268 37
158 277 33
158 159 70
158 166 99
158 174 40
158 175 38
158 184 47
158 185 33
158 208 75
158 222 14
158 228 46
158 244 29
158 245 93
158 246 61
158 276 1
158 255 9
159 268 80
159 270 68
159 284 12
159 290 49
159 188 73
159 193 90
159 195 99
159 209 57
159 228 39
159 232 88
159 244 84
160 263 100
160 277 36
160 290 17
160 291 54
160 297 27
160 176 74
160 177 82
160 178 73
160 187 24
160 222 87
160 251 33
161 256 41
161 261 99
161 264 57
161 287 57
161 290 56
161 292 30
161 172 11
161 183 99
161 192 17
161 194 1
161 197 26
161 208 65
162 260 48
162 269 51
162 277 15
162 284 49
162 291 12
162 295 70
162 297 29
162 177 25
162 179 91
162 184 46
162 191 13
162 199 62
162 238 27
162 250 16
163 261 60
163 282 23
163 297 100
163 179 24
163 183 61
163 203 7
163 184 56
163 226 97
163 242 27
163 244 60
163 250 82
163 191 0
164 267 19
164 269 39
164 270 100
164 273 25
164 275 97
164 281 18
164 294 73
164 167 92
164 168 51
164 171 44
164 198 15
164 221 46
164 231 26
164 242 63
165 270 34
165 273 35
165 286 79
165 289 17
165 291 94
165 292 35
165 296 48
165 170 72
165 171 59
165 210 36
165 216 91
165 218 52
165 234 12
165 248 8
165 255 35
166 266 90
166 269 79
166 275 95
166 288 5
166 209 93
166 221 21
166 230 79
166 232 64
166 233 6
166 234 83
166 248 80
167 168 48
167 284 19
167 242 72
167 188 81
167 213 35
167 183 38
167 186 52
167 286 25
168 202 19
168 270 4
168 216 46
168 178 10
168 297 76
168 280 74
168 223 30
169 265 47
169 281 51
169 294 31
169 172 6
169 178 1
169 181 42
169 190 96
169 216 84
169 224 91
169 233 43
170 225 73
170 266 51
170 299 20
170 239 63
170 178 81
170 217 68
170 250 74
170 205 77
170 255 93
171 219 87
171 292 0
171 180 96
171 186 48
171 194 26
171 196 14
171 208 71
171 207 6
171 224 63
171 228 93
171 244 88
171 250 29
172 279 79
172 197 83
172 179 94
172 187 12
172 188 12
172 203 51
172 214 3
172 221 37
172 225 50
173 288 20
173 197 18
173 204 63
173 230 52
173 212 11
173 233 42
173 260 82
173 251 12
173 188 60
173 189 33
173 255 75
174 292 53
174 177 55
174 185 41
174 186 78
174 202 7
174 196 46
174 208 17
174 216 30
174 220 96
174 254 81
175 265 69
175 276 100
175 293 75
175 294 7
175 241 16
175 296 69
175 180 61
175 181 7
175 209 83
175 215 78
175 220 41
175 222 71
176 256 17
176 267 41
176 274 48
176 281 52
176 295 69
176 184 35
176 206 94
176 236 42
176 213 6
177 272 6
177 275 23
177 181 17
177 197 26
177 201 65
177 209 2
177 234 61
177 241 65
177 254 11
178 260 16
178 180 80
178 182 23
178 183 52
178 223 56
178 224 14
178 244 28
178 245 9
178 247 6
178 253 15
179 259 37
179 278 51
179 287 34
179 292 35
179 185 18
179 189 99
179 205 69
179 208 58
179 235 52
179 243 43
180 259 22
180 260 26
180 278 50
180 205 28
180 219 65
180 239 44
180 245 66
180 255 69
181 299 11
181 185 54
181 193 22
181 200 47
181 226 75
181 209 34
181 218 54
181 242 22
181 255 31
182 276 85
182 285 46
182 286 46
182 291 79
182 198 96
182 199 1
182 207 77
182 210 4
182 211 34
182 213 4
182 224 84
182 234 41
182 237 28
183 256 93
183 260 83
183 261 18
183 272 26
183 276 82
183 280 70
183 298 44
183 188 70
183 219 54
183 229 5
183 234 86
184 258 79
184 268 84
184 274 61
184 288 19
184 219 38
184 193 32
184 196 41
184 211 91
184 223 13
184 237 23
184 242 62
185 257 34
185 272 90
185 281 51
185 282 49
185 285 12
185 287 50
185 288 17
185 297 72
185 270 2
185 201 44
185 206 40
185 213 64
185 232 31
185 246 34
185 212 42
186 258 16
186 274 98
186 280 40
186 284 57
186 218 82
186 201 36
186 209 83
186 213 38
186 221 41
186 224 0
186 225 69
186 240 9
187 264 4
187 275 67
187 279 1
187 196 61
187 297 39
187 288 87
187 201 45
187 205 64
187 221 60
187 222 96
187 226 40
187 230 1
187 236 62
187 237 52
187 239 11
187 255 78
188 256 30
188 265 32
188 274 96
188 260 82
188 219 98
188 225 90
188 227 80
188 239 6
188 249 7
188 250 55
189 256 46
189 260 64
189 261 72
189 268 94
189 206 43
189 235 16
189 244 24
189 251 6
189 253 18
190 260 91
190 282 40
190 291 57
190 296 12
190 298 67
190 192 93
190 199 88
190 209 13
190 223 38
190 226 19
190 242 84
190 251 25
191 260 2
191 266 5
191 271 78
191 272 31
191 276 58
191 201 57
191 209 16
191 217 98
191 232 57
191 244 51
191 250 86
191 254 5
192 278 47
192 196 37
192 197 59
192 230 8
192 297 46
192 203 49
192 254 21
192 281 25
193 278 69
193 284 54
193 288 38
193 292 58
193 297 39
193 200 7
193 208 59
193 209 66
193 222 23
193 225 79
193 233 17
193 239 85
194 224 54
194 200 31
194 240 91
194 249 19
194 282 54
195 295 25
195 210 71
195 209 87
195 247 62
195 248 90
195 250 52
196 262 29
196 271 8
196 295 44
196 203 17
196 222 6
196 233 64
196 235 13
196 240 24
196 255 49
197 281 67
197 298 11
197 221 49
197 268 74
197 214 92
197 216 3
197 217 43
197 218 63
197 226 87
197 236 10
197 239 59
197 240 21
197 243 6
198 256 89
198 264 48
198 271 57
198 275 15
198 290 0
198 299 94
198 203 5
198 215 94
198 229 88
198 237 56
198 240 37
198 245 73
199 281 94
199 218 76
199 226 39
199 227 15
199 244 19
200 259 76
200 262 73
200 219 45
200 298 92
200 205 26
200 212 91
200 215 73
200 216 9
200 228 48
200 271 45
200 237 62
201 260 67
201 262 91
201 281 14
201 299 0
201 207 5
201 230 87
201 236 66
201 239 43
201 250 23
202 268 100
202 280 24
202 282 35
202 284 39
202 290 81
202 295 52
202 296 5
202 203 41
202 221 51
202 236 65
202 244 20
203 256 75
203 260 72
203 264 4
203 268 97
203 277 65
203 290 37
203 291 88
204 265 24
204 296 4
204 212 62
204 247 86
204 252 86
204 253 4
205 243 19
205 265 58
205 271 88
205 239 50
205 284 49
205 227 31
205 221 56
205 273 17
205 232 53
206 261 61
206 293 1
206 232 18
206 279 67
206 268 68
206 237 79
206 238 51
206 229 41
207 260 56
207 263 87
207 272 35
207 292 79
207 284 76
207 221 73
207 217 41
207 232 91
207 245 69
207 251 76
207 252 43
208 261 52
208 262 48
208 271 66
208 288 19
208 220 56
208 223 30
208 233 67
208 251 96
209 257 7
209 260 46
209 273 23
209 284 25
209 236 2
209 241 47
210 276 17
210 285 86
210 290 25
210 295 66
210 221 9
210 242 68
210 250 50
211 261 73
211 292 0
211 234 40
211 242 9
211 244 48
211 249 73
211 253 9
212 273 8
212 283 61
212 214 39
212 240 47
212 244 81
212 249 77
213 261 69
213 233 29
213 285 7
213 217 55
213 221 99
214 258 77
214 266 71
214 290 82
214 225 25
214 218 48
214 222 14
214 227 96
214 232 5
214 247 73
214 250 21
214 255 30
215 262 90
215 272 26
215 286 9
215 228 73
215 240 27
215 243 13
215 246 57
215 249 15
216 257 5
216 259 29
216 272 5
216 273 12
216 278 84
216 217 6
216 218 85
216 219 95
216 227 19
216 229 55
216 232 7
216 237 48
217 257 91
217 270 76
217 277 93
217 288 63
217 271 65
217 223 92
218 262 58
218 219 4
218 236 73
218 245 88
218 251 71
218 253 39
219 257 78
219 265 0
219 266 99
219 270 34
219 293 20
219 237 51
219 246 0
220 259 73
220 281 58
220 288 48
220 290 90
220 249 31
221 258 46
221 267 67
221 269 81
221 274 83
221 228 32
221 253 32
221 254 39
222 259 62
222 262 61
222 264 71
222 266 79
222 291 36
222 227 45
222 276 13
223 260 90
223 267 88
223 298 74
223 236 79
223 252 81
224 256 75
224 263 40
224 266 25
224 273 67
224 283 94
224 225 85
224 251 3
224 240 53
225 226 82
225 278 77
225 295 79
225 241 56
225 232 78
225 235 18
225 240 66
225 280 48
226 257 47
226 260 80
226 264 76
226 281 43
226 284 36
226 288 95
226 229 25
226 242 98
226 253 66
227 276 52
227 283 49
227 297 58
227 231 47
227 242 38
227 254 91
228 256 21
228 259 25
228 269 75
228 229 53
228 235 85
228 244 86
229 264 38
229 233 76
229 280 82
230 260 67
230 272 21
230 277 78
230 293 50
230 235 70
230 237 48
231 257 57
231 266 85
231 268 30
231 273 29
231 287 37
231 238 100
231 247 27
231 250 27
231 255 99
232 271 50
232 282 86
232 286 96
232 293 40
232 238 11
233 235 13
233 260 19
233 282 52
233 299 14
233 239 37
233 250 65
234 290 100
234 296 27
234 297 14
234 235 91
234 239 70
234 254 77
235 291 22
235 236 25
235 275 38
236 269 2
236 273 29
236 288 26
236 295 25
236 296 7
236 239 77
236 245 47
237 280 93
237 290 68
237 296 14
237 244 36
238 289 61
238 239 81
238 273 83
238 285 60
238 264 91
239 256 18
239 264 74
239 268 41
239 278 25
239 299 0
239 240 23
239 250 31
239 252 69
240 276 62
240 247 34
240 251 38
241 265 10
241 269 2
241 287 14
241 297 39
241 299 41
241 250 30
242 260 52
242 275 71
242 265 99
242 286 31
242 284 51
242 254 83
243 267 92
243 268 20
243 270 54
243 276 99
244 267 81
244 268 78
244 275 22
244 276 68
244 283 40
244 251 28
245 261 64
245 274 10
245 294 16
245 296 19
245 251 80
246 263 82
246 265 72
246 271 91
246 274 56
246 259 97
246 292 57
246 253 1
247 260 47
247 263 71
247 265 64
247 299 40
247 251 91
248 260 2
248 269 0
248 273 90
248 253 83
249 258 58
249 274 53
249 277 23
250 258 97
250 285 29
250 288 33
250 292 96
250 255 6
251 270 28
251 278 78
251 297 25
251 254 80
252 281 9
252 285 48
252 290 82
252 295 33
252 297 79
252 299 19
253 256 46
253 282 64
253 293 62
253 298 84
254 256 37
254 265 37
254 266 3
254 271 16
254 281 83
254 287 25
254 290 50
254 293 78
254 294 29
255 257 41
255 263 71
255 274 62
255 286 69
255 291 9
256 259 76
256 261 58
256 294 55
257 259 12
257 278 84
257 297 57
258 266 71
258 268 36
258 280 59
259 262 19
259 285 67
259 287 9
259 288 62
259 290 78
259 292 85
259 293 99
259 294 34
260 261 34
260 263 70
260 269 80
260 270 93
260 283 18
260 288 28
260 273 64
261 282 77
262 278 24
262 266 65
262 284 80
262 287 88
262 288 40
262 297 73
262 298 2
263 265 4
263 272 48
263 278 46
263 294 87
263 299 7
264 277 44
264 287 11
264 290 4
265 270 34
265 275 69
265 279 69
265 283 92
265 285 60
266 290 53
266 278 96
267 289 97
267 293 13
267 268 96
267 270 38
267 271 44
268 292 19
268 294 78
268 295 70
268 299 70
269 273 56
270 293 76
271 299 0
271 274 8
272 280 59
272 274 52
272 285 70
272 292 25
273 274 83
273 281 97
273 284 27
273 289 96
273 295 39
274 291 66
274 293 91
274 298 43
275 288 1
276 294 76
277 299 91
278 284 48
278 289 30
279 287 84
279 288 69
279 292 6
280 292 40
281 285 12
282 286 79
283 292 66
283 284 79
283 285 35
284 297 27
286 299 14
286 288 26
287 288 89
288 292 41
288 294 93
290 295 23
293 299 95
294 295 49
294 298 61
294 299 49
298 299 38
