300 4000
0 128 42
0 129 62
0 134 14
0 264 64
0 139 81
0 143 50
0 150 84
0 23 53
0 156 22
0 157 15
0 288 25
0 163 47
0 36 97
0 180 73
0 183 46
0 193 31
0 71 82
0 215 63
0 221 22
0 94 26
0 106 6
0 237 74
0 124 54
0 253 51
0 126 3
1 256 90
1 35 63
1 70 36
1 262 41
1 264 9
1 107 26
1 125 79
1 271 59
1 11 48
1 145 74
1 50 0
1 147 44
1 84 64
1 21 37
1 150 87
1 24 48
1 250 34
1 285 33
1 197 85
2 288 44
2 48 22
2 6 17
2 101 94
2 262 91
2 129 34
2 233 70
2 127 80
2 176 31
2 241 39
2 114 76
2 51 7
2 244 56
2 86 91
2 23 24
2 105 88
2 59 1
2 188 92
2 62 8
2 195 48
3 8 35
3 152 48
3 278 86
3 151 63
3 24 18
3 281 21
3 159 58
3 41 86
3 174 90
3 183 84
3 57 37
3 195 13
3 196 96
3 78 42
3 80 64
3 82 13
3 214 69
3 185 84
3 220 28
3 102 61
3 107 17
3 236 83
3 250 40
4 65 90
4 278 23
4 155 80
4 150 33
4 225 5
4 8 65
4 234 60
4 235 19
4 18 95
4 49 9
4 114 63
4 258 95
4 182 64
4 247 40
4 72 64
4 299 46
4 283 27
4 254 67
5 33 65
5 289 6
5 107 100
5 207 3
5 230 77
5 225 87
5 26 70
5 201 50
5 266 34
5 139 74
5 274 77
5 142 82
5 15 50
5 50 100
5 237 23
5 152 25
5 185 86
5 250 11
5 175 4
5 124 46
5 90 31
6 129 60
6 263 75
6 10 25
6 23 12
6 268 5
6 271 71
6 273 80
6 279 34
6 155 23
6 28 88
6 288 61
6 36 23
6 293 53
6 296 94
6 43 100
6 53 74
6 183 43
6 60 4
6 63 32
6 196 2
6 246 76
6 70 81
6 72 63
6 201 5
6 206 42
6 87 31
6 89 37
6 220 25
6 225 20
6 118 28
6 247 96
6 120 20
6 253 61
6 255 100
7 264 34
7 11 83
7 26 81
7 38 8
7 169 60
7 175 48
7 200 9
7 51 31
7 54 18
7 70 26
7 72 53
7 203 74
7 80 84
7 210 0
7 211 96
7 212 51
7 87 67
7 89 86
7 101 84
7 108 21
7 112 65
7 115 72
8 256 87
8 129 82
8 135 89
8 141 82
8 19 95
8 26 80
8 284 67
8 29 0
8 32 69
8 34 2
8 36 4
8 293 56
8 40 34
8 179 17
8 186 31
8 192 3
8 69 52
8 70 79
8 81 66
8 82 39
8 83 83
8 259 9
8 244 28
8 245 20
8 118 33
9 10 31
9 269 74
9 19 2
9 148 92
9 149 51
9 23 37
9 152 25
9 286 86
9 290 68
9 164 16
9 294 51
9 39 66
9 297 70
9 42 71
9 176 28
9 49 90
9 54 79
9 60 27
9 62 64
9 195 25
9 72 3
9 73 75
9 204 60
9 205 17
9 79 28
9 89 8
9 226 87
9 228 90
9 230 81
10 129 47
10 132 54
10 261 88
10 144 27
10 147 64
10 149 12
10 150 97
10 151 45
10 280 99
10 282 97
10 160 46
10 291 94
10 47 74
10 91 50
10 194 44
10 196 40
10 197 21
10 72 82
10 203 31
10 212 26
10 213 17
10 219 52
10 221 8
10 98 70
10 109 32
11 133 23
11 268 8
11 269 47
11 270 3
11 15 33
11 272 37
11 18 82
11 150 67
11 153 40
11 30 95
11 288 99
11 36 85
11 38 58
11 297 94
11 299 57
11 44 42
11 173 39
11 51 64
11 55 0
11 57 16
11 60 93
11 194 36
11 197 49
11 212 37
11 215 8
11 90 100
11 93 84
11 123 85
11 229 26
11 104 51
11 109 80
11 110 49
11 118 74
11 251 60
11 125 47
11 127 66
12 137 31
12 23 32
12 268 15
12 270 8
12 21 33
12 279 77
12 280 92
12 153 68
12 285 26
12 32 82
12 164 17
12 298 7
12 222 83
12 184 55
12 185 19
12 186 3
12 140 62
12 76 54
12 205 80
12 80 77
12 214 10
12 215 81
12 93 21
12 94 40
12 108 44
12 112 72
12 116 14
12 121 53
12 126 95
13 266 6
13 19 0
13 156 68
13 157 76
13 160 44
13 36 73
13 167 89
13 28 66
13 44 32
13 114 9
13 47 6
13 177 46
13 55 7
13 190 12
13 183 99
13 81 0
13 211 66
13 226 18
13 230 5
13 242 93
13 118 54
13 250 34
13 124 58
14 131 10
14 138 16
14 276 83
14 22 75
14 151 61
14 281 75
14 26 13
14 294 34
14 167 78
14 40 74
14 297 66
14 50 45
14 182 46
14 183 65
14 79 49
14 208 54
14 99 72
14 38 33
14 105 79
14 234 64
14 107 18
14 169 16
14 124 73
15 140 77
15 269 61
15 150 48
15 25 18
15 281 36
15 50 75
15 180 10
15 182 31
15 56 50
15 194 50
15 69 61
15 79 71
15 84 83
15 87 12
15 96 58
15 106 52
15 108 33
15 109 50
15 110 92
15 123 14
16 134 19
16 141 61
16 271 44
16 144 28
16 277 61
16 29 48
16 288 24
16 112 94
16 45 73
16 76 35
16 179 69
16 53 61
16 196 21
16 73 58
16 204 99
16 99 9
16 89 62
16 90 81
16 221 73
16 227 52
16 240 33
16 120 31
16 124 52
17 130 14
17 131 29
17 134 16
17 138 91
17 146 35
17 155 54
17 157 26
17 286 75
17 33 75
17 290 80
17 36 36
17 40 43
17 173 17
17 48 15
17 195 4
17 200 50
17 207 3
17 224 67
17 102 85
17 239 53
17 241 62
17 115 34
18 35 89
18 83 40
18 75 41
18 102 83
18 296 74
18 275 8
18 60 82
18 175 78
18 176 42
18 115 2
18 182 11
18 100 53
18 154 65
18 92 2
18 125 14
18 126 6
19 258 79
19 261 53
19 266 50
19 147 3
19 276 56
19 281 30
19 26 52
19 32 2
19 292 46
19 165 50
19 294 86
19 174 97
19 176 51
19 183 2
19 188 99
19 190 88
19 79 98
19 82 13
19 213 53
19 218 8
19 92 31
19 98 96
19 99 15
19 228 49
19 166 7
19 238 65
19 115 81
19 249 10
19 125 97
20 128 3
20 264 85
20 144 11
20 150 48
20 152 28
20 26 90
20 285 55
20 158 28
20 160 19
20 35 93
20 43 72
20 48 97
20 60 80
20 62 3
20 65 57
20 200 33
20 73 84
20 204 48
20 208 11
20 220 2
20 93 57
20 103 82
20 154 14
20 115 29
20 124 92
20 125 85
21 193 95
21 148 98
21 149 56
21 151 67
21 27 36
21 28 12
21 286 52
21 39 82
21 41 27
21 46 65
21 178 60
21 183 78
21 60 22
21 65 89
21 70 43
21 73 28
21 74 18
21 75 32
21 82 11
21 284 4
21 297 63
21 95 64
21 232 93
21 167 53
21 111 79
21 242 71
21 169 97
21 248 73
21 254 66
21 255 98
22 23 25
22 271 90
22 151 61
22 282 77
22 287 57
22 288 89
22 164 4
22 165 3
22 296 75
22 180 63
22 54 45
22 57 97
22 61 87
22 191 78
22 195 93
22 75 61
22 207 59
22 220 62
22 98 3
22 107 65
22 238 26
22 240 32
22 117 11
22 126 40
23 256 50
23 260 44
23 133 37
23 262 37
23 258 80
23 280 56
23 26 49
23 29 43
23 30 20
23 288 62
23 293 74
23 298 69
23 172 90
23 175 10
23 265 100
23 186 66
23 61 31
23 69 79
23 71 23
23 81 36
23 213 17
23 90 80
23 97 69
23 239 53
23 113 93
23 121 94
23 122 4
23 253 64
24 123 64
24 227 25
24 131 53
24 267 29
24 172 57
24 239 5
24 48 1
24 29 81
24 278 18
24 121 95
24 175 50
24 221 65
24 254 49
24 159 58
25 32 25
25 161 92
25 66 31
25 261 18
25 137 19
25 235 4
25 238 55
25 48 35
25 273 93
25 82 73
25 117 51
25 86 78
25 279 82
25 88 52
25 176 55
25 58 62
25 187 92
25 252 30
25 125 58
25 62 32
26 260 54
26 133 43
26 135 38
26 138 39
26 267 51
26 268 86
26 144 27
26 36 17
26 43 52
26 173 35
26 175 28
26 176 27
26 177 95
26 183 64
26 186 87
26 188 46
26 78 44
26 214 15
26 89 14
26 95 20
26 224 64
26 101 16
26 230 10
26 232 68
26 241 59
26 115 74
26 119 30
27 32 29
27 226 40
27 34 36
27 229 5
27 230 16
27 210 36
27 242 42
27 202 38
27 62 23
27 141 58
27 232 44
27 114 17
27 83 29
27 104 22
27 151 2
27 213 74
27 290 26
27 166 74
27 286 89
27 159 30
28 133 69
28 140 89
28 153 96
28 285 43
28 163 59
28 45 38
28 48 33
28 60 81
28 67 21
28 197 51
28 214 91
28 216 52
28 89 7
28 219 33
28 220 89
28 224 37
28 97 41
28 104 5
28 110 62
28 232 60
28 114 90
28 247 78
29 130 22
29 259 12
29 261 51
29 279 78
29 284 70
29 169 94
29 44 82
29 45 57
29 179 76
29 183 37
29 62 31
29 70 16
29 74 61
29 88 42
29 217 1
29 94 5
29 41 79
29 120 87
29 122 66
30 135 67
30 159 87
30 33 84
30 293 28
30 166 55
30 170 7
30 43 70
30 173 53
30 50 22
30 52 55
30 182 85
30 180 20
30 151 78
30 68 21
30 102 91
30 113 3
30 122 20
30 123 74
30 125 21
30 254 17
31 131 83
31 263 4
31 136 62
31 138 64
31 152 45
31 157 99
31 32 27
31 289 97
31 164 87
31 165 14
31 38 62
31 298 27
31 46 23
31 47 41
31 61 24
31 190 70
31 65 14
31 70 64
31 74 37
31 206 17
31 208 37
31 82 59
31 218 12
31 91 95
31 228 30
31 294 32
31 114 40
31 118 65
32 261 27
32 139 41
32 269 95
32 271 95
32 144 99
32 216 11
32 151 41
32 288 71
32 162 9
32 164 74
32 37 43
32 39 80
32 173 53
32 175 68
32 53 80
32 191 51
32 195 83
32 201 9
32 78 91
32 212 68
32 85 35
32 214 32
32 87 68
32 267 8
32 219 83
32 228 33
32 102 95
32 108 28
32 248 66
32 249 68
32 250 98
33 115 52
33 264 13
33 269 3
33 271 63
33 148 50
33 152 18
33 156 84
33 287 27
33 168 5
33 43 50
33 172 35
33 179 32
33 182 81
33 55 60
33 57 52
33 117 49
33 204 61
33 80 6
33 216 44
33 224 12
33 226 99
33 243 26
33 245 80
33 248 43
33 251 73
34 130 45
34 261 77
34 142 33
34 151 35
34 153 100
34 160 81
34 36 84
34 165 41
34 40 13
34 297 21
34 45 26
34 177 74
34 178 88
34 52 45
34 185 15
34 193 69
34 67 73
34 196 38
34 99 78
34 219 37
34 98 48
34 227 22
34 105 28
34 115 21
34 245 37
34 121 45
35 132 50
35 263 37
35 267 59
35 142 20
35 272 9
35 145 40
35 151 72
35 153 92
35 287 52
35 288 47
35 162 58
35 198 67
35 45 31
35 185 27
35 58 22
35 188 65
35 63 15
35 70 38
35 73 79
35 79 85
35 213 10
35 254 5
36 129 28
36 130 76
36 132 100
36 269 79
36 151 95
36 153 71
36 154 93
36 287 88
36 288 0
36 37 68
36 294 78
36 58 75
36 59 70
36 190 24
36 64 38
36 193 72
36 199 35
36 74 47
36 78 6
36 141 43
36 80 23
36 86 87
36 99 2
36 229 59
36 233 5
36 234 88
36 236 38
36 237 78
36 242 4
36 116 25
36 120 8
36 121 68
36 125 9
37 256 93
37 257 3
37 235 19
37 263 30
37 266 8
37 144 67
37 147 83
37 283 29
37 48 90
37 165 44
37 167 59
37 42 97
37 44 73
37 242 94
37 176 40
37 180 75
37 56 76
37 60 56
37 203 99
37 91 39
37 233 21
37 107 1
37 236 24
37 114 2
37 116 15
37 120 69
37 124 39
38 133 45
38 271 91
38 273 78
38 274 6
38 275 43
38 55 17
38 190 18
38 202 75
38 77 61
38 79 95
38 81 69
38 220 1
38 221 20
38 98 72
38 231 86
38 113 54
38 114 100
38 147 50
38 244 18
38 248 19
38 252 38
38 255 6
39 259 27
39 279 82
39 154 65
39 284 56
39 171 75
39 47 40
39 51 33
39 55 36
39 187 17
39 62 74
39 199 31
39 210 57
39 215 35
39 216 24
39 71 57
39 220 58
39 236 29
39 237 22
39 125 71
39 277 41
40 256 27
40 129 97
40 142 20
40 145 96
40 148 9
40 280 94
40 158 14
40 270 76
40 54 97
40 194 30
40 76 56
40 77 59
40 207 97
40 84 76
40 214 99
40 152 77
40 91 66
40 236 55
40 114 9
41 259 35
41 133 91
41 262 13
41 269 87
41 273 24
41 152 42
41 283 85
41 162 31
41 291 11
41 292 42
41 298 95
41 172 32
41 176 27
41 188 10
41 68 30
41 198 3
41 73 5
41 81 71
41 212 16
41 280 47
41 98 11
41 103 15
41 233 39
41 235 15
41 275 35
42 260 39
42 135 63
42 215 23
42 273 95
42 274 70
42 149 27
42 150 46
42 282 76
42 283 52
42 161 33
42 263 95
42 185 100
42 59 35
42 189 5
42 193 85
42 195 56
42 199 15
42 205 33
42 209 15
42 83 73
42 85 94
42 86 1
42 87 9
42 219 27
42 225 85
42 226 17
42 229 39
42 231 66
42 211 71
42 244 51
43 132 48
43 134 62
43 268 100
43 275 18
43 284 81
43 292 86
43 262 26
43 53 84
43 183 58
43 56 71
43 189 29
43 74 1
43 203 53
43 77 55
43 83 45
43 222 86
43 235 6
43 108 27
43 109 68
43 113 8
43 245 23
43 250 44
43 124 78
44 132 22
44 269 61
44 150 8
44 286 13
44 291 22
44 164 52
44 165 1
44 172 82
44 183 1
44 194 4
44 199 84
44 72 38
44 205 96
44 209 49
44 83 11
44 223 38
44 100 22
44 102 60
44 105 22
44 123 91
45 256 5
45 135 72
45 152 89
45 290 57
45 297 91
45 172 36
45 173 61
45 47 76
45 51 42
45 186 52
45 187 96
45 190 36
45 63 58
45 73 3
45 203 2
45 204 29
45 77 62
45 82 43
45 218 23
45 235 91
45 238 31
45 112 82
45 119 81
45 120 41
46 134 98
46 136 2
46 266 20
46 287 71
46 288 84
46 164 64
46 296 75
46 299 16
46 60 73
46 189 91
46 190 69
46 193 22
46 196 74
46 72 42
46 84 45
46 219 72
46 222 58
46 97 84
46 234 15
46 241 71
46 250 40
46 253 42
46 254 76
46 127 44
47 134 96
47 135 36
47 137 67
47 275 99
47 280 15
47 281 72
47 282 90
47 167 41
47 160 90
47 297 41
47 178 85
47 179 55
47 66 24
47 90 61
47 92 51
47 50 57
47 105 44
47 235 90
47 113 9
47 126 82
48 267 37
48 147 41
48 277 16
48 151 77
48 282 37
48 157 43
48 287 82
48 288 68
48 166 37
48 295 11
48 296 41
48 174 79
48 57 93
48 192 49
48 197 87
48 70 34
48 205 14
48 152 9
48 222 3
48 105 38
48 109 14
48 242 50
48 245 48
48 248 13
49 138 28
49 290 46
49 291 3
49 70 12
49 299 87
49 54 43
49 265 16
49 63 38
49 224 80
49 195 97
49 196 4
49 198 81
49 74 63
49 55 86
49 96 57
49 97 11
49 226 46
49 244 56
49 253 85
49 126 77
49 255 71
50 262 46
50 140 41
50 144 63
50 280 75
50 153 7
50 163 78
50 172 83
50 182 90
50 188 74
50 68 2
50 201 28
50 205 27
50 79 67
50 209 27
50 211 55
50 221 32
50 81 24
50 231 50
50 114 3
50 121 64
51 129 54
51 262 33
51 264 53
51 275 36
51 278 36
51 288 64
51 168 46
51 174 34
51 175 16
51 53 12
51 55 58
51 186 78
51 60 51
51 191 24
51 72 50
51 81 6
51 82 12
51 85 29
51 93 58
51 223 36
51 96 93
51 101 92
51 209 21
51 105 62
51 110 92
51 240 27
51 113 66
51 115 99
51 253 68
52 215 26
52 272 71
52 149 37
52 152 54
52 281 11
52 156 27
52 157 32
52 290 0
52 167 30
52 158 91
52 74 92
52 207 84
52 212 43
52 213 8
52 87 32
52 90 53
52 91 75
52 106 27
52 115 36
52 244 56
52 249 22
52 254 71
53 263 33
53 266 25
53 267 93
53 144 49
53 159 9
53 164 65
53 178 13
53 180 18
53 185 75
53 63 93
53 160 77
53 70 19
53 203 51
53 208 0
53 81 65
53 99 42
53 209 16
53 124 15
53 126 74
54 138 92
54 154 87
54 283 22
54 159 54
54 165 45
54 294 13
54 171 64
54 181 94
54 184 5
54 186 14
54 62 97
54 64 42
54 195 24
54 198 41
54 71 15
54 200 37
54 56 7
54 88 22
54 105 81
54 110 95
54 241 93
54 244 70
54 123 8
54 253 77
54 127 67
55 128 59
55 235 88
55 264 31
55 141 13
55 163 67
55 167 10
55 62 63
55 72 66
55 202 28
55 76 79
55 98 65
55 226 63
55 232 52
55 236 61
55 109 31
55 243 84
55 127 10
56 259 46
56 261 65
56 139 38
56 268 76
56 66 99
56 148 88
56 154 19
56 286 26
56 161 33
56 162 9
56 163 79
56 167 20
56 168 44
56 184 4
56 59 81
56 191 55
56 64 95
56 194 80
56 195 80
56 74 61
56 209 58
56 83 39
56 85 88
56 91 0
56 92 57
56 101 69
56 276 97
56 231 44
56 106 49
56 112 63
56 241 4
56 249 76
56 63 45
57 140 77
57 271 81
57 144 57
57 159 92
57 291 59
57 292 65
57 295 35
57 298 90
57 299 5
57 183 4
57 187 96
57 69 52
57 200 31
57 74 55
57 209 95
57 216 91
57 223 65
57 225 64
57 98 40
57 240 28
57 113 33
57 242 1
58 214 33
58 273 28
58 148 24
58 171 69
58 60 49
58 71 18
58 81 7
58 86 3
58 215 78
58 90 68
58 91 62
58 96 66
58 97 71
58 228 84
58 209 74
58 114 16
58 244 3
58 247 27
58 121 63
59 129 25
59 134 66
59 142 89
59 216 88
59 148 35
59 279 61
59 281 37
59 282 100
59 290 44
59 166 44
59 168 86
59 184 44
59 60 65
59 190 24
59 194 94
59 75 45
59 88 61
59 223 92
59 229 95
59 273 71
59 127 17
60 259 89
60 270 41
60 146 20
60 176 90
60 187 27
60 200 15
60 93 7
60 95 86
60 224 47
60 104 16
60 106 18
60 125 55
60 250 27
60 124 16
60 253 6
61 132 79
61 151 58
61 268 26
61 274 94
61 282 55
61 156 31
61 285 74
61 161 73
61 294 42
61 168 42
61 297 95
61 177 68
61 179 31
61 181 88
61 189 12
61 203 73
61 79 70
61 284 69
61 215 27
61 97 33
61 230 53
61 103 100
61 238 66
61 113 39
61 243 23
61 249 54
61 252 83
62 144 57
62 275 35
62 151 15
62 286 25
62 197 65
62 162 80
62 166 76
62 298 60
62 172 52
62 182 83
62 185 18
62 194 51
62 200 23
62 201 13
62 203 9
62 204 27
62 83 16
62 220 97
62 222 66
62 224 37
62 294 35
62 232 17
62 105 68
62 236 79
62 109 55
62 238 56
62 117 27
62 247 63
62 249 44
62 253 24
63 289 72
63 171 31
63 198 78
63 227 95
63 203 53
63 142 48
63 176 51
63 276 69
63 85 33
63 150 25
63 279 65
63 90 30
63 154 60
63 222 54
63 223 77
64 259 64
64 132 25
64 136 52
64 265 87
64 141 39
64 149 9
64 292 89
64 166 31
64 170 31
64 193 60
64 72 30
64 77 24
64 82 40
64 89 56
64 225 78
64 231 51
64 233 40
64 240 2
64 241 4
64 116 54
65 193 4
65 131 75
65 132 20
65 116 83
65 135 75
65 296 0
65 127 57
65 94 16
65 143 20
65 176 95
65 145 77
65 99 18
65 283 97
65 152 80
65 271 44
65 286 9
66 134 75
66 108 29
66 287 70
66 161 60
66 291 12
66 165 42
66 299 68
66 178 92
66 181 25
66 189 66
66 191 85
66 68 93
66 71 69
66 81 83
66 82 22
66 215 49
66 221 94
66 94 27
66 236 72
66 242 58
66 117 100
66 249 35
67 128 53
67 193 25
67 197 57
67 133 50
67 263 1
67 105 29
67 106 33
67 204 65
67 173 4
67 142 56
67 114 18
67 115 20
67 117 49
67 217 38
67 125 46
67 69 12
67 293 88
68 267 30
68 270 76
68 272 60
68 145 47
68 146 38
68 149 42
68 151 46
68 161 7
68 290 57
68 296 25
68 191 48
68 70 81
68 200 83
68 203 21
68 77 46
68 79 16
68 84 82
68 85 10
68 220 7
68 233 32
68 118 82
68 122 3
68 251 90
68 127 81
69 258 96
69 265 84
69 267 37
69 145 100
69 275 33
69 156 53
69 169 15
69 298 45
69 176 34
69 177 34
69 180 82
69 79 2
69 208 77
69 211 82
69 207 40
69 95 95
69 231 6
69 234 7
69 242 33
69 297 1
69 251 29
70 261 100
70 141 34
70 150 86
70 292 54
70 173 93
70 194 57
70 203 23
70 82 69
70 91 80
70 103 54
70 232 15
70 235 87
70 123 37
70 252 69
71 132 68
71 262 76
71 144 12
71 276 27
71 282 32
71 160 70
71 172 72
71 190 71
71 194 64
71 195 23
71 76 53
71 77 44
71 206 84
71 141 60
71 214 29
71 87 91
71 91 9
71 245 92
71 120 42
71 252 25
71 255 0
72 130 8
72 139 85
72 272 83
72 146 11
72 148 89
72 149 64
72 150 52
72 152 18
72 283 13
72 171 90
72 184 67
72 266 76
72 192 67
72 73 30
72 207 91
72 80 42
72 81 1
72 88 53
72 89 2
72 108 60
72 112 26
72 113 30
72 244 95
72 250 35
72 251 5
72 126 78
72 277 17
73 141 70
73 271 69
73 151 93
73 288 26
73 289 60
73 177 24
73 181 60
73 187 20
73 96 67
73 74 91
73 203 56
73 204 73
73 99 64
73 88 91
73 221 77
73 223 30
73 224 73
73 227 46
73 236 43
73 109 47
73 241 87
73 83 17
73 245 90
73 125 16
73 126 84
73 277 41
74 257 50
74 265 38
74 147 17
74 280 0
74 281 96
74 283 68
74 156 42
74 286 86
74 293 42
74 168 89
74 297 92
74 159 12
74 76 66
74 209 77
74 212 14
74 91 73
74 165 73
74 229 4
74 237 59
74 244 2
74 245 47
74 123 47
75 258 56
75 263 4
75 136 15
75 138 60
75 141 50
75 290 90
75 135 37
75 180 88
75 191 62
75 269 2
75 210 22
75 232 23
75 82 91
75 238 54
75 239 25
75 241 73
75 115 36
75 253 21
75 255 91
76 256 50
76 131 6
76 261 56
76 135 86
76 155 90
76 287 34
76 294 94
76 184 83
76 187 42
76 192 20
76 201 88
76 80 60
76 213 55
76 219 11
76 223 39
76 224 52
76 108 79
76 239 1
76 240 23
76 251 22
77 256 24
77 152 10
77 156 21
77 298 53
77 178 40
77 188 22
77 189 14
77 205 96
77 78 6
77 209 95
77 92 93
77 221 75
77 99 34
77 102 25
77 233 57
77 251 92
77 125 30
78 129 17
78 260 75
78 156 37
78 288 76
78 296 77
78 170 96
78 173 84
78 181 55
78 202 5
78 210 6
78 213 26
78 216 14
78 106 33
78 237 94
78 243 38
78 117 29
78 121 56
78 124 20
79 134 6
79 156 33
79 287 13
79 290 69
79 179 32
79 182 79
79 86 19
79 218 47
79 220 86
79 242 96
79 244 1
79 248 58
79 251 55
79 124 71
79 255 20
80 86 47
80 266 3
80 161 44
80 165 22
80 295 28
80 168 58
80 263 76
80 181 27
80 199 84
80 208 47
80 214 89
80 93 54
80 223 37
80 224 9
80 225 41
80 236 21
80 242 84
80 116 79
81 129 67
81 258 75
81 260 74
81 266 53
81 151 53
81 140 43
81 143 16
81 297 75
81 298 23
81 174 89
81 175 9
81 201 37
81 268 24
81 82 50
81 211 36
81 221 2
81 234 22
81 236 34
81 237 11
81 242 86
81 118 39
81 170 32
81 120 84
81 253 69
82 135 54
82 270 16
82 145 45
82 146 70
82 148 45
82 294 70
82 171 1
82 172 63
82 136 81
82 187 46
82 246 79
82 207 22
82 213 81
82 220 88
82 221 33
82 222 88
82 223 67
82 231 92
82 104 91
82 106 22
82 109 67
82 238 100
82 244 59
82 126 6
82 118 25
82 299 14
82 254 35
83 259 89
83 262 75
83 146 52
83 155 51
83 172 24
83 174 7
83 199 31
83 203 93
83 209 65
83 90 47
83 92 70
83 97 5
83 230 66
83 102 33
83 106 37
83 236 95
83 238 31
83 244 70
83 248 52
83 126 19
84 257 21
84 162 68
84 219 33
84 293 75
84 289 45
84 240 9
84 210 52
84 181 15
84 86 98
84 88 20
84 196 21
84 251 11
84 222 55
85 256 90
85 262 4
85 146 77
85 147 53
85 278 97
85 279 33
85 160 2
85 164 51
85 294 40
85 176 21
85 223 27
85 203 41
85 206 94
85 86 70
85 216 4
85 222 70
85 95 95
85 104 60
85 108 35
85 240 31
85 114 52
85 248 98
85 249 89
85 252 23
85 253 5
86 259 5
86 133 75
86 136 40
86 275 80
86 150 39
86 285 59
86 167 85
86 171 59
86 179 99
86 181 19
86 182 43
86 205 24
86 223 93
86 226 4
86 227 2
86 229 48
86 104 32
86 112 27
86 242 31
86 212 59
86 125 2
87 260 74
87 140 41
87 154 89
87 155 31
87 288 38
87 171 28
87 174 56
87 179 34
87 184 66
87 202 51
87 101 73
87 231 44
87 233 68
87 118 45
87 250 93
87 254 13
88 259 98
88 265 54
88 139 11
88 131 86
88 160 88
88 164 70
88 167 27
88 185 69
88 186 83
88 193 52
88 203 35
88 211 5
88 99 6
88 106 32
88 247 15
88 212 15
88 123 98
88 234 84
89 261 95
89 264 67
89 269 33
89 147 18
89 277 93
89 278 78
89 281 30
89 154 85
89 287 35
89 168 30
89 298 7
89 173 0
89 185 96
89 200 64
89 207 46
89 218 27
89 93 4
89 222 29
89 112 49
89 242 9
89 243 33
89 124 26
90 261 49
90 140 67
90 271 68
90 145 36
90 160 92
90 187 88
90 207 9
90 223 36
90 96 82
90 232 86
90 233 26
90 110 78
90 117 54
91 268 79
91 144 26
91 273 92
91 146 84
91 147 62
91 280 89
91 153 73
91 160 30
91 289 5
91 169 43
91 298 1
91 299 6
91 189 75
91 195 75
91 203 57
91 208 68
91 217 86
91 224 69
91 226 72
91 107 27
91 247 33
91 249 78
91 254 73
92 140 99
92 269 34
92 284 6
92 293 80
92 173 15
92 176 88
92 177 77
92 200 30
92 212 73
92 222 41
92 223 90
92 238 48
92 112 78
92 241 50
92 242 85
92 120 50
92 251 90
92 125 25
93 263 71
93 140 9
93 269 50
93 272 82
93 147 71
93 278 14
93 281 96
93 284 78
93 286 82
93 289 40
93 162 60
93 184 67
93 219 79
93 220 51
93 225 60
93 232 68
93 240 8
93 241 7
93 119 58
93 251 27
94 299 93
94 283 81
94 207 55
94 104 64
94 129 66
94 107 49
94 238 75
94 239 74
94 244 95
94 181 61
94 279 48
94 248 39
94 148 95
94 187 79
94 157 93
94 286 92
95 128 3
95 131 98
95 135 75
95 146 43
95 172 6
95 199 23
95 200 54
95 201 58
95 98 98
95 208 100
95 210 32
95 212 53
95 226 2
95 232 90
95 108 18
95 116 6
95 121 58
96 259 47
96 135 92
96 138 93
96 140 95
96 155 60
96 161 46
96 169 15
96 242 81
96 177 9
96 190 22
96 195 11
96 223 1
96 233 52
96 240 69
96 114 20
96 118 40
96 120 56
96 250 51
96 253 21
97 128 42
97 262 68
97 135 85
97 138 66
97 140 97
97 141 86
97 270 23
97 153 87
97 162 16
97 297 100
97 180 81
97 213 79
97 221 97
97 105 68
97 106 55
97 108 27
97 114 70
97 118 1
97 124 75
97 126 45
98 133 39
98 268 19
98 270 74
98 273 29
98 285 85
98 183 96
98 211 87
98 212 23
98 224 70
98 107 66
98 108 99
98 238 77
98 116 87
98 254 16
98 119 100
98 250 90
98 123 69
98 124 74
98 126 99
99 257 64
99 132 58
99 262 36
99 264 35
99 108 46
99 159 11
99 178 60
99 180 33
99 199 49
99 204 20
99 120 11
99 142 82
99 215 13
99 251 48
99 102 40
99 231 3
99 232 40
99 236 80
99 248 34
99 123 93
99 125 31
100 193 48
100 278 56
100 132 72
100 101 54
100 103 68
100 220 46
100 202 52
100 130 47
100 207 55
100 271 55
100 113 86
100 114 68
100 118 22
100 183 44
100 137 58
100 186 41
100 108 77
100 284 70
100 285 96
101 253 81
101 262 37
101 135 9
101 265 27
101 285 62
101 286 65
101 160 79
101 163 74
101 164 67
101 294 76
101 201 32
101 203 56
101 204 75
101 212 29
101 224 83
101 229 91
101 232 94
101 106 31
101 108 14
101 111 59
101 125 32
102 261 31
102 270 98
102 272 47
102 276 50
102 278 85
102 151 71
102 155 84
102 196 99
102 198 38
102 208 84
102 219 33
102 222 48
102 107 36
102 236 30
103 289 32
103 162 31
103 198 20
103 105 96
103 127 2
103 269 30
103 112 27
103 157 37
103 144 25
103 189 25
103 115 9
103 143 97
103 156 1
103 229 70
104 260 72
104 141 38
104 151 74
104 280 8
104 156 59
104 286 100
104 289 47
104 163 4
104 167 1
104 210 61
104 175 33
104 189 99
104 139 73
104 203 41
104 106 53
104 107 4
104 109 86
104 119 50
104 248 91
104 252 68
105 275 100
105 276 64
105 277 100
105 289 73
105 170 71
105 299 30
105 203 65
105 211 90
105 217 4
105 224 84
105 231 80
105 113 68
105 253 28
106 256 12
106 261 62
106 138 96
106 151 35
106 154 7
106 162 99
106 295 85
106 174 78
106 178 62
106 188 90
106 197 57
106 215 20
106 220 56
106 228 36
106 108 29
106 109 68
106 253 88
107 257 52
107 273 3
107 148 49
107 277 40
107 154 68
107 188 81
107 191 20
107 199 37
107 216 1
107 236 27
107 111 2
107 243 56
107 126 70
108 267 28
108 170 5
108 194 13
108 206 32
108 210 22
108 226 77
108 232 21
108 239 56
108 246 62
108 123 28
109 299 10
109 260 66
109 135 16
109 270 82
109 282 43
109 287 59
109 288 53
109 290 6
109 296 51
109 184 69
109 191 39
109 193 67
109 199 44
109 213 26
109 219 14
109 239 60
109 114 38
109 127 99
110 258 72
110 141 50
110 146 98
110 279 34
110 159 5
110 288 23
110 176 69
110 181 60
110 198 5
110 199 39
110 220 70
110 231 26
110 232 43
110 115 39
110 248 44
110 249 2
110 123 7
110 126 24
110 127 56
111 130 3
111 200 43
111 140 20
111 176 28
111 286 11
111 277 15
112 262 13
112 137 46
112 147 37
112 280 53
112 282 52
112 155 49
112 291 72
112 168 89
112 185 34
112 194 46
112 195 34
112 203 71
112 235 78
112 113 30
112 116 1
112 120 62
112 252 8
113 260 25
113 138 44
113 276 28
113 152 5
113 175 57
113 116 59
113 171 14
113 173 49
113 177 98
113 188 45
113 218 53
113 244 55
113 118 70
113 252 55
113 255 77
114 131 71
114 259 8
114 280 97
114 284 69
114 286 21
114 291 83
114 295 11
114 173 43
114 177 2
114 155 88
114 190 84
114 197 70
114 200 2
114 212 93
114 228 22
114 218 26
114 220 4
114 231 59
114 244 52
114 246 56
114 169 15
114 120 30
114 123 35
115 256 5
115 135 61
115 138 5
115 269 30
115 284 16
115 282 84
115 167 70
115 298 60
115 263 32
115 176 22
115 231 62
116 262 14
116 268 32
116 128 97
116 206 55
116 280 99
116 211 89
116 151 87
116 216 86
116 126 79
117 258 43
117 265 78
117 266 29
117 144 36
117 277 81
117 280 18
117 285 83
117 159 20
117 290 71
117 167 42
117 177 14
117 194 82
117 212 53
117 213 94
117 223 8
117 224 94
117 225 62
117 232 66
117 237 39
118 260 99
118 137 15
118 276 92
118 155 77
118 174 88
118 184 25
118 203 98
118 207 100
118 213 23
118 221 63
118 231 81
118 248 57
118 127 47
119 257 91
119 133 66
119 263 61
119 138 63
119 272 56
119 145 98
119 275 58
119 281 73
119 286 5
119 175 85
119 186 54
119 200 33
119 203 65
119 204 32
119 205 20
119 208 22
119 237 89
119 121 74
119 250 89
120 270 13
120 146 45
120 289 62
120 294 72
120 169 68
120 179 49
120 193 6
120 199 12
120 222 18
120 229 39
120 233 25
120 243 57
120 123 30
120 124 66
120 253 96
120 166 39
121 257 61
121 260 33
121 133 66
121 137 96
121 140 18
121 269 100
121 142 8
121 281 54
121 291 87
121 299 100
121 183 52
121 192 62
121 199 28
121 141 89
121 215 47
121 224 94
121 232 98
121 241 19
121 244 61
122 226 69
122 131 19
122 294 53
122 201 72
122 299 10
122 268 56
122 173 55
122 142 6
122 144 39
122 274 49
122 213 98
122 216 4
122 185 63
122 149 63
123 131 11
123 134 64
123 135 59
123 158 62
123 155 4
123 286 27
123 186 95
123 192 15
123 226 23
123 215 62
123 218 67
123 229 58
123 241 94
123 244 58
123 255 43
124 271 79
124 284 83
124 287 17
124 160 27
124 161 46
124 290 94
124 298 96
124 186 5
124 191 75
124 202 93
124 210 20
124 217 33
124 222 42
124 230 63
125 268 53
125 273 42
125 153 9
125 159 82
125 161 21
125 169 67
125 174 91
125 180 27
125 181 81
125 188 48
125 202 51
125 204 35
125 205 75
125 221 13
125 240 95
125 254 91
126 134 35
126 155 77
126 285 13
126 159 1
126 296 13
126 180 69
126 192 88
126 215 5
126 225 70
126 228 63
126 230 94
126 238 73
126 268 58
126 249 86
127 128 98
127 140 100
127 269 25
127 144 81
127 145 100
127 277 72
127 154 27
127 282 64
127 171 24
127 285 36
127 177 76
127 184 11
127 214 62
127 223 14
127 225 59
127 226 83
127 232 15
127 234 21
127 239 42
127 157 55
128 151 47
128 153 50
128 283 28
128 156 99
128 176 88
128 189 68
128 194 57
128 201 83
128 211 5
128 224 50
128 229 50
128 231 39
128 242 71
128 243 65
128 252 50
129 257 85
129 269 56
129 274 40
129 290 26
129 291 0
129 176 81
129 163 27
129 230 0
129 232 19
129 241 70
129 211 91
129 253 43
130 263 23
130 140 7
130 146 93
130 280 44
130 283 74
130 158 76
130 160 41
130 166 70
130 295 74
130 296 3
130 299 28
130 286 5
130 198 100
130 215 31
130 222 100
130 232 16
130 241 34
130 253 56
131 256 43
131 134 33
131 148 41
131 281 73
131 286 80
131 162 11
131 163 55
131 292 44
131 166 46
131 295 37
131 202 40
131 213 31
131 216 5
131 230 93
131 231 67
132 137 62
132 141 54
132 151 3
132 154 31
132 287 54
132 160 100
132 291 100
132 265 55
132 196 82
132 204 14
132 210 13
132 231 26
132 246 91
132 252 33
133 257 63
133 258 42
133 263 55
133 140 16
133 273 38
133 283 17
133 294 43
133 172 86
133 192 54
133 196 96
133 247 70
133 205 96
133 211 25
133 227 97
133 231 80
133 240 23
134 149 54
134 135 14
134 142 85
134 277 6
134 285 22
134 161 54
134 180 61
134 199 66
134 208 22
134 244 82
134 255 48
135 260 39
135 263 67
135 137 18
135 141 24
135 173 90
135 293 14
135 168 84
135 174 20
135 182 15
135 183 15
135 185 54
135 190 52
135 197 8
135 202 25
135 205 82
135 213 53
135 216 70
135 221 23
135 248 51
136 288 31
136 204 46
136 274 84
136 272 85
136 147 30
136 281 0
136 159 51
137 172 83
137 266 83
137 231 71
137 200 10
137 169 88
137 138 92
137 141 34
137 239 48
137 253 58
137 218 94
137 271 46
137 282 54
138 260 19
138 261 36
138 267 9
138 275 31
138 151 82
138 155 52
138 154 21
138 164 96
138 173 68
138 176 97
138 209 37
138 142 27
138 219 53
138 226 11
138 250 58
139 259 78
139 263 62
139 153 37
139 154 9
139 282 40
139 295 62
139 297 51
139 190 9
139 194 93
139 210 69
139 213 1
139 227 14
139 231 41
139 238 32
139 232 15
139 243 66
139 244 45
139 251 99
140 258 93
140 265 52
140 270 4
140 276 78
140 288 99
140 162 69
140 177 91
140 184 48
140 194 66
140 199 8
140 290 39
140 210 18
140 211 5
140 213 44
140 228 89
140 231 53
140 255 63
141 268 9
141 273 88
141 149 53
141 158 11
141 161 11
141 290 50
141 167 48
141 297 6
141 195 15
141 204 36
141 162 65
141 208 97
141 211 25
141 224 38
141 144 9
141 236 12
141 242 7
141 251 40
142 146 14
142 195 44
142 154 91
142 155 42
142 296 79
142 180 100
142 184 61
142 205 73
142 210 7
142 291 3
142 213 83
142 237 23
142 247 13
143 263 33
143 267 6
143 270 31
143 145 100
143 276 9
143 154 85
143 159 76
143 289 79
143 162 62
143 164 49
143 297 54
143 172 75
143 184 7
143 192 100
143 199 5
143 224 26
143 226 82
143 233 46
143 240 1
143 244 56
144 260 45
144 294 16
144 295 62
144 215 36
144 216 5
144 230 15
144 232 61
144 238 23
144 276 18
144 250 88
144 252 26
145 256 76
145 266 93
145 267 37
145 276 13
145 290 89
145 164 93
145 170 83
145 299 75
145 176 56
145 177 19
145 178 51
145 203 93
145 210 83
145 220 3
145 225 49
145 240 6
146 279 44
146 147 2
146 277 42
146 150 60
146 151 99
146 158 69
146 287 98
146 290 81
146 166 16
146 298 23
146 189 48
146 207 38
147 270 61
147 153 91
147 160 15
147 289 85
147 165 58
147 294 5
147 223 21
147 194 94
147 200 90
147 206 80
147 212 69
147 234 14
147 242 2
147 253 53
147 166 45
148 264 57
148 266 98
148 150 79
148 157 50
148 158 32
148 168 69
148 170 46
148 211 79
148 225 14
148 229 41
148 236 16
148 251 46
149 258 35
149 260 96
149 269 81
149 154 68
149 284 81
149 288 24
149 164 13
149 176 97
149 192 17
149 208 0
149 224 14
150 262 27
150 151 88
150 157 0
150 162 30
150 291 48
150 294 21
150 168 39
150 174 12
150 178 33
150 192 23
150 199 8
150 207 16
150 219 63
150 224 94
150 233 47
150 235 58
150 244 9
150 251 23
150 252 30
151 262 26
151 269 96
151 271 36
151 174 91
151 192 13
151 288 2
151 246 3
151 250 52
151 253 92
151 277 81
152 265 0
152 266 15
152 276 9
152 288 19
152 163 2
152 298 11
152 174 42
152 187 32
152 195 86
152 199 4
152 200 21
152 249 82
152 229 26
153 261 93
153 276 58
153 294 78
153 176 9
153 191 18
153 200 70
153 226 13
153 243 98
153 252 2
154 256 85
154 261 51
154 267 99
154 269 30
154 272 8
154 287 62
154 175 79
154 176 42
154 185 59
154 197 52
154 200 27
154 202 95
154 203 90
154 210 36
154 216 31
154 218 89
154 230 71
154 236 38
154 240 29
154 245 35
154 247 5
155 269 15
155 260 75
155 287 19
155 240 58
155 292 42
155 293 46
155 166 25
155 178 76
155 196 43
155 200 88
155 203 100
155 220 13
156 272 18
156 158 27
156 164 7
156 179 35
156 204 79
156 206 30
156 219 2
156 223 46
156 244 11
157 229 42
157 167 10
157 204 38
157 270 26
157 273 45
157 274 31
157 211 61
157 248 62
157 249 28
157 186 21
158 265 28
158 281 19
158 290 33
158 171 92
158 183 40
158 190 45
158 194 82
158 208 22
158 210 46
158 215 47
158 219 55
158 220 39
158 242 44
159 288 18
159 257 63
159 220 44
159 203 14
159 243 92
159 191 100
160 259 27
160 262 99
160 272 46
160 279 13
160 281 70
160 290 6
160 291 87
160 164 74
160 297 30
160 186 64
160 191 54
160 181 56
160 212 23
160 216 80
160 229 96
161 259 3
161 268 19
161 272 10
161 276 15
161 171 6
161 172 100
161 175 0
161 193 14
161 216 78
161 219 0
161 228 79
161 230 57
161 241 7
161 247 67
162 258 65
162 260 16
162 277 60
162 296 63
162 179 99
162 291 54
162 211 51
162 214 17
162 240 55
162 190 43
162 234 97
163 166 72
163 167 75
163 296 33
163 299 61
163 179 0
163 185 80
163 186 81
163 190 91
163 208 5
163 209 4
163 211 28
163 221 24
163 239 61
164 262 76
164 286 88
164 287 66
164 291 4
164 296 85
164 284 60
164 171 93
164 197 99
164 202 50
164 206 65
164 216 94
164 271 55
164 221 16
164 229 0
164 224 5
164 244 29
164 247 21
165 257 56
165 278 75
165 279 87
165 293 19
165 297 59
165 223 84
165 287 83
165 190 80
165 216 15
165 218 14
165 222 7
165 233 46
165 244 46
165 250 65
166 263 20
166 272 3
166 275 39
166 297 72
166 176 85
166 181 42
166 185 17
166 199 58
166 219 6
166 227 20
166 229 48
167 263 75
167 268 82
167 281 92
167 285 49
167 298 5
167 176 84
167 192 70
167 198 49
167 184 44
167 238 49
168 261 11
168 270 9
168 273 23
168 276 13
168 282 100
168 286 78
168 287 14
168 278 9
168 298 71
168 198 55
168 212 6
168 236 74
168 237 44
168 238 97
168 242 0
168 246 15
169 276 97
169 296 80
169 190 68
169 195 3
169 198 47
169 205 42
169 207 33
169 211 51
169 214 37
169 224 7
169 249 68
169 254 57
170 257 75
170 262 26
170 270 99
170 274 35
170 276 27
170 289 9
170 182 41
170 187 8
170 202 30
170 207 56
170 226 98
170 227 22
170 273 68
170 248 96
170 255 89
171 256 97
171 260 33
171 264 1
171 276 21
171 282 18
171 283 72
171 290 43
171 297 66
171 200 23
171 213 56
171 216 34
171 221 67
171 223 36
171 249 32
172 257 72
172 260 8
172 264 50
172 267 51
172 270 83
172 290 83
172 297 67
172 176 68
172 191 45
172 196 49
172 197 1
172 198 58
172 216 23
172 231 85
173 257 66
173 264 37
173 267 8
173 269 87
173 272 43
173 297 89
173 203 69
173 208 14
174 260 66
174 263 16
174 268 56
174 269 25
174 272 21
174 277 64
174 280 41
174 290 21
174 199 36
174 207 67
174 219 27
174 224 85
174 229 31
174 230 0
174 211 43
174 252 59
174 234 23
175 290 21
175 229 82
175 299 35
175 207 32
175 212 95
175 213 55
175 278 56
176 280 46
176 281 62
176 283 54
176 288 59
176 289 2
176 210 5
176 295 87
176 241 1
176 245 63
177 262 50
177 283 36
177 288 71
177 291 25
177 293 52
177 295 95
177 297 97
177 178 3
177 187 70
177 199 9
177 210 98
177 213 53
177 217 53
177 227 2
177 230 75
177 246 52
177 248 75
178 281 21
178 285 82
178 288 31
178 182 42
178 184 59
178 187 95
178 193 50
178 205 27
178 224 65
178 228 72
178 229 36
178 230 79
178 231 62
178 233 18
178 241 77
178 242 63
178 249 13
179 257 3
179 260 70
179 267 35
179 269 82
179 275 85
179 280 80
179 299 8
179 183 95
179 206 69
179 218 3
179 224 74
179 225 5
179 227 84
179 247 96
179 250 88
179 253 3
180 269 44
180 282 73
180 288 93
180 292 89
180 298 51
180 181 94
180 227 74
180 230 48
180 235 64
180 236 63
180 254 30
181 263 6
181 271 76
181 277 60
181 282 63
181 285 43
181 187 72
181 192 16
181 198 6
181 200 21
181 223 34
181 244 30
181 247 35
181 249 18
182 257 5
182 258 51
182 267 17
182 269 82
182 281 47
182 283 29
182 288 82
182 183 55
182 192 73
182 205 35
183 266 16
183 270 15
183 201 34
183 217 4
183 221 45
183 252 70
184 259 0
184 264 21
184 265 14
184 272 50
184 280 98
184 284 57
184 290 89
184 297 62
184 186 13
184 193 84
184 209 96
184 216 12
184 217 21
184 243 0
184 252 59
184 253 22
185 224 9
185 233 48
185 267 90
185 202 64
185 186 90
186 267 56
186 268 30
186 276 75
186 288 54
186 289 62
186 295 23
186 200 52
186 211 33
186 219 93
186 233 2
186 234 49
186 250 80
186 253 2
187 265 7
187 200 53
187 240 28
187 276 3
187 255 2
188 208 15
188 197 32
188 273 0
188 232 63
188 202 48
188 203 34
188 272 62
188 297 97
188 281 83
188 277 80
189 240 94
189 290 58
189 233 71
189 258 62
189 272 52
189 252 100
190 261 53
190 267 28
190 272 24
190 274 53
190 277 21
190 284 96
190 197 71
190 211 62
190 213 0
190 224 65
190 228 28
190 235 10
190 243 72
190 249 50
191 230 53
191 200 1
191 270 66
191 240 99
191 242 82
191 250 76
191 284 70
192 289 4
192 229 3
192 198 96
192 233 52
192 206 50
192 210 99
193 259 6
193 262 60
193 195 5
193 285 57
193 287 12
193 291 9
193 295 68
193 296 94
193 239 50
193 240 100
193 247 82
194 259 52
194 262 77
194 288 63
194 294 94
194 214 28
194 222 89
194 245 35
194 247 36
195 282 34
195 207 88
195 273 48
195 240 95
195 244 23
196 257 30
196 270 13
196 276 82
196 281 72
196 286 76
196 289 2
196 213 18
196 220 82
196 232 88
196 242 2
196 243 46
196 251 27
196 253 15
197 259 28
197 275 57
197 201 64
197 250 82
198 224 11
198 228 11
198 201 99
198 204 41
198 237 7
198 214 91
199 258 61
199 267 90
199 270 0
199 238 65
199 281 99
199 285 56
199 202 59
199 220 16
199 228 1
199 229 49
199 244 25
199 298 41
199 254 43
200 257 41
200 271 10
200 284 69
200 295 8
200 223 77
200 226 24
200 229 14
200 273 10
200 251 3
201 257 94
201 258 44
201 265 29
201 279 75
201 291 92
201 294 41
201 219 63
201 227 53
201 248 40
202 265 82
202 269 37
202 282 37
202 293 32
202 241 59
202 242 16
202 244 42
203 299 47
203 206 39
203 226 40
203 252 11
204 261 86
204 281 54
204 286 56
204 211 46
204 220 99
204 236 90
204 247 7
204 251 70
205 256 36
205 263 73
205 294 28
205 297 15
205 206 46
205 218 94
205 225 82
205 231 46
205 234 8
205 239 29
206 259 100
206 281 46
206 208 73
206 209 70
206 213 51
206 219 78
206 220 87
206 232 72
206 245 7
207 270 80
207 222 38
207 208 8
207 209 70
207 243 68
207 249 63
207 250 56
208 276 15
208 287 43
208 212 9
208 248 94
209 259 65
209 277 65
209 280 11
209 283 96
209 289 15
209 214 16
209 230 75
209 232 12
209 234 41
209 247 27
210 264 40
210 295 67
210 286 59
210 238 78
210 247 79
211 276 54
211 280 42
211 289 66
211 295 39
211 263 72
211 212 89
211 225 2
211 227 18
211 240 5
211 254 25
212 256 24
212 262 24
212 227 39
212 238 92
212 248 78
212 249 40
213 272 56
213 273 80
213 298 6
213 224 65
213 238 98
213 244 63
213 248 41
214 293 9
214 258 28
214 235 10
214 242 64
214 275 82
214 251 29
215 263 69
215 278 68
215 295 6
215 249 32
215 222 3
215 231 53
215 233 97
215 235 2
215 246 61
215 254 2
216 277 31
216 218 59
216 226 47
216 233 71
216 247 0
217 219 69
217 237 97
217 297 95
217 244 26
217 254 3
218 290 68
218 228 20
218 263 80
218 295 51
218 273 100
218 238 17
219 281 36
219 225 23
219 230 89
219 247 86
219 248 57
219 253 30
219 254 94
220 267 3
220 283 6
220 224 2
220 228 69
220 234 80
220 238 83
220 252 96
221 259 80
221 269 38
221 271 59
221 279 58
221 289 37
221 295 10
221 231 41
221 243 11
221 251 98
222 262 46
222 268 56
222 269 37
222 273 38
222 279 86
222 299 59
222 225 57
222 227 8
222 248 97
223 264 45
223 280 11
223 282 25
223 245 91
224 256 61
224 261 1
224 270 64
224 282 73
224 284 50
224 227 78
224 234 43
224 239 88
225 257 21
225 274 5
225 278 98
225 288 34
225 291 6
225 293 36
225 295 88
225 232 60
225 240 88
225 244 97
226 268 53
226 294 92
226 298 51
226 266 50
226 236 79
226 242 65
226 244 86
226 252 20
227 250 43
227 252 52
228 259 74
228 271 74
228 273 68
228 281 16
228 288 43
228 230 79
228 231 30
228 233 17
228 238 62
228 243 51
228 245 81
228 246 93
228 252 65
229 276 59
229 230 75
229 242 49
229 247 37
229 248 25
230 276 55
230 278 43
230 252 46
230 242 44
230 244 78
231 272 87
231 286 67
231 288 54
231 241 15
232 265 47
232 267 39
232 269 83
232 270 94
232 275 8
232 278 7
232 284 91
232 289 86
232 248 91
233 273 24
233 286 31
233 288 83
233 298 43
233 249 73
234 257 56
234 264 79
234 268 7
234 284 35
234 296 41
234 298 40
234 270 82
234 238 7
234 243 28
235 262 90
235 267 54
235 291 66
235 292 86
235 295 77
235 248 77
235 249 70
235 253 62
236 257 41
236 258 24
236 264 44
236 278 28
236 293 36
236 246 93
236 254 52
237 265 13
237 246 32
237 264 57
237 296 71
238 269 39
238 277 37
238 287 67
238 298 65
238 246 7
238 248 84
238 253 32
239 263 96
239 267 76
239 287 53
239 280 84
239 241 71
239 246 100
239 248 28
239 254 92
240 263 37
240 287 95
240 296 18
240 245 10
240 252 41
241 266 100
241 269 97
241 274 10
241 277 63
241 292 54
241 297 93
241 246 40
242 267 12
242 271 74
242 283 95
242 286 10
242 245 32
243 277 72
243 285 4
243 296 94
243 297 35
243 289 78
243 255 9
244 292 60
244 267 91
245 263 6
245 261 27
245 271 52
245 264 75
245 246 6
246 257 28
246 270 63
246 280 58
246 284 33
246 286 27
246 291 82
246 292 88
246 293 96
246 251 42
247 278 98
247 260 41
248 257 25
248 276 27
248 294 14
248 253 74
249 256 10
249 260 34
249 269 61
249 275 61
250 278 76
250 287 55
250 294 45
250 297 69
251 260 33
251 269 28
251 276 70
251 278 17
251 285 39
251 291 35
252 266 67
252 274 69
252 279 77
252 289 36
252 290 5
252 297 88
253 263 66
253 279 96
253 276 27
253 281 47
253 284 7
253 295 96
253 296 64
253 254 89
254 258 3
254 262 8
254 272 55
254 278 43
254 286 4
254 292 85
254 294 94
255 290 6
255 299 38
255 274 76
255 277 60
256 263 17
256 272 13
256 287 14
256 264 66
257 268 51
257 280 28
257 281 46
258 269 31
258 289 14
258 290 38
259 264 8
259 267 32
259 270 35
259 278 84
259 298 79
260 269 3
260 276 13
260 288 67
260 299 83
261 270 65
261 295 75
261 299 15
261 275 5
262 288 88
262 294 36
262 296 69
263 266 62
263 275 45
263 282 40
263 284 70
263 285 32
263 286 95
263 292 18
263 296 19
264 266 82
264 293 14
265 289 30
265 278 53
265 293 92
266 278 50
266 281 37
266 282 45
266 284 90
266 287 47
266 292 82
268 274 27
268 278 25
268 292 88
268 293 31
269 274 18
269 276 14
269 298 96
270 288 16
271 297 5
272 273 48
272 283 23
272 282 99
273 277 82
273 280 13
273 295 52
273 298 98
274 289 54
274 294 2
274 296 46
274 277 68
274 287 66
275 277 77
275 296 46
276 286 94
277 278 17
277 280 50
277 285 94
277 292 98
279 295 15
280 282 3
280 289 71
281 295 14
283 299 63
283 296 63
284 294 50
284 296 30
285 293 6
285 297 27
285 298 57
286 295 10
295 296 80
