300 4000
0 128 7
0 2 51
0 4 83
0 81 52
0 144 62
0 21 84
0 151 17
0 25 78
0 158 40
0 160 24
0 290 58
0 292 98
0 295 27
0 297 36
0 299 42
0 190 43
0 193 0
0 288 52
0 209 56
0 211 63
0 213 56
0 92 26
0 93 65
0 94 71
0 226 0
0 100 0
0 231 57
0 232 25
0 112 85
0 127 14
1 128 50
1 3 100
1 268 1
1 273 87
1 146 53
1 148 44
1 149 76
1 26 36
1 154 51
1 286 24
1 295 74
1 296 3
1 169 0
1 171 41
1 47 89
1 181 78
1 56 92
1 62 22
1 191 94
1 199 40
1 214 45
1 92 41
1 109 12
1 111 22
1 123 47
2 256 97
2 155 62
2 36 48
2 198 80
2 6 72
2 232 8
2 108 34
2 125 15
2 240 1
2 143 88
2 208 15
2 294 89
2 82 64
2 181 53
2 22 0
2 89 26
2 249 99
2 271 49
2 29 70
2 117 57
3 141 83
3 14 15
3 146 85
3 147 18
3 171 98
3 51 74
3 183 47
3 57 93
3 63 55
3 203 58
3 269 56
3 208 72
3 211 3
3 84 88
3 87 74
3 216 90
3 97 50
3 104 27
3 109 8
3 112 84
3 242 50
3 275 29
3 248 17
3 250 86
4 256 17
4 224 62
4 34 30
4 230 4
4 193 7
4 40 55
4 138 9
4 160 70
4 77 28
4 14 69
4 125 5
4 206 3
4 296 31
4 178 78
4 142 96
4 88 76
4 46 4
4 220 97
4 10 41
5 132 85
5 260 61
5 135 51
5 271 28
5 22 25
5 153 38
5 281 50
5 27 37
5 29 18
5 286 7
5 160 80
5 289 9
5 39 52
5 41 12
5 179 51
5 68 86
5 33 53
5 203 32
5 205 86
5 211 25
5 212 84
5 85 24
5 87 41
5 97 61
5 104 9
5 236 21
5 245 57
5 252 84
6 129 43
6 8 30
6 258 27
6 143 53
6 155 71
6 31 9
6 163 0
6 38 40
6 41 52
6 42 73
6 50 23
6 52 23
6 54 11
6 68 45
6 69 66
6 78 5
6 97 34
6 243 72
6 245 6
6 120 91
6 250 20
6 170 2
7 268 48
7 145 40
7 274 97
7 26 51
7 285 96
7 286 1
7 161 55
7 219 84
7 36 84
7 40 83
7 62 90
7 191 63
7 66 71
7 195 10
7 207 68
7 80 59
7 82 5
7 91 48
7 99 27
7 17 78
7 210 94
7 243 3
8 130 7
8 132 67
8 135 35
8 266 53
8 109 88
8 21 54
8 152 66
8 153 96
8 282 12
8 163 87
8 40 91
8 92 76
8 174 60
8 175 88
8 179 87
8 184 49
8 187 76
8 66 18
8 205 22
8 80 25
8 209 75
8 212 70
8 220 89
8 223 46
8 233 59
8 235 86
8 237 49
8 112 90
8 241 29
8 244 30
8 277 51
9 264 83
9 138 37
9 11 55
9 13 81
9 143 2
9 149 28
9 156 41
9 161 87
9 38 35
9 190 47
9 198 38
9 73 35
9 202 69
9 203 56
9 82 12
9 84 51
9 92 50
9 96 31
9 227 76
9 229 45
9 235 37
9 114 2
9 115 16
9 245 39
9 246 47
9 249 59
10 269 99
10 14 80
10 20 49
10 25 18
10 156 44
10 288 70
10 166 45
10 42 98
10 48 53
10 180 79
10 181 99
10 182 82
10 55 41
10 185 100
10 58 32
10 196 92
10 246 80
10 204 44
10 215 53
10 54 41
10 228 21
10 232 34
10 252 66
10 107 97
10 115 47
10 117 13
10 118 14
10 250 61
10 124 80
10 255 4
11 260 0
11 214 33
11 122 14
11 139 46
11 237 1
11 174 98
11 45 86
11 112 28
11 274 34
11 179 0
11 116 87
11 21 91
11 150 59
11 292 6
11 114 56
11 28 41
11 93 21
11 254 73
11 159 90
12 128 5
12 259 77
12 14 64
12 293 14
12 39 100
12 168 83
12 41 22
12 299 3
12 44 98
12 52 3
12 181 79
12 57 24
12 59 15
12 72 30
12 76 14
12 79 15
12 80 23
12 222 2
12 224 41
12 98 66
12 106 33
12 107 96
12 236 12
12 253 49
13 272 90
13 147 3
13 28 94
13 159 90
13 160 64
13 163 89
13 165 21
13 170 47
13 46 53
13 180 6
13 54 51
13 183 91
13 56 92
13 199 31
13 204 67
13 76 25
13 80 19
13 212 86
13 98 61
13 230 33
13 106 3
13 238 10
13 112 73
13 241 38
13 245 20
13 251 66
13 253 66
13 254 91
14 129 52
14 133 12
14 135 23
14 272 58
14 147 37
14 89 49
14 152 92
14 157 67
14 32 98
14 162 99
14 164 62
14 299 94
14 44 13
14 187 43
14 61 42
14 190 90
14 67 19
14 74 77
14 247 45
14 34 57
14 216 52
14 36 78
14 228 65
14 239 82
14 62 93
14 119 64
14 253 62
15 135 78
15 266 76
15 16 97
15 148 88
15 277 64
15 24 63
15 160 12
15 167 22
15 40 66
15 169 76
15 170 63
15 51 95
15 54 11
15 195 27
15 81 90
15 214 59
15 221 44
15 108 19
15 238 30
15 240 73
15 113 3
15 114 57
15 115 45
15 247 92
15 127 82
16 257 7
16 292 59
16 293 75
16 199 32
16 47 77
16 95 85
16 263 14
16 237 38
16 241 38
16 19 47
16 269 10
16 87 82
16 120 93
16 52 85
16 27 33
16 93 42
16 111 31
16 69 37
17 256 41
17 130 41
17 132 49
17 261 84
17 258 100
17 272 5
17 274 70
17 19 14
17 159 30
17 288 39
17 34 47
17 192 90
17 69 62
17 204 1
17 205 84
17 213 73
17 97 58
17 226 62
17 99 4
17 229 78
17 232 61
17 105 4
17 146 99
17 112 3
17 125 90
17 85 82
18 132 5
18 260 1
18 22 67
18 25 79
18 41 86
18 199 18
18 173 2
18 178 41
18 180 58
18 56 95
18 187 87
18 194 31
18 71 48
18 72 32
18 201 68
18 81 75
18 85 82
18 216 32
18 96 35
18 226 7
18 230 90
18 112 68
18 246 20
18 169 42
18 126 85
19 132 86
19 65 6
19 137 60
19 267 34
19 274 79
19 195 28
19 276 13
19 153 58
19 154 54
19 26 35
19 31 1
19 160 96
19 112 20
19 35 34
19 36 79
19 37 11
19 167 6
19 40 13
19 43 17
19 174 99
19 184 14
19 186 34
19 193 71
19 66 72
19 139 3
19 74 43
19 77 81
19 212 30
19 292 69
19 222 26
19 95 45
19 225 20
19 98 82
19 101 63
19 106 58
19 235 8
19 237 75
19 240 58
19 245 41
19 249 51
19 253 2
20 224 100
20 208 85
20 228 61
20 294 29
20 39 56
20 139 11
20 207 82
20 111 24
20 80 10
20 49 93
20 275 16
20 180 24
20 55 45
20 250 85
20 91 55
20 218 74
21 148 17
21 23 78
21 158 54
21 159 43
21 164 72
21 296 3
21 42 15
21 299 38
21 186 50
21 198 78
21 71 50
21 75 69
21 204 42
21 77 88
21 78 99
21 236 82
21 110 16
21 241 32
21 119 53
21 120 2
21 121 99
22 140 18
22 28 43
22 286 26
22 288 86
22 164 86
22 39 59
22 171 28
22 178 89
22 185 47
22 61 78
22 191 42
22 199 98
22 74 50
22 205 98
22 80 41
22 86 11
22 216 92
22 71 35
22 220 33
22 102 49
22 146 42
22 111 55
22 255 78
23 214 12
23 33 76
23 278 90
23 228 99
23 229 58
23 294 37
23 39 39
23 168 64
23 161 75
23 130 43
23 28 76
23 190 40
23 246 97
23 248 76
23 293 20
23 287 90
23 92 98
23 29 58
23 254 5
23 63 47
24 257 100
24 136 50
24 142 4
24 271 85
24 145 51
24 27 20
24 157 88
24 287 7
24 288 77
24 161 17
24 34 6
24 39 16
24 171 66
24 62 61
24 191 81
24 198 64
24 289 6
24 74 87
24 290 69
24 80 92
24 84 96
24 214 13
24 215 33
24 143 33
24 93 34
24 97 54
24 227 55
25 129 77
25 258 73
25 131 76
25 262 25
25 278 7
25 294 36
25 183 9
25 60 31
25 266 1
25 192 74
25 66 42
25 69 36
25 75 75
25 84 24
25 94 91
25 224 42
25 98 71
25 232 100
25 113 13
25 120 0
25 250 76
25 125 59
26 128 45
26 133 74
26 270 91
26 272 30
26 150 39
26 290 44
26 297 7
26 49 16
26 179 34
26 52 53
26 182 5
26 185 98
26 186 58
26 59 19
26 201 51
26 86 75
26 216 17
26 220 56
26 109 74
26 113 78
26 251 50
27 257 59
27 144 54
27 273 57
27 285 95
27 159 2
27 161 16
27 43 60
27 46 3
27 51 87
27 62 15
27 65 51
27 66 88
27 82 44
27 211 30
27 218 4
27 219 33
27 102 40
27 190 56
27 247 100
27 120 14
28 137 27
28 268 7
28 273 98
28 147 41
28 279 48
28 282 81
28 285 47
28 162 42
28 165 61
28 40 23
28 169 92
28 172 45
28 174 14
28 47 42
28 185 57
28 70 29
28 189 53
28 197 88
28 198 3
28 71 54
28 72 21
28 140 13
28 202 32
28 205 72
28 82 75
28 213 5
28 215 33
28 231 17
28 234 61
28 122 3
29 133 28
29 135 23
29 267 32
29 143 2
29 152 52
29 196 46
29 287 35
29 39 69
29 298 62
29 180 86
29 181 59
29 183 92
29 184 23
29 58 27
29 192 98
29 66 97
29 68 74
29 113 51
29 208 45
29 209 76
29 90 33
29 225 96
29 98 0
29 102 4
29 295 3
29 237 91
29 111 78
29 241 0
29 254 5
29 255 44
30 138 28
30 140 23
30 148 16
30 288 56
30 290 48
30 39 27
30 45 7
30 55 59
30 186 79
30 62 9
30 70 61
30 199 23
30 72 100
30 203 23
30 248 22
30 86 78
30 220 45
30 96 12
30 227 62
30 234 83
30 235 2
30 114 15
30 246 38
30 120 73
30 122 93
30 253 91
31 267 99
31 142 75
31 274 86
31 282 3
31 239 81
31 156 22
31 154 46
31 159 60
31 292 34
31 165 89
31 168 91
31 41 48
31 47 19
31 48 88
31 184 15
31 58 5
31 95 77
31 190 51
31 64 28
31 67 59
31 70 59
31 73 70
31 74 84
31 76 97
31 211 62
31 218 81
31 91 43
31 92 19
31 94 7
31 293 2
31 225 83
31 233 79
31 111 49
31 243 87
31 245 6
31 125 82
32 132 17
32 142 96
32 144 0
32 148 80
32 152 44
32 156 38
32 285 60
32 158 57
32 167 21
32 176 1
32 178 9
32 58 79
32 199 76
32 204 23
32 207 71
32 215 14
32 220 20
32 221 21
32 232 28
32 105 24
32 243 20
32 119 9
33 257 49
33 136 59
33 288 26
33 164 52
33 294 98
33 40 27
33 43 76
33 173 29
33 56 16
33 186 89
33 193 51
33 68 20
33 207 92
33 80 8
33 81 1
33 211 78
33 219 10
33 223 38
33 226 99
33 230 46
33 239 70
33 112 40
33 120 39
33 122 73
33 253 41
34 129 67
34 136 78
34 138 75
34 282 56
34 155 12
34 285 28
34 162 96
34 292 14
34 293 18
34 39 57
34 297 15
34 42 15
34 264 94
34 50 26
34 179 4
34 69 86
34 73 81
34 75 97
34 77 60
34 80 67
34 213 48
34 93 32
34 94 26
34 100 61
34 237 91
34 116 18
34 252 7
35 256 9
35 139 7
35 142 63
35 143 65
35 154 24
35 282 8
35 293 85
35 172 27
35 174 97
35 50 29
35 181 18
35 184 47
35 186 82
35 59 77
35 63 2
35 68 22
35 198 77
35 204 58
35 78 24
35 79 77
35 209 11
35 58 38
35 85 12
35 221 22
35 99 93
35 228 49
36 257 84
36 131 71
36 267 37
36 151 17
36 153 84
36 282 45
36 290 37
36 291 94
36 38 18
36 167 42
36 168 25
36 172 58
36 187 21
36 191 88
36 65 54
36 194 87
36 71 4
36 73 10
36 75 67
36 79 0
36 212 99
36 219 32
36 93 19
36 235 84
36 109 23
36 249 6
37 138 35
37 281 70
37 156 3
37 158 8
37 164 62
37 293 64
37 38 100
37 41 11
37 172 70
37 180 21
37 181 5
37 182 30
37 184 93
37 52 44
37 188 2
37 192 15
37 67 74
37 196 75
37 198 41
37 75 20
37 205 34
37 206 78
37 227 22
37 86 56
37 217 55
37 99 85
37 100 61
37 107 54
37 115 64
37 117 73
37 248 89
37 251 1
38 97 90
38 290 39
38 163 15
38 147 38
38 294 65
38 71 32
38 232 43
38 75 49
38 142 47
38 61 68
38 240 10
38 179 52
38 151 33
38 123 48
38 156 29
38 285 78
38 158 72
39 128 14
39 264 3
39 151 61
39 282 30
39 295 13
39 278 39
39 44 84
39 47 8
39 186 40
39 190 47
39 72 31
39 73 3
39 290 39
39 78 12
39 215 28
39 226 97
39 105 55
39 236 23
39 242 46
39 248 15
39 121 28
39 122 10
39 123 94
40 259 12
40 146 29
40 283 95
40 294 3
40 299 38
40 56 1
40 57 47
40 66 4
40 69 89
40 70 60
40 72 65
40 203 19
40 76 92
40 184 85
40 221 80
40 101 98
40 230 6
40 104 50
40 111 25
40 112 75
40 114 22
40 249 24
40 254 98
41 131 80
41 266 83
41 66 55
41 271 73
41 288 57
41 290 73
41 176 25
41 54 54
41 63 3
41 65 99
41 194 42
41 199 58
41 268 64
41 262 95
41 89 52
41 96 66
41 232 32
41 236 54
41 241 9
41 120 2
41 123 74
41 126 35
42 192 77
42 146 77
42 278 41
42 285 94
42 160 65
42 291 86
42 294 27
42 295 82
42 47 44
42 184 59
42 188 88
42 64 11
42 193 43
42 195 27
42 75 1
42 99 82
42 224 30
42 251 64
42 229 73
42 234 99
42 244 44
42 123 71
42 125 38
43 131 27
43 134 12
43 136 41
43 268 15
43 269 65
43 273 90
43 148 71
43 153 85
43 286 98
43 52 94
43 57 10
43 187 84
43 74 19
43 194 71
43 67 17
43 197 73
43 202 41
43 87 81
43 99 83
43 100 68
43 101 74
43 233 48
43 106 24
43 109 40
43 112 12
43 115 75
43 125 18
43 126 74
44 137 38
44 278 38
44 287 86
44 161 89
44 293 78
44 49 67
44 194 55
44 200 94
44 268 16
44 75 75
44 206 81
44 210 87
44 86 39
44 224 46
44 100 50
44 101 16
44 231 34
44 232 82
44 240 18
44 113 66
44 115 59
44 123 52
45 141 24
45 276 14
45 152 5
45 281 88
45 157 17
45 291 75
45 167 37
45 169 24
45 177 3
45 181 74
45 67 8
45 200 44
45 201 62
45 82 100
45 90 36
45 95 70
45 97 54
45 99 42
45 104 86
45 238 6
45 247 38
45 251 72
45 127 97
46 134 53
46 267 46
46 142 81
46 143 83
46 149 73
46 161 74
46 296 61
46 48 20
46 60 47
46 66 59
46 68 93
46 73 45
46 207 45
46 211 26
46 88 58
46 224 10
46 97 30
46 188 69
46 235 39
46 108 51
46 114 26
46 246 14
46 250 40
46 252 85
47 134 49
47 129 31
47 271 65
47 144 76
47 147 91
47 149 28
47 161 78
47 72 19
47 50 69
47 53 81
47 182 67
47 64 47
47 193 4
47 195 25
47 196 51
47 200 15
47 202 92
47 208 92
47 222 74
47 95 30
47 104 17
47 232 34
47 114 40
47 254 95
48 133 30
48 139 93
48 271 53
48 174 95
48 282 44
48 284 4
48 165 9
48 168 69
48 297 49
48 61 1
48 201 58
48 74 40
48 204 29
48 210 63
48 93 17
48 224 50
48 232 30
48 238 23
48 125 93
48 127 81
49 64 28
49 256 43
49 162 92
49 165 7
49 58 70
49 289 41
49 232 8
49 297 91
49 267 10
49 111 11
49 211 27
49 90 47
49 251 24
49 157 39
50 97 27
50 229 53
50 161 88
50 264 56
50 233 48
50 299 8
50 194 86
50 142 76
50 245 81
50 210 22
50 171 39
50 280 9
50 62 31
50 102 95
50 285 92
50 158 55
50 293 47
51 129 49
51 258 47
51 263 67
51 143 28
51 292 7
51 298 56
51 180 29
51 56 50
51 187 60
51 189 47
51 68 22
51 214 26
51 218 29
51 99 77
51 239 8
51 117 76
51 118 30
51 124 31
51 170 32
52 270 63
52 274 56
52 277 87
52 152 65
52 157 86
52 287 97
52 162 18
52 167 34
52 169 29
52 181 83
52 183 60
52 186 88
52 59 100
52 134 4
52 63 57
52 192 33
52 65 28
52 67 55
52 203 65
52 205 41
52 78 15
52 90 76
52 96 60
52 100 74
52 146 96
52 110 12
52 244 49
52 125 56
53 128 42
53 268 81
53 272 50
53 146 33
53 156 44
53 161 80
53 294 96
53 167 66
53 169 16
53 180 51
53 57 82
53 186 83
53 65 53
53 68 74
53 76 6
53 206 20
53 212 57
53 213 95
53 225 54
53 110 7
53 127 30
54 131 93
54 261 68
54 136 37
54 146 53
54 284 78
54 160 70
54 163 65
54 179 28
54 62 3
54 197 53
54 204 88
54 86 33
54 90 55
54 221 43
54 226 84
54 101 63
54 106 70
54 109 88
54 239 31
54 250 53
55 128 77
55 260 26
55 261 88
55 142 2
55 277 88
55 154 65
55 290 71
55 163 64
55 172 68
55 181 80
55 56 93
55 188 45
55 68 9
55 78 42
55 82 85
55 218 45
55 93 61
55 96 91
55 231 46
55 238 87
55 119 25
56 262 11
56 139 25
56 268 100
56 148 82
56 281 54
56 296 54
56 299 77
56 182 10
56 57 58
56 188 40
56 197 67
56 198 4
56 74 83
56 212 21
56 85 27
56 88 39
56 219 67
56 221 41
56 95 55
56 100 15
56 101 90
56 116 91
56 245 83
56 125 49
57 138 55
57 125 92
57 109 57
57 270 35
57 111 41
57 211 4
57 122 53
57 187 17
57 220 84
57 157 66
57 158 56
57 127 78
58 128 26
58 136 84
58 267 1
58 143 9
58 281 39
58 286 38
58 294 93
58 167 67
58 170 47
58 61 21
58 192 75
58 73 14
58 213 68
58 93 26
58 226 57
58 227 85
58 102 74
58 104 77
58 108 21
58 239 69
58 252 55
58 127 89
59 258 54
59 271 24
59 279 47
59 153 82
59 165 8
59 296 21
59 177 10
59 196 46
59 73 8
59 74 88
59 203 91
59 205 98
59 207 56
59 80 10
59 214 70
59 208 8
59 99 19
59 114 38
59 121 55
59 123 32
60 256 20
60 263 5
60 147 86
60 168 6
60 169 58
60 222 32
60 194 75
60 79 8
60 80 76
60 90 100
60 91 85
60 92 85
60 94 53
60 239 87
60 240 83
60 250 17
60 127 50
60 125 43
60 126 39
60 255 3
61 259 94
61 134 23
61 264 83
61 266 32
61 269 64
61 271 90
61 275 94
61 164 100
61 165 18
61 297 41
61 190 90
61 198 81
61 201 55
61 202 98
61 77 31
61 223 71
61 100 89
61 294 47
61 102 40
61 104 79
61 236 78
61 242 45
61 249 19
61 123 64
61 125 50
61 255 53
62 132 78
62 261 34
62 134 90
62 257 72
62 151 27
62 268 49
62 275 9
62 148 27
62 279 78
62 68 53
62 158 0
62 291 80
62 175 58
62 176 6
62 67 30
62 196 10
62 163 83
62 213 26
62 94 16
62 231 9
62 118 53
62 249 79
63 264 18
63 140 74
63 270 21
63 154 87
63 161 93
63 294 33
63 199 80
63 77 35
63 215 58
63 221 48
63 226 88
63 228 29
63 231 81
63 118 53
63 247 31
63 248 85
63 123 73
63 127 24
64 256 33
64 257 80
64 265 54
64 274 60
64 275 58
64 154 1
64 157 34
64 160 65
64 289 60
64 165 92
64 65 94
64 69 24
64 70 22
64 161 66
64 119 91
64 90 88
64 92 64
64 221 16
64 102 6
64 237 40
64 285 97
64 118 8
64 247 47
64 251 27
64 253 94
64 126 45
65 134 73
65 145 19
65 146 12
65 280 27
65 288 50
65 161 46
65 291 54
65 293 48
65 294 77
65 93 87
65 177 47
65 201 19
65 186 78
65 196 40
65 73 66
65 80 31
65 211 61
65 213 39
65 86 91
65 87 0
65 250 80
65 94 21
65 227 70
65 104 76
65 106 96
65 112 40
65 113 75
65 122 6
65 124 45
65 127 68
66 267 99
66 140 16
66 142 80
66 147 87
66 148 44
66 279 72
66 282 90
66 292 62
66 165 92
66 294 17
66 285 81
66 243 39
66 181 16
66 185 65
66 187 59
66 194 89
66 79 85
66 81 70
66 82 58
66 85 91
66 207 91
66 224 69
66 226 37
66 233 65
66 106 100
66 111 71
66 296 60
66 119 60
66 124 73
67 134 94
67 279 59
67 155 0
67 286 6
67 288 78
67 162 16
67 164 68
67 174 28
67 176 76
67 179 88
67 159 39
67 100 42
67 224 65
67 228 32
67 115 36
67 117 6
67 118 65
67 253 2
67 126 3
67 127 52
68 259 69
68 264 59
68 270 68
68 275 97
68 278 76
68 158 51
68 159 86
68 288 36
68 165 94
68 183 5
68 194 76
68 197 16
68 210 72
68 215 100
68 97 76
68 115 85
68 126 46
69 166 17
69 70 78
69 73 15
69 267 12
69 204 3
69 174 58
69 79 66
69 242 54
69 211 73
69 84 27
69 214 90
69 152 46
69 111 21
69 126 48
70 261 25
70 165 63
70 209 39
70 127 49
70 140 46
70 205 13
70 77 78
70 144 92
70 145 16
70 279 61
70 280 23
70 218 88
70 187 8
70 220 6
71 139 56
71 140 94
71 147 26
71 153 47
71 161 27
71 165 51
71 299 66
71 173 78
71 178 74
71 201 87
71 75 78
71 77 68
71 92 57
71 242 14
71 246 97
71 253 54
71 255 12
72 264 51
72 139 70
72 274 48
72 278 52
72 165 29
72 171 32
72 197 8
72 204 19
72 84 58
72 221 23
72 228 88
72 230 39
72 243 27
72 116 76
72 247 89
72 252 66
73 100 3
73 165 92
73 193 93
73 199 28
73 173 25
73 189 52
73 237 45
73 119 31
73 218 96
73 281 79
73 90 61
74 257 51
74 130 32
74 246 21
74 201 15
74 127 51
74 223 45
74 80 74
74 146 100
74 148 30
74 184 42
74 219 96
74 93 81
75 129 40
75 132 36
75 133 78
75 136 95
75 284 96
75 285 84
75 171 77
75 209 23
75 85 20
75 88 84
75 93 33
75 222 71
75 108 4
75 242 9
75 115 39
76 262 24
76 266 6
76 267 73
76 277 75
76 286 43
76 161 25
76 163 2
76 164 49
76 165 66
76 171 86
76 190 53
76 141 25
76 80 66
76 81 64
76 215 65
76 88 44
76 101 96
76 104 0
76 238 26
76 232 8
76 117 66
76 252 89
76 125 51
77 128 22
77 129 31
77 264 61
77 147 14
77 280 21
77 281 3
77 168 54
77 297 90
77 199 97
77 202 62
77 98 40
77 210 69
77 211 63
77 215 76
77 93 47
77 96 32
77 226 100
77 235 25
77 126 0
77 119 13
77 254 12
78 266 51
78 120 99
78 163 4
78 116 10
78 280 71
78 185 70
78 152 44
78 245 54
79 256 35
79 135 40
79 150 67
79 151 72
79 152 96
79 155 30
79 197 3
79 167 44
79 298 60
79 178 41
79 182 17
79 190 23
79 193 60
79 140 26
79 213 22
79 225 61
79 227 89
79 230 36
79 188 65
79 245 79
80 263 70
80 138 79
80 267 3
80 143 2
80 272 13
80 276 86
80 287 85
80 170 94
80 173 5
80 177 32
80 186 57
80 189 52
80 84 1
80 218 16
80 221 91
80 228 46
80 230 91
80 112 46
80 115 69
80 119 45
80 122 66
80 251 15
81 259 35
81 141 10
81 142 47
81 276 18
81 196 68
81 284 30
81 159 87
81 291 96
81 156 41
81 177 6
81 181 39
81 194 81
81 204 72
81 83 47
81 212 64
81 222 23
81 233 57
81 241 67
81 118 25
81 247 92
81 250 16
81 126 6
82 130 65
82 259 84
82 267 6
82 194 69
82 145 38
82 146 92
82 275 59
82 149 71
82 279 5
82 163 75
82 293 6
82 167 90
82 187 40
82 198 70
82 207 93
82 211 12
82 94 7
82 223 67
82 97 69
82 233 26
82 236 80
82 240 38
82 254 43
83 193 95
83 148 26
83 177 63
83 220 15
83 212 3
83 217 79
83 280 75
83 180 66
83 188 28
83 125 83
84 133 1
84 137 23
84 139 4
84 265 86
84 274 68
84 284 31
84 167 11
84 162 32
84 163 96
84 293 83
84 295 95
84 296 29
84 298 68
84 176 56
84 184 100
84 189 90
84 190 54
84 192 41
84 203 84
84 207 80
84 89 1
84 219 94
84 98 86
84 228 43
84 233 55
84 235 63
84 109 99
84 119 83
84 127 6
85 194 79
85 178 37
85 293 33
85 294 66
85 263 0
85 172 68
85 110 65
85 223 97
85 281 44
85 121 66
85 282 55
85 283 78
85 156 30
86 135 44
86 172 41
86 139 30
86 268 89
86 155 84
86 265 50
86 157 3
86 289 95
86 170 9
86 137 80
86 211 32
86 212 28
86 94 39
86 101 27
86 104 1
86 234 13
86 236 44
86 113 34
86 247 77
87 132 29
87 134 95
87 269 41
87 278 6
87 260 3
87 158 13
87 291 67
87 296 38
87 170 91
87 184 87
87 194 8
87 195 54
87 206 41
87 101 18
87 225 59
87 99 34
87 229 1
87 232 10
87 248 60
88 256 75
88 264 93
88 141 13
88 275 59
88 281 5
88 156 33
88 289 13
88 291 56
88 292 54
88 295 48
88 168 47
88 297 14
88 298 81
88 176 10
88 180 47
88 184 2
88 190 17
88 203 40
88 213 23
88 224 30
88 247 78
89 130 59
89 261 31
89 263 47
89 136 71
89 268 77
89 274 99
89 151 98
89 164 87
89 293 63
89 296 53
89 193 66
89 195 89
89 197 15
89 198 1
89 92 47
89 222 32
89 95 73
89 99 28
89 229 54
89 103 81
89 233 10
89 146 1
89 238 8
89 113 88
89 114 19
89 118 93
90 258 20
90 262 19
90 148 66
90 149 83
90 161 99
90 162 63
90 293 44
90 173 88
90 176 51
90 187 52
90 194 81
90 210 26
90 214 99
90 216 69
90 223 40
90 245 74
90 119 27
90 248 58
90 249 24
90 126 47
91 224 99
91 96 86
91 226 66
91 163 0
91 262 18
91 134 74
91 295 52
91 137 53
91 140 21
91 194 23
91 271 91
91 176 33
91 291 17
91 180 42
91 246 1
91 286 69
91 191 58
92 263 82
92 266 23
92 139 66
92 268 73
92 149 39
92 151 64
92 161 55
92 289 11
92 167 1
92 172 83
92 173 28
92 193 45
92 209 39
92 237 41
92 240 92
92 118 27
92 119 47
92 125 97
93 128 62
93 129 62
93 270 13
93 274 43
93 287 31
93 288 1
93 174 53
93 200 89
93 183 37
93 214 16
93 219 5
93 234 87
93 237 72
93 114 23
93 125 31
93 126 100
93 127 0
94 130 100
94 269 37
94 273 60
94 152 89
94 163 83
94 287 70
94 159 66
94 196 2
94 162 81
94 206 31
94 207 79
94 219 99
94 220 45
94 97 58
94 188 18
94 107 37
94 237 5
94 243 7
94 248 83
94 124 11
94 255 37
95 263 12
95 136 95
95 266 16
95 274 69
95 277 46
95 151 52
95 175 46
95 285 85
95 161 5
95 296 34
95 206 25
95 212 80
95 250 76
95 108 59
95 241 9
95 244 78
95 248 43
95 122 86
96 129 30
96 138 62
96 269 88
96 146 85
96 137 59
96 281 38
96 265 22
96 293 34
96 169 92
96 198 40
96 183 92
96 206 33
96 101 65
96 237 42
97 258 43
97 135 88
97 275 86
97 149 33
97 288 33
97 289 75
97 175 67
97 186 13
97 188 79
97 189 21
97 197 51
97 202 100
97 247 33
97 208 24
97 216 27
97 229 91
97 103 53
97 242 16
97 119 79
97 248 85
97 123 12
97 252 55
97 125 47
98 257 64
98 264 0
98 140 58
98 283 19
98 286 24
98 285 55
98 184 88
98 216 62
98 220 9
98 224 25
98 233 46
98 235 70
98 108 27
98 237 74
98 240 78
98 116 100
98 249 8
99 259 27
99 143 44
99 149 71
99 279 31
99 154 55
99 289 46
99 290 53
99 292 97
99 169 75
99 172 31
99 174 36
99 175 53
99 178 41
99 180 9
99 181 25
99 186 46
99 189 47
99 232 45
99 233 10
99 109 6
99 245 65
99 119 81
100 133 83
100 266 16
100 267 85
100 270 30
100 278 45
100 151 18
100 283 85
100 159 77
100 288 51
100 291 53
100 170 70
100 175 13
100 176 76
100 201 72
100 188 94
100 190 54
100 290 97
100 210 42
100 142 65
100 223 1
100 103 65
100 104 27
100 110 35
100 189 10
100 112 45
100 114 25
100 243 8
101 265 42
101 267 23
101 269 89
101 153 35
101 156 33
101 287 38
101 294 55
101 171 80
101 179 49
101 206 80
101 223 94
101 236 89
101 114 37
101 246 77
101 253 18
102 225 68
102 228 56
102 134 27
102 167 33
102 209 16
102 299 52
102 206 56
102 176 82
102 241 14
102 148 100
102 270 26
102 280 13
102 220 88
102 191 6
103 258 86
103 131 20
103 264 80
103 268 11
103 271 78
103 272 6
103 145 94
103 149 31
103 279 74
103 155 43
103 284 42
103 291 62
103 292 50
103 181 68
103 185 54
103 190 81
103 196 71
103 108 56
103 110 31
103 252 88
103 255 68
104 264 27
104 137 65
104 144 21
104 149 33
104 157 20
104 286 29
104 161 67
104 292 65
104 174 58
104 180 5
104 187 44
104 192 53
104 206 29
104 225 17
104 124 50
104 116 42
104 247 68
104 252 40
105 128 0
105 256 12
105 140 98
105 153 68
105 283 18
105 158 51
105 159 68
105 290 78
105 165 37
105 166 64
105 299 72
105 182 27
105 193 93
105 205 23
105 219 41
105 220 25
105 222 37
105 107 100
105 111 14
105 240 2
105 249 63
106 128 3
106 130 90
106 132 60
106 133 70
106 264 75
106 266 11
106 275 57
106 284 65
106 162 1
106 169 15
106 174 35
106 184 16
106 192 5
106 269 85
106 209 23
106 238 96
106 112 71
106 116 48
107 162 61
107 291 44
107 229 17
107 230 89
107 205 48
107 208 19
107 145 1
107 259 98
107 222 79
107 219 72
107 133 28
108 260 96
108 135 56
108 140 85
108 164 94
108 298 96
108 173 46
108 179 23
108 195 82
108 226 59
108 236 18
108 239 58
108 245 46
108 246 90
108 127 77
108 253 49
108 255 7
109 229 49
109 298 96
109 111 15
109 277 14
109 247 49
109 234 23
110 132 64
110 133 20
110 137 76
110 274 32
110 280 22
110 157 19
110 287 71
110 161 16
110 291 33
110 170 2
110 204 37
110 206 18
110 242 24
110 245 43
110 246 55
110 121 42
110 252 74
110 277 86
111 261 65
111 281 100
111 284 73
111 173 3
111 224 93
111 230 78
111 238 57
111 241 31
111 250 89
112 261 25
112 263 29
112 171 3
112 279 46
112 160 18
112 295 76
112 179 7
112 189 72
112 196 16
112 200 62
112 218 52
112 222 31
112 223 19
112 146 43
112 239 45
112 240 56
112 296 43
112 119 4
112 120 90
112 127 36
113 256 0
113 152 77
113 206 25
113 145 29
113 211 71
113 277 58
113 251 26
113 218 25
113 186 77
113 123 35
113 264 99
113 296 53
114 132 83
114 277 26
114 151 9
114 280 25
114 284 52
114 290 83
114 164 94
114 183 20
114 184 72
114 185 81
114 189 16
114 196 9
114 207 59
114 213 62
114 226 67
114 236 39
114 168 29
114 119 30
114 250 97
114 253 67
114 127 6
115 133 7
115 262 78
115 264 85
115 266 34
115 270 6
115 273 44
115 147 49
115 283 56
115 289 20
115 291 53
115 292 9
115 165 91
115 294 6
115 295 33
115 168 31
115 265 81
115 185 57
115 191 51
115 212 63
115 215 10
115 230 100
115 246 92
116 257 49
116 130 37
116 138 5
116 283 47
116 168 75
116 171 63
116 185 18
116 187 84
116 195 96
116 247 7
116 207 60
116 184 30
116 223 21
116 119 94
116 124 16
117 257 19
117 259 97
117 136 57
117 271 39
117 147 87
117 151 61
117 153 58
117 158 28
117 165 30
117 175 45
117 177 16
117 189 12
117 191 65
117 198 56
117 205 28
117 219 92
117 236 71
117 242 3
117 123 95
118 258 16
118 135 72
118 269 60
118 142 83
118 217 33
118 163 22
118 295 30
118 296 93
118 298 44
118 178 61
118 183 42
118 213 19
118 215 11
118 221 94
118 224 51
118 191 32
119 129 66
119 276 59
119 149 24
119 153 33
119 156 75
119 297 45
119 181 13
119 214 54
119 245 81
119 246 33
119 248 79
120 129 97
120 265 98
120 274 15
120 152 32
120 290 12
120 295 71
120 168 68
120 204 84
120 211 53
120 212 4
120 218 53
120 222 66
120 232 56
120 247 49
120 121 10
120 252 40
121 193 7
121 228 20
121 198 53
121 233 33
121 252 26
121 225 13
121 204 24
121 124 65
121 275 17
121 180 58
121 216 94
121 282 56
121 187 94
121 156 22
121 125 35
122 128 74
122 256 41
122 131 1
122 262 8
122 266 23
122 287 21
122 167 26
122 284 33
122 177 2
122 178 34
122 183 84
122 223 69
122 195 20
122 207 81
122 224 6
122 227 65
122 233 60
122 236 49
122 248 6
123 261 85
123 262 0
123 265 28
123 148 75
123 277 91
123 151 64
123 280 92
123 156 16
123 292 26
123 295 11
123 172 25
123 178 49
123 179 78
123 217 42
123 224 77
123 226 86
123 239 42
123 240 83
123 243 16
124 277 78
124 150 9
124 281 99
124 284 53
124 158 6
124 160 91
124 161 54
124 173 7
124 187 80
124 199 64
124 206 37
124 208 78
124 231 86
124 240 3
125 133 56
125 137 7
125 139 3
125 268 32
125 143 62
125 274 4
125 259 100
125 150 20
125 287 58
125 171 3
125 181 16
125 200 18
125 202 91
125 207 68
125 211 16
125 237 28
125 244 86
125 251 30
125 298 3
125 127 39
126 258 95
126 131 41
126 260 98
126 276 1
126 277 88
126 299 82
126 154 84
126 158 11
126 294 13
126 170 42
126 182 27
126 183 85
126 221 46
126 225 18
126 226 27
126 250 12
127 129 63
127 261 55
127 134 15
127 150 86
127 279 13
127 284 80
127 287 49
127 162 66
127 221 7
127 180 62
127 191 5
127 196 86
127 197 66
127 200 37
127 218 0
127 237 11
127 244 68
128 260 74
128 134 25
128 135 37
128 142 68
128 274 99
128 153 88
128 280 59
128 281 48
128 164 62
128 173 95
128 174 74
128 191 89
128 196 57
128 201 1
128 213 25
128 214 81
128 238 8
128 244 64
128 245 29
128 248 75
128 234 7
129 162 37
129 137 40
129 266 20
129 290 83
129 269 68
129 143 85
129 154 41
129 167 78
129 181 85
129 194 11
129 201 75
129 208 24
129 212 3
129 225 33
129 229 25
129 233 3
129 239 24
129 249 56
129 250 38
130 142 91
130 272 76
130 146 79
130 150 88
130 287 29
130 293 21
130 167 69
130 174 44
130 182 25
130 192 33
130 218 51
130 219 35
130 273 78
130 243 18
130 246 69
130 250 23
131 259 37
131 266 97
131 144 53
131 282 77
131 284 17
131 157 46
131 164 10
131 166 97
131 167 5
131 177 38
131 183 86
131 198 72
131 207 17
131 212 61
131 218 81
131 220 96
131 235 49
131 254 11
132 176 19
132 196 39
132 147 40
132 271 65
132 272 64
132 178 69
132 188 87
132 286 72
132 223 20
133 256 69
133 265 45
133 158 82
133 160 35
133 172 78
133 204 100
133 205 20
133 220 21
133 239 53
133 250 87
134 259 36
134 138 95
134 143 87
134 145 15
134 146 61
134 149 41
134 153 85
134 183 89
134 189 39
134 227 47
134 243 7
134 248 52
135 143 54
135 276 24
135 281 83
135 288 7
135 163 55
135 166 40
135 169 37
135 186 19
135 191 83
135 197 13
135 207 47
135 211 91
135 216 43
135 224 38
135 229 34
135 230 69
135 244 70
136 262 32
136 138 15
136 275 45
136 283 2
136 159 78
136 288 69
136 292 44
136 293 51
136 168 92
136 298 85
136 223 17
136 180 70
136 187 66
136 190 87
136 194 73
136 199 56
136 205 87
136 209 84
136 211 8
136 216 88
136 230 89
136 170 37
136 253 58
137 266 4
137 139 95
137 140 40
137 275 9
137 281 91
137 283 1
137 158 33
137 293 27
137 156 12
137 171 80
137 174 70
137 183 41
137 201 67
137 212 77
137 214 22
137 217 84
137 224 38
137 268 32
137 247 93
137 248 41
138 291 60
138 294 41
138 203 59
138 172 32
138 145 94
138 148 89
138 280 57
138 186 55
138 221 20
139 260 24
139 269 80
139 271 76
139 280 33
139 282 100
139 159 35
139 164 99
139 167 100
139 185 64
139 190 99
139 196 13
139 205 69
139 292 47
139 231 93
140 260 40
140 264 0
140 267 0
140 154 44
140 155 17
140 159 36
140 288 48
140 293 77
140 294 9
140 171 52
140 175 5
140 180 14
140 193 13
140 204 69
140 221 57
140 222 87
140 223 83
140 226 85
140 232 100
140 237 3
140 243 86
141 169 23
141 171 79
141 143 9
141 209 19
141 217 94
141 253 13
141 159 60
142 261 56
142 266 68
142 276 76
142 287 48
142 163 13
142 164 91
142 194 89
142 213 41
142 215 18
142 292 60
142 229 55
142 238 93
143 259 82
143 260 13
143 148 29
143 284 24
143 162 80
143 294 73
143 295 58
143 296 84
143 170 1
143 178 50
143 186 84
143 225 87
143 233 92
143 208 27
144 261 9
144 145 75
144 164 87
144 165 41
144 294 92
144 298 49
144 184 88
144 186 35
144 193 42
144 215 82
144 220 83
144 224 16
144 232 75
144 234 32
144 235 1
144 244 8
144 247 24
144 252 36
145 284 20
145 231 12
145 160 87
145 164 83
145 294 91
145 173 69
145 179 12
145 159 48
145 189 69
145 212 87
145 247 62
145 250 23
146 264 45
146 192 34
146 219 71
146 222 52
146 236 49
146 237 70
146 246 34
147 258 21
147 259 55
147 283 94
147 296 70
147 172 60
147 175 0
147 178 26
147 186 5
147 187 81
147 197 0
147 224 46
147 227 94
147 229 53
147 252 73
148 267 76
148 279 21
148 284 67
148 168 81
148 178 46
148 180 40
148 183 100
148 216 78
148 219 70
148 221 16
148 230 59
148 235 85
149 267 97
149 283 19
149 159 22
149 176 19
149 183 100
149 186 56
149 187 52
149 192 30
149 196 36
149 225 38
149 210 73
149 216 63
149 221 56
149 229 41
149 231 95
149 242 12
149 249 65
149 250 51
149 254 57
149 255 59
150 192 83
150 256 67
150 267 67
150 197 39
150 167 36
150 220 45
150 276 12
150 239 21
150 221 91
150 158 34
151 257 11
151 268 71
151 280 48
151 284 35
151 286 83
151 220 43
151 178 96
151 189 23
151 164 19
151 226 79
151 230 40
151 235 93
151 236 34
152 258 37
152 274 19
152 284 74
152 164 96
152 165 13
152 169 4
152 175 64
152 264 0
152 211 44
152 206 39
152 246 98
153 260 69
153 277 90
153 157 43
153 159 64
153 179 49
153 182 100
153 184 48
153 211 13
153 226 47
153 230 69
153 234 95
153 252 25
153 253 76
154 267 50
154 271 52
154 275 56
154 283 28
154 156 82
154 293 19
154 179 31
154 155 31
154 186 29
154 200 94
154 205 24
154 210 24
154 212 17
154 221 0
154 223 38
154 233 11
154 254 65
155 263 88
155 277 33
155 167 30
155 296 91
155 179 20
155 180 5
155 182 98
155 192 0
155 196 19
155 201 67
155 290 2
155 209 45
155 228 85
155 248 62
155 250 78
156 260 54
156 261 34
156 263 10
156 269 14
156 166 60
156 186 40
156 197 95
156 228 53
156 240 79
156 213 43
157 238 79
157 288 8
157 291 38
157 175 71
157 179 8
157 189 29
157 195 53
157 210 91
157 213 90
157 235 40
157 242 14
157 243 35
158 258 26
158 260 88
158 263 69
158 271 84
158 164 74
158 180 41
158 193 86
158 212 58
158 221 8
158 236 92
158 238 26
158 246 13
159 256 15
159 263 44
159 278 4
159 279 45
159 280 85
159 286 89
159 289 57
159 171 23
159 176 17
159 287 96
159 191 79
159 193 78
159 161 46
159 213 87
159 222 51
159 238 94
159 244 56
160 265 76
160 266 82
160 297 45
160 183 43
160 207 51
160 213 56
160 215 28
160 217 36
160 218 85
160 229 90
160 244 79
160 248 62
161 260 64
161 282 8
161 288 66
161 292 64
161 165 92
161 295 30
161 180 20
161 184 20
161 189 6
161 206 98
161 230 23
161 244 27
162 272 29
162 278 97
162 280 33
162 294 67
162 297 85
162 202 40
162 203 7
162 207 41
162 210 20
162 213 8
162 219 24
163 274 95
163 278 48
163 280 70
163 289 18
163 293 96
163 172 49
163 180 21
163 190 38
163 199 63
163 203 30
163 229 63
163 233 13
163 236 58
163 240 39
163 242 62
164 278 50
164 299 96
164 197 6
164 198 88
164 203 38
164 212 55
164 216 67
164 225 20
164 272 82
164 247 79
164 253 22
164 213 61
165 296 8
165 186 62
165 198 100
165 216 78
165 232 100
165 242 59
166 193 34
166 228 63
166 229 16
166 233 27
166 171 2
166 174 6
166 201 81
166 220 40
166 251 2
166 223 13
167 285 93
167 286 59
167 291 57
167 171 3
167 188 25
167 190 55
167 198 94
167 199 18
167 210 31
167 211 53
167 213 25
167 227 89
167 238 92
167 240 53
168 257 44
168 263 16
168 280 37
168 281 36
168 242 96
168 185 62
168 201 75
168 204 95
168 207 5
168 215 81
168 217 7
168 235 54
169 256 27
169 259 50
169 279 42
169 285 98
169 293 19
169 171 81
169 182 73
169 183 39
169 218 56
169 239 39
169 241 46
169 251 31
170 225 16
170 194 8
170 275 73
170 268 59
170 226 68
170 238 96
170 239 93
170 213 42
171 258 44
171 263 45
171 278 14
171 287 7
171 173 93
171 185 90
171 201 19
171 202 66
171 213 51
171 223 18
171 229 52
172 258 52
172 259 52
172 264 47
172 278 31
172 284 96
172 287 21
172 290 58
172 296 44
172 173 71
172 174 28
172 199 43
172 208 79
172 231 23
172 252 95
173 261 7
173 268 94
173 272 2
173 291 79
173 294 79
173 202 56
173 228 22
173 250 3
174 258 53
174 266 89
174 270 10
174 285 86
174 287 72
174 297 24
174 298 41
174 182 9
174 186 94
174 205 53
174 230 97
174 244 16
175 225 49
175 197 81
175 259 79
175 273 86
175 245 66
175 214 14
175 255 81
176 263 45
176 265 70
176 267 78
176 278 89
176 284 84
176 299 68
176 182 61
176 188 63
176 209 59
176 228 22
176 225 92
176 231 25
176 233 48
176 236 59
176 239 32
176 243 38
176 248 16
177 262 37
177 274 5
177 180 6
177 199 28
177 202 75
177 210 79
177 212 76
177 215 95
177 220 33
177 225 50
177 247 20
177 248 19
177 250 98
178 265 74
178 287 87
178 186 58
178 192 67
178 195 42
178 201 30
178 206 26
178 215 77
178 219 40
178 222 75
178 250 6
178 251 67
178 253 39
179 256 68
179 278 88
179 288 72
179 181 68
179 201 74
179 237 68
179 244 22
179 253 67
180 261 79
180 271 89
180 276 77
180 282 25
180 286 87
180 188 30
180 189 67
180 199 9
180 212 4
180 264 29
181 262 100
181 209 1
181 276 36
181 231 38
181 293 6
181 298 4
181 257 2
181 186 68
181 287 77
181 192 3
181 193 78
181 268 43
181 227 93
181 213 59
181 235 72
181 236 92
181 239 21
181 248 72
182 271 0
182 279 100
182 280 51
182 195 11
182 213 35
182 228 95
182 229 27
182 281 29
182 252 13
183 276 97
183 284 19
183 290 28
183 294 74
183 191 54
183 195 20
183 202 97
183 211 32
183 214 100
183 229 17
183 234 65
183 239 11
183 250 3
184 256 34
184 261 79
184 215 68
184 274 97
184 280 50
184 297 55
184 193 90
184 200 69
184 206 81
184 223 63
184 237 20
184 251 73
185 193 91
185 233 72
185 298 36
185 215 83
185 222 10
186 271 85
186 278 12
186 281 75
186 219 11
186 190 100
186 196 94
186 198 57
186 206 67
186 228 85
186 242 99
187 256 88
187 267 43
187 271 67
187 281 50
187 298 88
187 198 46
187 202 39
187 203 42
187 270 23
187 222 26
187 230 99
187 238 35
187 239 26
187 241 41
188 264 88
188 269 55
188 282 34
188 284 39
188 285 42
188 286 56
188 191 34
188 199 8
188 208 78
188 210 31
188 216 15
188 217 58
188 224 79
188 227 19
188 234 74
188 240 34
188 244 44
189 256 82
189 263 69
189 264 2
189 197 39
189 203 93
189 205 41
189 216 31
189 228 95
189 219 46
189 226 98
189 251 35
189 255 97
190 264 98
190 276 35
190 279 54
190 299 97
190 194 9
190 220 88
190 222 74
190 224 12
190 229 100
190 239 83
190 254 37
191 256 59
191 262 9
191 272 32
191 277 100
191 199 17
191 218 54
191 237 23
191 240 12
191 245 23
191 255 61
192 278 49
192 264 85
192 286 92
192 289 97
192 291 76
192 295 39
192 298 93
192 203 5
192 215 43
192 230 40
192 231 26
192 233 26
192 238 93
192 234 90
193 256 7
193 273 70
193 279 55
193 290 19
193 296 57
193 229 50
193 238 15
193 252 13
194 260 3
194 267 23
194 281 92
194 283 49
194 287 42
194 219 41
194 295 27
194 296 51
194 213 36
194 224 89
194 228 53
195 260 25
195 262 67
195 267 43
195 270 5
195 292 25
195 298 23
195 199 22
195 213 67
195 226 28
195 233 37
195 249 44
196 265 65
196 284 47
196 290 74
196 298 66
196 197 47
196 206 29
196 213 80
196 285 56
196 220 45
196 229 57
196 230 48
196 242 68
196 244 24
197 271 41
197 282 37
197 208 21
197 218 38
197 207 69
197 231 68
197 236 88
197 245 31
197 253 25
198 260 55
198 273 37
198 277 37
198 283 60
198 286 95
198 297 86
198 215 17
198 229 51
198 230 23
198 233 20
198 238 3
198 240 88
199 256 80
199 278 91
199 274 82
199 282 31
199 287 62
199 289 84
199 294 42
199 234 28
199 246 72
199 255 78
200 256 97
200 260 41
200 261 29
200 272 61
200 290 95
200 296 35
200 204 98
200 208 100
200 209 53
200 215 74
200 220 12
200 235 11
200 237 67
201 256 28
201 275 18
201 284 59
201 294 95
201 297 6
201 212 44
201 231 59
201 233 4
201 247 24
202 279 82
202 294 58
202 298 86
202 203 65
202 208 2
202 214 94
202 225 31
202 227 95
202 229 96
202 237 92
202 238 76
202 239 35
202 243 70
202 246 6
203 277 39
203 285 0
203 288 95
203 289 26
203 291 10
203 295 15
203 217 34
203 225 45
203 242 86
203 243 27
203 247 56
204 257 87
204 267 86
204 276 38
204 261 63
204 294 32
204 266 11
204 208 49
204 217 68
205 264 93
205 213 72
205 281 56
206 269 80
206 270 16
206 279 37
206 288 10
206 292 34
206 214 56
206 215 15
206 216 51
206 223 64
206 227 10
206 254 80
207 265 6
207 288 79
207 212 10
207 224 86
207 253 68
208 236 91
208 272 31
208 259 95
208 285 1
208 289 10
208 290 41
208 214 27
208 245 4
209 224 44
209 258 55
209 269 77
209 222 20
209 216 84
209 254 15
210 271 33
210 285 59
210 214 48
210 220 6
210 224 91
210 225 64
210 230 91
210 233 80
210 243 31
210 246 21
211 263 42
211 272 52
211 214 33
211 219 97
211 244 43
211 245 20
212 264 79
212 296 60
212 224 76
212 232 10
212 236 53
212 249 40
213 261 20
213 269 37
213 283 91
213 239 75
213 242 46
213 252 25
214 260 86
214 257 1
214 265 36
214 266 1
214 281 92
214 283 48
214 230 59
214 246 35
214 249 53
215 289 32
215 266 70
215 220 68
215 221 36
215 231 7
216 265 0
216 294 81
216 227 27
216 229 32
216 251 3
217 226 61
217 228 58
217 231 28
217 234 73
217 219 87
218 245 73
218 219 94
218 255 46
219 235 34
219 270 62
219 299 1
219 220 68
220 269 25
220 276 65
220 254 23
221 256 9
221 263 45
221 264 85
221 280 64
221 297 10
221 227 21
221 243 73
221 252 82
222 256 97
222 266 71
222 289 65
222 225 38
222 227 30
222 247 36
223 261 19
223 265 100
223 275 95
223 292 81
223 289 19
223 233 89
224 261 32
224 263 99
224 295 32
224 250 47
224 228 74
224 237 55
224 240 78
224 298 49
225 266 85
225 268 54
225 273 65
225 281 3
225 284 61
225 297 17
225 298 23
225 227 62
225 245 80
226 285 32
226 287 10
226 297 3
226 230 49
226 231 99
226 237 6
226 250 33
227 267 62
227 288 100
227 228 52
227 255 66
228 268 23
228 282 15
228 287 50
228 237 18
228 238 19
228 240 58
229 256 31
229 298 57
229 257 70
229 263 88
229 232 23
229 252 2
230 267 86
230 273 69
230 284 16
230 291 78
230 292 6
230 297 36
230 233 56
230 246 67
230 254 96
231 261 84
231 268 92
231 295 97
231 245 55
231 246 94
231 252 62
231 255 13
232 272 29
232 281 39
232 283 89
233 274 71
233 275 31
233 277 50
233 289 83
233 271 65
233 253 27
234 256 30
234 259 76
234 261 22
234 267 91
234 269 22
234 237 84
234 277 24
234 241 19
235 258 46
235 267 46
235 292 17
236 262 39
236 265 83
236 271 41
236 274 22
236 287 88
236 294 44
237 276 33
237 278 92
237 285 25
237 291 99
237 239 37
238 272 76
238 274 58
238 282 61
238 285 73
238 299 0
238 286 33
238 245 87
239 276 94
239 244 65
239 246 20
239 249 4
240 258 23
240 273 11
240 246 98
241 290 5
241 251 59
241 292 79
241 267 91
241 249 73
241 284 2
241 286 85
242 290 28
242 296 12
243 293 2
243 296 87
243 284 31
244 261 8
244 266 73
244 298 41
244 246 67
244 250 73
244 251 95
245 280 85
245 284 89
245 293 12
245 297 66
245 285 91
245 250 76
246 277 81
246 283 60
246 292 76
247 268 30
247 277 32
247 286 89
247 290 30
247 295 33
247 298 17
247 299 92
248 279 43
248 268 22
249 261 43
249 295 52
249 257 5
249 269 5
250 261 94
250 263 70
250 281 4
250 262 35
250 297 66
250 287 59
251 268 19
251 270 4
251 272 46
251 276 21
251 289 62
251 253 60
251 297 16
252 256 0
252 282 4
252 283 43
252 295 56
252 253 71
253 263 96
253 265 11
253 285 43
253 287 10
253 290 29
253 299 34
253 292 79
254 299 73
255 264 60
255 280 83
255 284 46
255 286 88
255 292 58
256 265 22
256 274 43
256 281 54
256 261 60
256 291 97
257 291 45
257 295 88
257 281 84
258 270 65
258 277 25
258 282 19
259 283 71
259 288 62
259 271 8
260 274 68
260 283 100
261 284 48
261 286 87
261 288 48
262 275 60
262 269 99
262 271 100
262 279 17
262 285 25
263 270 85
264 270 47
264 277 53
264 284 65
264 297 16
265 274 3
265 276 53
265 287 70
265 293 28
266 270 95
266 271 47
267 270 1
267 288 57
267 289 86
268 287 20
268 292 100
268 294 49
269 282 22
269 287 57
269 293 35
269 298 11
270 274 31
270 293 65
271 280 97
271 281 40
271 296 14
271 297 100
272 294 60
272 274 55
273 283 80
273 298 73
273 279 4
274 276 97
274 299 9
275 293 6
275 276 27
276 291 37
276 294 33
277 282 56
277 294 14
277 299 67
278 299 34
278 291 39
278 281 81
282 288 72
282 284 78
283 299 83
284 298 18
285 287 83
285 292 27
285 295 98
285 297 13
286 296 68
286 297 67
287 289 90
289 291 77
290 299 15
291 296 51
292 296 26
293 298 28
