300 4000
0 259 90
0 6 24
0 263 90
0 268 87
0 13 6
0 274 98
0 22 42
0 25 56
0 153 21
0 284 62
0 29 72
0 288 36
0 36 38
0 293 33
0 166 78
0 297 88
0 171 29
0 49 81
0 50 62
0 210 79
0 231 29
0 106 80
0 108 21
0 242 99
0 115 10
0 246 39
0 119 21
0 122 66
0 124 88
1 128 93
1 129 2
1 258 30
1 43 39
1 133 52
1 263 87
1 138 42
1 21 20
1 32 98
1 40 21
1 171 47
1 186 13
1 73 18
1 85 38
1 214 5
1 225 14
1 99 0
1 101 14
1 238 38
1 115 73
1 117 3
1 254 56
2 225 95
2 258 100
2 132 89
2 165 23
2 100 14
2 138 20
2 140 85
2 13 39
2 253 26
2 144 43
2 114 28
2 126 75
2 22 59
2 247 81
2 164 31
2 186 19
2 125 91
2 284 28
2 122 81
2 222 61
2 159 6
3 262 6
3 9 96
3 14 44
3 145 79
3 18 33
3 25 73
3 29 64
3 158 82
3 56 33
3 62 35
3 191 34
3 192 76
3 67 60
3 199 93
3 74 34
3 79 85
3 213 60
3 93 80
3 95 44
3 100 90
3 232 56
3 240 6
3 115 26
3 119 58
3 120 70
3 124 37
4 299 49
4 260 71
4 263 33
4 151 30
4 270 84
4 15 79
4 274 54
4 278 3
4 279 75
4 291 94
4 294 3
4 295 10
4 171 30
4 47 33
4 196 60
4 84 68
4 217 70
4 93 41
4 212 41
4 102 96
4 109 95
4 243 20
4 117 95
4 118 0
4 121 88
5 257 7
5 258 23
5 263 90
5 136 73
5 266 58
5 272 41
5 145 7
5 147 52
5 20 16
5 23 32
5 31 48
5 33 25
5 34 47
5 291 43
5 37 59
5 166 32
5 170 63
5 172 52
5 52 6
5 54 79
5 183 58
5 59 9
5 202 9
5 198 79
5 200 68
5 74 46
5 205 64
5 222 83
5 96 20
5 231 7
5 120 13
5 121 23
6 98 35
6 131 27
6 37 52
6 297 69
6 173 56
6 195 39
6 181 51
6 187 67
6 253 32
6 293 60
7 256 32
7 258 95
7 132 98
7 138 61
7 277 20
7 280 22
7 288 82
7 298 68
7 43 13
7 47 20
7 48 30
7 177 72
7 178 50
7 10 2
7 190 26
7 191 9
7 193 86
7 68 62
7 90 17
7 99 16
7 107 71
7 242 25
7 115 63
7 116 77
7 246 100
8 264 27
8 144 90
8 278 62
8 152 87
8 157 58
8 33 4
8 290 78
8 36 87
8 166 74
8 47 88
8 176 10
8 49 84
8 178 44
8 55 64
8 56 37
8 197 81
8 199 15
8 200 20
8 220 72
8 222 1
8 236 28
8 116 68
8 121 50
8 252 87
9 32 33
9 160 14
9 97 75
9 229 85
9 102 47
9 65 8
9 232 31
9 105 67
9 10 59
9 236 26
9 174 28
9 79 80
9 200 28
9 115 66
9 52 26
9 78 65
9 150 85
9 282 94
9 285 59
9 165 92
10 141 69
10 272 5
10 22 28
10 155 64
10 285 29
10 288 48
10 289 87
10 34 42
10 164 73
10 38 50
10 43 2
10 59 3
10 189 84
10 193 51
10 161 36
10 74 59
10 207 81
10 85 67
10 105 31
10 238 8
10 250 97
10 254 64
11 134 29
11 264 71
11 137 6
11 12 80
11 13 15
11 271 43
11 24 23
11 153 12
11 28 10
11 286 64
11 32 63
11 163 11
11 293 37
11 39 70
11 168 23
11 43 57
11 46 12
11 175 49
11 69 40
11 204 44
11 141 59
11 81 99
11 83 71
11 93 56
11 242 61
11 211 48
11 118 97
11 124 56
11 253 71
12 130 69
12 131 32
12 15 7
12 144 39
12 18 65
12 26 68
12 30 25
12 33 9
12 295 70
12 46 63
12 58 15
12 65 51
12 196 15
12 197 29
12 77 55
12 210 55
12 83 83
12 84 29
12 227 94
12 89 26
12 99 38
12 229 16
12 102 87
12 167 45
12 237 46
13 278 51
13 262 97
13 172 89
13 267 50
13 14 44
13 17 76
13 20 82
13 149 59
13 150 71
13 281 69
13 27 74
13 170 11
13 299 96
13 44 11
13 177 94
13 50 35
13 66 19
13 196 21
13 202 44
13 225 82
13 228 2
13 103 58
13 105 26
13 231 97
13 112 87
13 123 44
13 124 83
14 129 56
14 262 93
14 257 41
14 268 12
14 270 14
14 16 100
14 148 45
14 24 78
14 37 48
14 295 20
14 174 49
14 177 66
14 179 96
14 52 54
14 181 40
14 54 62
14 183 48
14 185 12
14 186 38
14 63 6
14 83 67
14 216 38
14 219 51
14 165 76
14 224 7
14 272 15
14 227 54
14 103 60
14 112 79
14 125 60
15 136 13
15 23 32
15 161 95
15 162 76
15 164 72
15 294 31
15 40 67
15 173 67
15 187 68
15 191 30
15 197 37
15 72 58
15 75 9
15 217 35
15 218 53
15 223 6
15 97 42
15 227 100
15 102 11
15 233 51
15 240 0
15 120 53
16 129 81
16 131 98
16 136 77
16 273 26
16 148 84
16 281 17
16 287 0
16 164 14
16 174 26
16 178 60
16 53 79
16 183 45
16 63 54
16 68 60
16 199 23
16 201 42
16 203 3
16 207 36
16 80 58
16 210 10
16 91 24
16 223 90
16 123 52
16 124 17
16 126 82
17 131 82
17 172 93
17 138 0
17 151 78
17 143 48
17 148 77
17 279 26
17 157 43
17 161 89
17 44 74
17 173 53
17 49 70
17 185 68
17 61 52
17 70 9
17 82 81
17 212 14
17 87 69
17 101 77
17 232 39
17 123 78
17 254 20
18 163 8
18 165 92
18 166 68
18 199 33
18 72 55
18 265 65
18 295 49
18 221 38
18 112 70
18 294 37
18 242 89
18 259 10
18 180 29
18 182 42
18 217 71
18 282 73
18 285 4
18 29 93
19 257 0
19 132 86
19 137 1
19 142 86
19 280 36
19 24 49
19 163 73
19 165 87
19 166 99
19 39 32
19 173 33
19 175 39
19 49 72
19 181 76
19 54 61
19 189 67
19 192 93
19 67 49
19 203 51
19 207 0
19 214 83
19 230 54
19 104 67
19 108 100
19 245 6
19 125 92
20 260 12
20 133 63
20 21 85
20 278 31
20 152 62
20 31 69
20 289 41
20 36 33
20 297 55
20 43 88
20 174 59
20 176 99
20 49 62
20 63 93
20 199 12
20 74 99
20 203 58
20 79 68
20 80 100
20 209 81
20 292 31
20 207 97
20 231 79
20 117 83
20 41 85
20 248 2
20 249 2
20 251 96
21 256 10
21 259 89
21 138 29
21 151 9
21 143 12
21 276 93
21 279 30
21 69 21
21 32 64
21 44 33
21 174 82
21 159 64
21 192 76
21 66 50
21 197 3
21 70 14
21 205 4
21 249 43
21 92 27
21 96 29
21 230 39
21 103 75
21 105 82
21 112 13
21 115 33
21 120 82
21 252 27
22 128 34
22 131 44
22 138 57
22 146 62
22 28 15
22 290 49
22 35 64
22 295 1
22 42 25
22 67 24
22 201 77
22 76 51
22 208 47
22 82 94
22 214 19
22 228 40
22 233 45
22 243 44
22 119 8
22 122 57
22 125 84
23 266 91
23 144 13
23 276 50
23 162 50
23 37 8
23 296 3
23 170 23
23 173 29
23 174 23
23 47 97
23 178 44
23 56 32
23 57 29
23 193 9
23 195 69
23 198 76
23 73 71
23 75 40
23 213 69
23 214 93
23 218 10
23 222 45
23 223 59
23 96 71
23 225 13
23 251 97
23 102 86
23 116 28
23 123 24
23 125 41
23 126 14
24 154 19
24 153 22
24 282 59
24 29 47
24 170 35
24 52 64
24 202 83
24 76 27
24 207 88
24 212 97
24 85 40
24 87 36
24 217 44
24 220 49
24 93 31
24 95 18
24 227 69
24 230 46
24 108 7
24 242 8
24 115 7
24 120 46
24 125 49
25 262 77
25 57 78
25 145 56
25 276 98
25 281 52
25 282 65
25 33 68
25 36 57
25 299 79
25 49 21
25 181 2
25 185 34
25 60 54
25 73 6
25 87 79
25 89 73
25 220 12
25 95 7
25 96 41
25 227 0
25 108 94
25 239 10
25 112 63
25 242 100
25 252 86
25 253 12
26 132 48
26 265 53
26 139 21
26 140 83
26 155 88
26 163 6
26 293 59
26 38 62
26 298 92
26 178 61
26 192 23
26 65 33
26 268 10
26 74 82
26 247 37
26 214 11
26 88 88
26 99 72
26 294 38
26 105 25
26 109 94
26 244 84
26 119 54
26 127 42
27 261 7
27 262 27
27 137 69
27 269 20
27 158 71
27 33 29
27 166 19
27 41 90
27 69 86
27 198 64
27 73 82
27 74 2
27 80 72
27 81 43
27 82 35
27 214 96
27 249 33
27 99 18
27 229 60
27 105 99
27 169 83
27 121 95
27 252 67
27 254 94
28 132 26
28 141 30
28 147 46
28 153 73
28 283 27
28 29 86
28 288 53
28 290 50
28 169 62
28 183 63
28 73 61
28 75 12
28 208 46
28 82 92
28 92 64
28 93 23
28 226 3
28 227 16
28 231 7
28 234 29
28 236 48
28 240 49
28 114 8
28 116 69
28 248 62
29 192 34
29 259 97
29 260 60
29 198 37
29 104 38
29 139 62
29 270 77
29 272 18
29 81 13
29 52 79
29 181 41
29 150 27
29 55 1
29 185 7
30 128 59
30 129 3
30 261 92
30 148 12
30 149 49
30 152 93
30 281 38
30 162 69
30 291 32
30 295 93
30 44 17
30 50 99
30 182 74
30 188 80
30 197 99
30 140 74
30 205 91
30 78 19
30 229 81
30 99 59
30 101 24
30 231 75
30 233 80
30 241 18
30 249 77
30 250 41
31 271 96
31 273 80
31 277 5
31 278 50
31 133 58
31 288 86
31 161 44
31 290 4
31 36 73
31 295 46
31 169 13
31 50 8
31 54 81
31 32 28
31 66 90
31 199 57
31 74 11
31 162 34
31 84 63
31 96 80
31 228 80
31 230 25
31 117 49
32 261 50
32 136 27
32 272 20
32 37 53
32 294 40
32 167 71
32 170 11
32 45 23
32 51 32
32 180 51
32 58 61
32 82 92
32 212 20
32 214 49
32 91 77
32 165 23
32 224 56
32 99 88
32 102 66
32 109 77
32 117 17
33 131 8
33 137 99
33 269 80
33 142 77
33 145 9
33 274 92
33 281 13
33 284 92
33 285 91
33 291 3
33 292 15
33 295 52
33 168 92
33 297 58
33 179 80
33 155 33
33 182 51
33 57 53
33 186 41
33 73 26
33 208 42
33 212 93
33 214 58
33 219 11
33 223 78
33 97 90
33 99 3
33 101 46
33 146 92
33 241 65
33 243 8
33 246 11
33 123 24
33 254 47
34 256 58
34 264 48
34 274 12
34 279 5
34 162 74
34 36 3
34 38 96
34 40 94
34 175 5
34 176 63
34 180 30
34 56 5
34 60 83
34 62 71
34 73 42
34 210 4
34 211 21
34 92 43
34 224 78
34 100 88
34 105 23
34 235 83
34 109 1
34 245 30
34 247 98
34 121 63
34 251 96
35 265 95
35 269 3
35 150 22
35 284 4
35 287 50
35 160 56
35 161 54
35 166 72
35 168 13
35 48 54
35 49 51
35 179 98
35 58 44
35 159 93
35 83 76
35 86 16
35 217 49
35 96 89
35 231 74
35 232 42
35 238 96
35 115 13
35 118 88
35 249 84
35 123 26
35 252 44
36 129 24
36 132 15
36 265 72
36 274 48
36 275 95
36 277 4
36 152 26
36 160 74
36 289 67
36 183 91
36 187 47
36 63 18
36 70 13
36 75 94
36 219 4
36 221 98
36 94 46
36 225 95
36 102 85
36 146 0
36 238 69
36 241 40
36 122 32
36 252 21
37 130 38
37 261 14
37 135 58
37 136 40
37 274 92
37 150 61
37 165 77
37 295 80
37 168 79
37 263 91
37 47 85
37 50 76
37 184 24
37 61 57
37 63 71
37 193 42
37 198 62
37 202 21
37 220 34
37 96 70
37 100 97
37 232 46
37 233 74
37 234 61
37 167 34
37 238 86
37 239 64
37 40 71
37 248 27
37 122 67
37 191 64
37 127 70
38 256 62
38 133 43
38 134 86
38 184 38
38 265 29
38 145 20
38 149 78
38 151 20
38 282 54
38 283 18
38 156 85
38 262 69
38 50 47
38 56 100
38 61 7
38 63 97
38 197 51
38 199 80
38 209 22
38 85 63
38 214 3
38 94 54
38 114 61
38 120 31
38 121 73
38 255 48
38 124 91
38 253 2
38 254 15
38 213 76
39 135 41
39 265 79
39 274 100
39 281 92
39 163 50
39 49 71
39 52 49
39 181 13
39 58 80
39 68 47
39 198 77
39 201 87
39 77 6
39 86 25
39 219 44
39 229 21
39 233 79
39 109 2
39 238 3
39 241 51
39 122 76
39 251 73
39 254 14
40 140 12
40 148 23
40 279 19
40 154 97
40 160 32
40 291 7
40 165 31
40 170 95
40 173 71
40 175 14
40 91 39
40 219 92
40 190 97
40 63 75
40 65 37
40 66 46
40 67 59
40 203 14
40 77 7
40 207 38
40 90 77
40 143 78
40 95 34
40 98 57
40 99 6
40 237 90
40 251 53
40 124 8
40 126 100
40 255 3
41 128 56
41 262 15
41 272 37
41 275 38
41 149 20
41 153 85
41 104 24
41 290 51
41 294 35
41 45 64
41 176 87
41 180 5
41 52 100
41 62 84
41 70 3
41 72 79
41 74 26
41 76 33
41 227 89
41 84 84
41 216 25
41 92 15
41 94 16
41 96 50
41 251 100
41 232 6
41 237 95
41 110 51
41 238 63
41 118 90
41 248 86
41 123 76
41 126 65
42 260 87
42 137 69
42 271 56
42 272 69
42 274 34
42 291 99
42 292 24
42 53 63
42 189 2
42 181 98
42 73 59
42 205 28
42 215 48
42 90 10
42 92 0
42 106 82
42 239 53
42 113 62
42 122 19
42 125 86
42 126 52
43 277 15
43 284 92
43 161 48
43 292 44
43 168 68
43 297 50
43 173 91
43 179 87
43 54 5
43 56 23
43 57 59
43 58 4
43 188 60
43 191 30
43 204 50
43 203 24
43 76 91
43 205 23
43 86 18
43 91 85
43 221 52
43 229 72
43 102 36
43 234 68
43 248 16
43 148 87
43 251 17
43 127 34
44 132 93
44 143 61
44 276 36
44 279 59
44 293 95
44 171 26
44 45 94
44 49 51
44 183 41
44 60 47
44 69 77
44 74 13
44 141 72
44 215 90
44 217 28
44 98 79
44 229 84
44 236 76
44 238 45
44 241 61
44 242 84
44 117 80
44 121 80
45 261 1
45 136 93
45 141 15
45 148 97
45 278 26
45 279 33
45 281 91
45 290 87
45 299 5
45 190 48
45 193 78
45 70 53
45 71 20
45 78 82
45 81 52
45 216 11
45 89 52
45 221 22
45 98 0
45 239 59
45 125 24
45 255 69
46 128 12
46 257 24
46 260 61
46 129 61
46 136 11
46 139 21
46 144 72
46 147 30
46 284 10
46 48 84
46 264 56
46 54 33
46 184 5
46 186 33
46 188 22
46 192 15
46 71 9
46 74 17
46 81 38
46 217 31
46 58 65
46 94 22
46 224 70
46 104 74
46 238 96
46 246 74
46 125 5
47 137 52
47 143 54
47 144 38
47 146 38
47 148 27
47 159 29
47 162 43
47 164 59
47 295 25
47 168 80
47 172 87
47 49 72
47 179 96
47 53 13
47 56 74
47 186 71
47 59 2
47 67 4
47 199 98
47 290 69
47 89 40
47 92 99
47 98 13
47 236 15
47 110 44
47 113 75
47 276 2
48 235 67
48 265 43
48 277 64
48 150 74
48 280 37
48 285 82
48 287 56
48 290 11
48 292 3
48 298 11
48 299 43
48 52 72
48 58 56
48 61 40
48 66 33
48 67 51
48 70 12
48 74 23
48 78 89
48 213 65
48 107 45
48 110 82
48 240 40
48 244 2
48 250 56
48 149 97
49 140 2
49 148 80
49 163 35
49 293 60
49 171 95
49 172 50
49 182 24
49 55 60
49 186 72
49 61 40
49 62 50
49 193 41
49 77 74
49 209 25
49 210 53
49 214 36
49 222 0
49 95 4
49 98 28
49 103 84
49 107 64
49 82 4
49 117 89
49 246 98
49 247 82
49 253 38
50 263 75
50 269 26
50 273 16
50 277 92
50 156 91
50 160 42
50 294 39
50 56 79
50 57 45
50 192 37
50 67 76
50 206 13
50 91 6
50 221 34
50 96 10
50 105 99
50 115 32
50 246 71
50 254 29
50 166 50
51 128 3
51 262 63
51 193 51
51 111 67
51 268 91
51 145 6
51 151 27
51 152 81
51 283 94
51 288 98
51 161 41
51 155 1
51 180 46
51 191 67
51 192 72
51 194 18
51 74 55
51 210 1
51 280 36
51 97 35
51 237 13
51 239 44
51 248 72
51 123 65
51 125 4
52 130 30
52 134 13
52 263 20
52 141 58
52 151 8
52 154 37
52 293 54
52 178 23
52 187 17
52 63 73
52 72 54
52 78 18
52 210 2
52 213 95
52 165 44
52 103 19
52 241 52
52 245 28
52 250 93
53 263 27
53 273 44
53 148 60
53 154 9
53 156 37
53 282 96
53 287 19
53 293 8
53 178 13
53 73 24
53 185 63
53 59 70
53 60 75
53 64 57
53 66 75
53 199 24
53 201 27
53 76 53
53 210 5
53 94 53
53 226 7
53 99 52
53 103 58
53 234 55
53 120 20
53 123 38
53 252 16
54 258 7
54 262 28
54 268 16
54 279 87
54 153 19
54 282 2
54 156 97
54 154 49
54 289 95
54 166 47
54 62 98
54 200 19
54 74 19
54 95 57
54 226 80
54 101 16
54 124 52
54 237 95
54 112 42
54 281 35
54 254 71
55 66 78
55 245 87
55 130 19
55 268 8
55 162 15
55 270 90
55 93 68
55 144 23
55 291 45
55 276 18
55 238 74
55 88 2
55 153 82
55 218 29
55 124 37
55 127 26
56 261 54
56 275 26
56 149 93
56 278 2
56 281 7
56 153 15
56 154 0
56 293 1
56 180 0
56 190 56
56 64 75
56 200 81
56 211 18
56 93 66
56 99 51
56 131 84
56 108 60
56 251 47
57 262 26
57 136 41
57 138 97
57 274 59
57 276 7
57 277 11
57 280 93
57 283 7
57 284 78
57 160 83
57 289 27
57 291 75
57 293 70
57 167 77
57 299 21
57 180 69
57 59 21
57 64 75
57 65 60
57 196 90
57 205 61
57 82 70
57 214 31
57 87 50
57 97 34
57 234 3
57 236 8
57 119 98
58 96 36
58 66 73
58 161 82
58 97 69
58 169 33
58 234 58
58 141 34
58 145 84
58 128 69
58 180 13
58 171 83
58 182 49
58 87 26
58 189 100
59 129 62
59 290 45
59 271 46
59 144 54
59 273 48
59 274 75
59 147 49
59 162 10
59 168 88
59 297 77
59 172 73
59 179 12
59 187 56
59 60 60
59 65 50
59 66 38
59 196 54
59 70 40
59 77 47
59 214 97
59 185 63
59 224 25
59 235 67
59 243 57
59 116 1
59 120 90
59 124 54
60 259 97
60 266 2
60 143 89
60 274 10
60 291 93
60 168 6
60 169 26
60 299 1
60 173 22
60 183 63
60 181 75
60 64 98
60 69 36
60 200 6
60 73 57
60 202 52
60 213 85
60 88 83
60 218 1
60 91 30
60 220 40
60 226 100
60 246 98
60 253 45
60 127 21
61 128 28
61 258 10
61 260 10
61 149 24
61 152 46
61 156 80
61 159 56
61 290 52
61 294 100
61 64 48
61 203 23
61 76 44
61 80 63
61 83 94
61 213 19
61 87 72
61 95 97
61 225 80
61 229 81
61 232 45
61 105 41
61 236 26
61 109 51
61 110 72
61 119 52
62 263 87
62 136 5
62 265 25
62 266 77
62 140 91
62 276 9
62 154 99
62 286 40
62 160 35
62 294 93
62 168 18
62 183 17
62 68 85
62 202 62
62 162 62
62 221 5
62 99 34
62 238 55
62 250 16
63 259 22
63 137 71
63 141 51
63 273 26
63 279 20
63 285 34
63 290 90
63 176 37
63 193 19
63 76 57
63 208 87
63 209 91
63 213 2
63 276 30
63 106 1
63 168 65
63 249 62
63 126 40
64 144 66
64 146 93
64 297 67
64 183 55
64 184 67
64 186 32
64 194 77
64 68 74
64 77 42
64 206 89
64 89 41
64 91 26
64 94 44
64 223 93
64 101 59
64 102 38
64 235 41
64 236 0
64 109 35
64 242 59
64 249 47
64 126 50
65 262 73
65 267 22
65 141 72
65 145 78
65 146 9
65 277 68
65 150 89
65 174 61
65 183 6
65 188 62
65 191 70
65 195 38
65 201 28
65 203 99
65 205 92
65 79 77
65 209 20
65 85 84
65 249 90
65 93 2
65 107 92
65 274 37
65 112 59
65 168 23
65 244 10
65 121 10
65 250 55
65 254 62
66 258 65
66 134 14
66 270 30
66 147 79
66 149 23
66 281 71
66 154 39
66 155 53
66 156 55
66 161 56
66 167 44
66 70 21
66 199 11
66 207 13
66 83 29
66 218 70
66 96 43
66 97 94
66 227 17
66 229 56
66 103 25
66 295 8
66 244 2
66 119 67
67 135 9
67 164 53
67 167 6
67 297 93
67 192 64
67 201 6
67 74 99
67 210 46
67 212 82
67 88 91
67 95 11
67 226 81
67 227 18
67 105 88
67 106 99
67 236 71
67 242 17
67 147 9
67 116 15
67 117 64
68 193 51
68 169 28
68 116 9
68 254 97
68 246 62
68 73 24
68 84 70
68 187 52
69 261 0
69 140 55
69 144 56
69 281 39
69 181 52
69 189 66
69 72 58
69 77 56
69 80 73
69 210 28
69 222 14
69 96 45
69 99 100
69 108 67
69 239 17
69 118 56
69 251 69
69 124 74
69 254 34
70 140 71
70 142 20
70 149 67
70 159 69
70 288 46
70 163 29
70 294 15
70 296 23
70 180 90
70 189 35
70 97 65
70 77 92
70 207 57
70 80 99
70 79 42
70 93 84
70 225 19
70 228 20
70 145 15
70 115 29
70 116 96
70 248 42
70 250 85
71 290 61
71 197 98
71 104 73
71 203 28
71 76 42
71 109 58
71 136 60
71 274 47
71 238 99
71 152 97
71 186 21
71 92 27
71 190 20
71 191 63
72 128 39
72 275 77
72 277 52
72 291 79
72 293 89
72 166 84
72 175 39
72 178 60
72 185 74
72 198 36
72 203 74
72 211 34
72 212 47
72 89 18
72 222 28
72 226 35
72 233 65
72 110 68
72 238 18
72 112 56
72 246 54
72 247 23
72 125 71
73 151 52
73 268 54
73 274 26
73 283 24
73 294 66
73 299 2
73 191 0
73 83 1
73 214 97
73 89 9
73 221 1
73 224 37
73 98 26
73 228 37
73 105 19
73 238 85
73 239 99
73 240 19
73 114 76
73 115 24
73 119 40
73 250 3
73 170 22
74 135 11
74 137 63
74 139 15
74 271 37
74 277 26
74 278 5
74 156 24
74 286 58
74 288 5
74 184 23
74 194 76
74 208 46
74 214 97
74 88 41
74 224 54
74 229 40
74 109 86
74 239 52
74 244 63
74 148 22
75 128 93
75 129 44
75 139 21
75 231 74
75 138 36
75 107 90
75 78 4
75 253 48
75 156 73
75 275 69
75 214 85
75 186 76
75 167 51
75 252 56
75 170 24
75 223 29
76 134 71
76 263 6
76 136 38
76 141 55
76 142 88
76 144 19
76 283 67
76 290 38
76 176 23
76 179 24
76 180 54
76 191 32
76 213 6
76 86 92
76 222 36
76 227 51
76 228 53
76 105 16
76 107 99
76 108 67
76 116 42
76 117 79
76 123 52
77 258 3
77 132 68
77 147 24
77 280 95
77 164 18
77 195 33
77 203 41
77 89 54
77 220 55
77 101 49
77 124 15
77 167 66
77 120 20
77 252 33
78 145 32
78 149 42
78 295 62
78 158 52
78 187 28
78 98 95
78 80 36
78 81 4
78 82 66
78 215 97
78 223 50
78 226 14
78 234 9
78 109 6
78 112 39
78 242 78
78 116 73
78 125 0
79 163 17
79 134 64
79 225 62
79 265 89
79 203 98
79 142 49
79 189 70
79 90 49
79 126 35
79 278 64
79 185 99
79 235 32
79 93 4
79 299 28
79 127 11
80 260 40
80 262 20
80 265 69
80 268 97
80 154 21
80 158 26
80 134 11
80 174 100
80 177 84
80 185 22
80 202 88
80 208 45
80 210 55
80 206 27
80 220 81
80 222 9
80 97 100
80 233 79
80 234 65
80 189 2
80 241 95
80 115 86
80 116 10
80 249 98
80 254 87
81 259 66
81 260 43
81 133 29
81 135 17
81 281 98
81 286 94
81 290 78
81 169 74
81 170 77
81 173 27
81 83 19
81 90 91
81 91 16
81 220 89
81 95 19
81 97 9
81 229 45
81 106 85
81 235 82
81 238 61
81 211 52
81 250 100
81 234 18
82 264 94
82 145 53
82 280 86
82 153 48
82 163 84
82 176 93
82 180 57
82 181 96
82 188 33
82 225 49
82 200 92
82 203 65
82 217 100
82 97 14
82 231 52
82 232 10
82 105 37
82 247 33
83 129 25
83 260 11
83 137 90
83 270 85
83 271 9
83 175 24
83 190 17
83 195 9
83 89 68
83 91 68
83 93 46
83 99 12
83 229 40
83 105 93
83 124 87
84 129 35
84 265 66
84 269 19
84 142 8
84 279 50
84 153 67
84 161 38
84 163 10
84 165 57
84 175 23
84 176 52
84 195 20
84 198 95
84 94 16
84 223 1
84 225 8
84 232 44
84 234 26
84 107 68
84 114 84
85 261 54
85 264 61
85 273 74
85 151 51
85 152 76
85 297 80
85 298 47
85 173 22
85 175 17
85 188 14
85 192 16
85 208 25
85 211 82
85 88 54
85 217 51
85 90 63
85 221 90
85 222 57
85 225 13
85 99 68
85 110 11
85 115 90
85 249 42
86 140 44
86 147 44
86 150 3
86 152 82
86 286 86
86 292 67
86 182 8
86 195 49
86 198 93
86 199 28
86 268 99
86 202 21
86 207 97
86 220 36
86 224 59
86 102 80
86 107 57
86 126 66
87 129 52
87 91 7
87 229 62
87 166 46
87 103 27
87 136 15
87 169 42
87 299 98
87 174 83
87 213 96
87 282 53
87 283 43
87 281 10
87 254 96
87 287 84
88 259 69
88 263 46
88 280 25
88 283 1
88 156 16
88 287 74
88 160 78
88 244 48
88 205 23
88 209 41
88 92 49
88 223 68
88 230 45
88 232 90
88 111 16
88 115 63
88 116 5
88 245 63
88 248 50
88 121 19
89 267 81
89 141 41
89 150 40
89 284 24
89 240 75
89 168 0
89 297 66
89 171 79
89 201 48
89 210 41
89 217 78
89 92 4
89 93 73
89 226 8
89 228 45
89 103 1
89 234 73
89 112 59
89 113 24
89 250 97
89 106 26
90 267 95
90 269 96
90 148 66
90 149 89
90 159 44
90 164 18
90 191 62
90 192 33
90 194 41
90 197 40
90 141 32
90 214 31
90 226 79
90 99 82
90 232 42
90 243 45
90 244 2
90 248 88
90 253 59
91 128 95
91 129 36
91 264 47
91 271 34
91 145 86
91 146 14
91 276 41
91 151 58
91 167 62
91 171 72
91 182 7
91 214 20
91 218 95
91 223 97
91 105 34
91 246 71
91 127 22
92 130 16
92 261 17
92 138 72
92 276 77
92 277 53
92 279 48
92 293 0
92 294 3
92 295 13
92 245 68
92 210 97
92 227 52
92 100 79
92 230 15
92 231 34
92 243 7
92 117 5
92 191 60
92 126 25
93 263 17
93 217 5
93 154 76
93 158 81
93 287 19
93 170 79
93 286 85
93 187 24
93 194 32
93 197 32
93 198 37
93 201 27
93 202 29
93 204 74
93 215 53
93 98 11
93 100 80
93 104 99
93 107 83
93 237 75
93 111 91
93 232 45
93 119 21
93 298 33
93 253 42
94 101 37
94 167 34
94 169 29
94 266 45
94 279 65
94 271 39
94 208 35
94 274 80
94 152 99
94 212 7
94 123 56
94 298 67
94 127 91
95 129 43
95 134 63
95 268 23
95 143 19
95 272 55
95 150 71
95 162 69
95 295 34
95 298 80
95 206 29
95 226 91
95 227 81
95 105 77
95 106 51
95 111 75
95 115 7
96 257 12
96 130 100
96 263 89
96 274 53
96 278 60
96 160 18
96 298 43
96 185 34
96 198 7
96 207 12
96 213 38
96 252 69
96 107 44
96 121 40
96 124 49
96 277 31
97 132 10
97 133 26
97 263 56
97 272 92
97 276 55
97 281 34
97 179 66
97 285 93
97 162 95
97 168 25
97 169 94
97 299 55
97 189 77
97 200 89
97 212 77
97 215 33
97 224 69
97 227 76
97 112 91
97 243 69
97 117 89
97 246 98
97 248 34
97 253 1
98 130 53
98 172 80
98 273 67
98 276 90
98 149 35
98 161 86
98 179 81
98 185 22
98 187 64
98 197 86
98 207 97
98 223 29
98 244 43
98 117 2
98 254 12
98 127 7
99 266 2
99 271 90
99 276 49
99 278 40
99 151 82
99 152 20
99 173 3
99 186 52
99 191 4
99 209 97
99 214 66
99 217 69
99 226 8
99 229 49
99 105 44
99 248 35
100 132 62
100 139 24
100 277 63
100 280 83
100 291 61
100 220 100
100 170 63
100 171 11
100 177 69
100 190 57
100 267 50
100 199 86
100 218 29
100 103 2
100 104 84
100 238 40
100 111 43
100 118 81
101 131 15
101 136 98
101 142 16
101 159 68
101 166 79
101 295 38
101 172 61
101 197 97
101 204 35
101 209 58
101 270 22
101 220 78
101 222 63
101 231 20
101 118 80
101 119 43
102 260 50
102 287 14
102 172 27
102 197 17
102 203 69
102 205 15
102 208 71
102 107 52
102 236 53
102 237 15
102 239 48
102 243 74
102 249 81
102 125 33
103 265 84
103 141 78
103 278 4
103 153 19
103 154 29
103 290 79
103 294 16
103 172 52
103 187 97
103 214 76
103 231 71
103 236 16
103 248 20
104 288 12
104 177 24
104 147 95
104 136 56
104 266 67
104 167 83
104 173 5
104 145 20
104 116 31
104 181 56
104 151 75
104 250 4
104 199 72
105 261 67
105 264 29
105 269 49
105 147 10
105 282 4
105 283 8
105 156 84
105 290 47
105 285 61
105 180 23
105 196 97
105 201 95
105 202 4
105 227 53
105 214 9
105 236 68
105 237 91
105 120 35
105 255 87
106 128 16
106 133 77
106 266 24
106 147 18
106 279 42
106 155 43
106 285 55
106 169 12
106 185 26
106 189 100
106 195 2
106 202 39
106 227 35
106 235 72
106 118 17
106 122 16
106 253 71
106 254 28
107 259 59
107 132 21
107 264 76
107 141 93
107 142 63
107 143 13
107 274 64
107 147 81
107 238 65
107 162 73
107 299 69
107 175 70
107 184 78
107 224 82
107 201 64
107 206 3
107 207 26
107 220 0
107 110 67
107 119 97
107 277 52
108 258 82
108 142 41
108 145 35
108 297 89
108 247 68
108 210 28
108 211 35
108 214 12
108 217 10
108 224 33
108 229 28
108 234 7
108 238 54
108 240 73
108 119 4
108 254 72
109 130 58
109 268 20
109 142 100
109 275 38
109 150 52
109 260 66
109 154 23
109 175 78
109 190 39
109 194 56
109 209 87
109 215 91
109 189 87
109 243 19
109 116 28
109 247 41
109 124 36
110 136 79
110 145 86
110 277 48
110 154 94
110 284 5
110 290 38
110 292 13
110 294 8
110 172 8
110 184 10
110 191 100
110 212 23
110 223 39
110 236 38
110 114 90
110 244 54
111 230 66
111 241 87
111 137 13
111 202 52
111 267 33
111 236 19
111 174 84
111 112 20
111 113 93
111 211 86
111 180 6
111 151 10
111 116 14
111 158 71
112 258 3
112 259 48
112 260 12
112 147 93
112 284 79
112 286 43
112 163 72
112 164 68
112 168 9
112 297 55
112 176 92
112 189 42
112 200 76
112 210 81
112 224 84
112 236 3
112 119 4
112 277 32
113 289 74
113 226 41
113 208 23
113 264 55
113 204 29
113 140 84
113 174 56
113 272 10
113 145 28
113 114 96
113 147 54
113 149 44
113 118 25
113 297 59
113 157 24
113 159 40
114 260 53
114 265 26
114 144 63
114 146 19
114 275 19
114 282 89
114 164 1
114 296 19
114 170 15
114 175 67
114 177 94
114 137 53
114 168 97
114 203 14
114 205 57
114 214 2
114 219 54
114 123 91
114 237 40
114 243 83
114 251 86
115 129 61
115 258 44
115 133 55
115 262 52
115 150 7
115 157 33
115 167 98
115 177 62
115 184 60
115 188 28
115 203 90
115 211 91
115 218 39
115 224 61
115 118 91
116 129 97
116 131 51
116 135 59
116 264 60
116 299 95
116 159 74
116 292 4
116 171 54
116 188 25
116 193 25
116 212 85
116 213 52
116 227 19
116 228 50
116 238 60
116 241 17
116 242 73
116 118 7
117 258 33
117 259 42
117 278 7
117 153 90
117 155 87
117 284 37
117 294 14
117 296 19
117 297 24
117 176 92
117 180 0
117 185 2
117 199 84
117 227 69
117 228 28
117 148 13
117 244 7
117 246 20
117 169 17
117 121 96
117 126 21
118 260 48
118 270 69
118 153 34
118 152 52
118 298 31
118 171 23
118 194 1
118 195 22
118 197 46
118 199 21
118 210 100
118 214 77
118 124 29
118 234 93
119 135 34
119 144 32
119 279 74
119 283 32
119 295 78
119 298 85
119 176 38
119 200 79
119 214 72
119 220 64
119 241 93
120 284 66
120 161 6
120 164 24
120 293 48
120 297 25
120 299 14
120 177 22
120 179 25
120 181 74
120 186 22
120 220 44
120 225 24
120 242 99
120 125 62
121 258 16
121 141 58
121 147 36
121 280 74
121 132 71
121 160 95
121 292 93
121 298 38
121 179 29
121 204 33
121 290 94
121 208 56
121 210 75
121 239 40
121 126 9
122 128 75
122 138 52
122 270 4
122 239 33
122 292 11
122 297 82
122 175 50
122 187 63
122 195 6
122 202 47
122 203 34
122 220 52
122 222 11
122 225 70
122 233 48
122 125 94
122 252 63
122 253 97
123 258 46
123 269 53
123 152 73
123 281 52
123 167 15
123 177 37
123 185 81
123 189 91
123 289 60
123 206 30
123 218 53
123 233 85
123 240 48
124 129 80
124 281 57
124 161 50
124 295 49
124 179 29
124 186 74
124 193 11
124 267 86
124 246 43
124 207 41
124 216 25
124 224 86
124 272 19
124 243 13
124 253 68
125 256 0
125 299 99
125 140 65
125 281 2
125 286 89
125 289 3
125 163 43
125 171 92
125 180 27
125 213 95
125 217 14
125 218 71
125 221 91
125 222 89
125 251 6
126 264 97
126 137 58
126 268 28
126 155 80
126 156 99
126 194 1
126 198 52
126 140 63
126 207 100
126 222 60
126 226 17
126 245 63
126 250 64
127 273 20
127 147 48
127 280 76
127 160 73
127 292 87
127 298 12
127 178 74
127 193 57
127 197 35
127 199 83
127 202 46
127 241 95
127 243 54
127 250 87
127 170 71
128 256 17
128 259 29
128 150 32
128 134 36
128 136 19
128 140 97
128 270 38
128 144 69
128 273 51
128 283 57
128 165 20
128 296 31
128 205 46
128 207 30
128 212 1
128 239 70
128 241 61
129 259 98
129 134 74
129 145 47
129 282 70
129 155 62
129 163 10
129 294 72
129 190 6
129 195 48
130 131 19
130 132 88
130 271 19
130 150 20
130 151 45
130 153 61
130 154 69
130 287 54
130 163 88
130 164 91
130 170 41
130 191 27
130 192 98
130 200 79
130 210 63
130 211 68
130 213 96
130 218 15
130 229 53
130 230 46
130 244 67
130 245 4
130 248 7
131 138 39
131 154 19
131 286 81
131 262 21
131 296 78
131 176 53
131 180 92
131 185 70
131 188 30
131 191 88
131 194 21
131 203 91
131 213 48
131 249 11
131 250 77
132 259 38
132 136 5
132 139 68
132 286 84
132 293 0
132 296 48
132 169 23
132 177 26
132 197 41
132 284 60
132 238 83
133 258 69
133 134 93
133 263 28
133 267 1
133 141 57
133 147 77
133 277 37
133 294 58
133 299 10
133 179 5
133 197 47
133 204 74
133 206 23
133 216 33
133 235 68
134 260 61
134 264 40
134 146 29
134 279 79
134 286 8
134 287 62
134 201 94
134 294 67
134 235 3
134 241 12
134 249 84
135 193 50
135 145 90
135 168 24
135 201 94
135 151 89
135 281 40
135 272 18
135 147 10
135 278 40
135 184 92
135 185 62
135 188 3
135 138 57
136 256 8
136 267 92
136 277 79
136 278 80
136 153 72
136 155 80
136 157 24
136 185 91
136 289 87
136 163 94
136 169 6
136 184 94
136 191 15
136 206 66
136 212 93
136 229 88
136 224 24
136 235 96
136 174 100
136 240 72
137 256 5
137 257 32
137 155 77
137 296 23
137 169 50
137 180 26
137 203 59
137 206 12
137 207 23
137 209 13
137 223 0
137 224 87
137 225 17
137 226 4
137 234 22
138 260 42
138 264 66
138 143 95
138 156 93
138 157 44
138 160 62
138 291 57
138 293 20
138 175 93
138 180 57
138 191 75
138 206 61
138 215 49
138 227 56
138 254 3
139 161 34
139 226 70
139 293 20
139 181 91
139 292 40
139 201 86
139 145 93
139 243 80
139 276 36
139 171 34
139 150 29
139 267 33
139 228 96
139 213 54
140 214 67
140 143 20
140 274 78
140 147 60
140 148 24
140 283 74
140 290 66
140 298 0
140 171 55
140 178 25
140 181 61
140 194 16
140 195 4
140 209 36
140 216 29
140 218 88
140 271 56
140 243 84
140 255 34
141 262 82
141 267 6
141 270 11
141 272 69
141 278 36
141 282 67
141 184 42
141 215 44
141 144 74
141 226 21
141 234 63
141 241 10
141 242 26
141 250 14
142 237 77
142 146 64
142 283 86
142 156 27
142 158 97
142 159 55
142 155 47
142 164 26
142 170 84
142 286 92
142 208 50
142 238 46
142 241 98
142 249 70
143 257 52
143 261 21
143 265 38
143 269 44
143 152 65
143 154 49
143 283 48
143 284 89
143 288 81
143 169 95
143 181 4
143 186 43
143 207 30
143 246 89
144 262 61
144 148 39
144 277 57
144 175 34
144 156 9
144 290 95
144 194 20
145 256 98
145 278 13
145 264 47
145 265 53
145 150 29
145 155 66
145 156 51
145 297 57
145 299 36
145 172 59
145 180 92
145 186 54
145 220 96
145 210 58
145 247 27
146 270 90
146 271 74
146 275 61
146 276 63
146 285 23
146 166 35
146 191 22
146 205 84
146 206 48
146 213 46
146 157 62
146 255 91
147 257 57
147 261 57
147 195 67
147 152 33
147 161 10
147 172 58
147 215 60
147 218 87
147 219 49
147 226 45
147 228 77
147 241 90
147 250 58
147 253 91
148 265 88
148 284 27
148 289 98
148 297 85
148 181 62
148 185 74
148 187 67
148 188 9
148 190 74
148 199 91
148 210 93
148 246 68
148 248 2
149 275 82
149 276 70
149 277 46
149 151 68
149 280 37
149 156 16
149 160 50
149 188 64
149 195 91
149 212 73
149 206 65
149 217 94
149 219 69
150 151 84
150 286 6
150 176 83
150 292 68
150 177 90
150 187 57
150 203 74
150 220 44
150 228 25
150 245 64
150 248 50
151 260 70
151 263 97
151 270 37
151 272 94
151 274 78
151 155 72
151 289 2
151 168 76
151 172 45
151 174 87
151 185 47
151 186 63
151 189 56
151 190 56
151 221 10
152 259 69
152 268 89
152 273 94
152 154 63
152 285 40
152 162 56
152 164 55
152 170 49
152 172 74
152 173 75
152 192 1
152 195 47
152 198 88
152 221 30
152 228 75
152 234 4
153 256 5
153 282 28
153 285 78
153 159 52
153 291 33
153 170 48
153 173 74
153 188 39
153 267 2
153 184 9
153 214 83
153 219 44
153 221 22
153 231 87
153 235 17
153 210 19
153 248 25
153 252 75
153 255 96
154 261 96
154 238 78
154 289 37
154 170 86
154 299 56
154 180 18
154 200 69
154 201 34
154 214 47
154 234 27
154 239 69
154 241 87
154 243 46
154 250 73
154 253 37
154 254 75
155 256 32
155 283 2
155 158 26
155 160 19
155 289 12
155 290 39
155 296 47
155 170 48
155 199 21
155 182 51
155 184 61
155 186 96
155 192 64
155 203 81
155 204 40
155 205 56
155 210 7
155 213 76
155 218 51
155 219 20
155 223 22
155 224 3
155 240 97
155 249 36
156 278 85
156 158 24
156 173 33
156 176 22
156 202 48
156 214 91
156 226 63
156 229 20
156 237 18
156 245 80
157 263 95
157 265 67
157 285 41
157 163 58
157 166 31
157 295 6
157 171 84
157 172 92
157 176 71
157 183 34
157 189 23
157 213 98
157 220 12
157 224 100
157 231 86
157 264 25
158 263 95
158 266 71
158 268 24
158 271 7
158 273 15
158 259 70
158 278 68
158 282 30
158 161 59
158 292 59
158 168 44
158 169 38
158 298 34
158 175 14
158 178 49
158 202 71
158 210 86
158 232 59
158 233 64
158 237 61
158 248 32
159 198 16
159 277 72
159 294 88
159 209 89
159 214 79
159 249 58
159 219 62
159 229 31
160 262 43
160 263 33
160 264 63
160 268 24
160 270 55
160 161 40
160 162 75
160 174 97
160 175 44
160 180 85
160 190 15
160 208 9
160 215 48
160 220 27
160 168 45
161 261 99
161 166 24
161 173 75
161 205 21
161 291 33
161 241 84
161 211 42
161 249 75
162 279 73
162 272 4
162 167 85
162 296 48
162 175 70
162 185 41
162 204 40
162 215 80
162 220 61
162 221 6
162 237 71
163 268 43
163 167 10
163 295 51
163 170 16
163 188 45
163 190 5
163 209 26
163 229 66
163 230 43
163 242 3
163 243 11
164 262 45
164 185 64
164 194 34
164 200 47
164 201 62
164 209 69
164 222 18
164 224 41
164 225 42
164 227 45
164 234 95
164 239 1
165 278 17
165 285 49
165 288 6
165 167 97
165 298 37
165 175 56
165 183 91
165 187 80
165 195 53
165 241 83
165 209 97
165 218 97
165 296 49
165 245 47
165 248 67
166 262 38
166 287 29
166 167 29
166 169 23
166 171 78
166 175 48
166 264 68
166 209 70
166 291 92
166 212 95
167 286 68
167 297 62
167 298 5
167 175 7
167 177 23
167 210 75
167 291 30
167 293 77
167 241 82
167 243 35
167 250 76
168 283 9
168 193 61
168 240 7
168 267 87
168 221 37
168 230 94
168 244 50
168 246 88
168 247 64
169 258 53
169 259 11
169 270 24
169 272 13
169 284 5
169 286 7
169 288 67
169 289 88
169 181 38
169 200 11
169 212 41
169 240 68
170 256 13
170 276 82
170 296 27
170 242 70
170 192 71
170 244 22
170 250 89
171 262 93
171 276 5
171 283 46
171 296 76
171 297 68
171 215 98
171 222 71
171 235 50
172 267 42
172 273 17
172 261 64
172 297 84
172 299 97
172 181 64
172 183 51
172 200 70
172 269 51
172 232 13
172 252 3
172 253 8
173 265 39
173 277 13
173 281 72
173 287 45
173 288 62
173 293 16
173 297 55
173 180 28
173 187 92
173 190 37
173 225 78
173 240 20
173 244 63
174 290 55
174 292 12
174 296 73
174 189 96
174 191 3
174 197 41
174 206 57
174 209 8
174 270 97
174 223 48
174 234 96
175 281 100
175 242 71
175 182 73
175 183 20
175 202 87
175 203 93
175 211 70
175 213 19
175 218 17
175 225 57
176 188 68
176 179 6
176 182 57
176 280 53
176 221 92
177 261 66
177 264 22
177 267 68
177 271 95
177 276 5
177 282 7
177 193 69
177 222 65
177 249 17
177 253 38
177 255 32
178 198 30
178 201 64
178 271 21
178 185 0
178 223 63
178 286 39
179 260 9
179 266 39
179 282 89
179 283 98
179 293 18
179 296 92
179 299 54
179 182 23
179 185 48
179 194 6
179 201 7
179 223 44
179 228 37
179 230 63
179 250 30
180 279 20
180 214 98
180 218 100
180 222 30
180 249 65
181 279 3
181 283 60
181 291 74
181 204 75
181 210 37
181 215 48
181 220 46
181 224 57
181 241 56
181 242 68
182 256 4
182 261 15
182 267 3
182 274 43
182 288 40
182 186 16
182 193 62
182 206 18
182 210 21
182 243 20
182 249 6
183 257 4
183 258 52
183 267 78
183 268 36
183 269 49
183 282 35
183 284 33
183 295 22
183 299 28
183 196 93
183 216 70
183 239 14
183 244 97
183 245 16
183 253 44
183 255 84
184 257 93
184 265 92
184 238 84
184 294 33
184 295 22
184 296 46
184 299 95
184 189 4
184 190 5
184 195 45
184 199 73
184 203 20
185 259 66
185 277 5
185 280 75
185 282 22
185 264 21
185 211 54
185 214 38
185 218 16
185 246 88
186 259 79
186 265 71
186 266 66
186 285 41
186 286 57
186 194 54
186 201 62
186 205 18
186 212 19
186 228 55
186 232 9
186 252 84
187 261 87
187 274 33
187 275 72
187 278 80
187 299 74
187 190 94
187 195 9
187 200 81
187 290 100
187 236 58
187 247 52
187 248 3
187 251 86
188 224 53
188 257 99
188 232 51
188 265 0
189 264 60
189 293 60
189 296 55
189 194 24
189 210 83
189 216 23
189 217 11
189 226 87
189 251 86
189 233 69
189 245 71
189 249 16
190 278 59
190 293 56
190 191 7
190 203 76
190 205 31
190 209 7
190 218 33
190 251 96
190 252 15
191 258 78
191 288 49
191 290 38
191 200 77
191 224 4
191 236 84
192 260 98
192 282 85
192 287 63
192 195 20
192 203 23
192 225 40
192 230 17
192 249 75
192 251 11
192 253 71
192 277 41
193 256 91
193 279 64
193 196 56
193 283 52
193 204 59
193 211 22
193 219 6
193 223 52
193 225 83
193 234 93
194 264 25
194 280 35
194 281 69
194 285 63
194 289 37
194 294 86
194 296 99
194 202 90
194 205 92
194 255 65
195 268 90
195 278 57
195 293 14
195 196 1
195 198 32
195 204 52
195 206 17
195 214 55
195 221 7
195 224 15
195 234 19
196 224 89
196 295 95
196 200 74
196 236 40
196 210 84
196 251 15
197 256 64
197 295 67
197 299 62
197 217 9
197 230 48
197 232 88
198 257 35
198 259 93
198 261 16
198 279 26
198 271 79
198 283 85
198 296 34
198 298 100
198 201 42
198 207 38
198 208 85
198 216 71
198 243 75
199 256 66
199 261 41
199 263 47
199 277 33
199 279 33
199 285 14
199 286 56
199 206 91
199 220 82
199 224 4
199 251 66
200 258 68
200 279 45
200 288 82
200 294 61
200 211 85
200 249 94
200 254 22
200 255 44
201 217 32
201 285 65
201 297 26
201 215 47
201 218 25
201 239 87
201 250 94
202 267 23
202 277 94
202 282 35
202 285 10
202 225 92
202 245 66
202 251 96
203 258 95
203 286 30
203 291 95
203 204 71
203 209 95
203 218 14
203 227 40
203 255 33
204 268 91
204 273 40
204 277 6
204 298 97
204 299 61
204 213 94
204 223 57
204 240 18
204 251 58
205 251 88
205 239 71
205 240 76
205 283 52
206 267 66
206 283 84
206 299 80
206 265 41
206 223 79
206 207 56
206 212 10
206 214 36
206 231 36
206 239 35
206 249 68
207 280 80
207 277 83
207 296 28
207 229 25
207 232 69
207 239 28
207 240 47
208 258 5
208 263 16
208 265 4
208 283 20
208 289 19
208 291 89
208 293 93
208 295 8
208 219 38
208 227 85
208 234 88
208 238 77
208 239 92
208 250 42
209 260 19
209 267 62
209 210 0
209 292 95
209 228 5
209 233 50
210 259 13
210 265 4
210 275 34
210 276 56
210 283 22
210 222 20
210 247 45
211 256 90
211 259 0
211 261 88
211 272 99
211 286 55
211 214 13
211 225 58
211 228 29
211 233 100
211 240 31
211 251 53
212 267 70
212 271 17
212 281 100
213 273 84
213 274 49
213 282 50
213 296 71
213 299 82
213 235 29
213 236 41
214 261 52
214 215 61
214 271 33
214 286 34
214 227 24
214 242 53
215 258 49
215 270 90
215 292 51
215 294 54
215 223 71
215 226 31
215 230 52
215 244 98
215 247 48
216 230 73
216 246 55
216 287 37
216 223 67
217 261 80
217 268 32
217 278 9
217 279 95
217 260 20
217 283 20
217 284 41
217 285 26
217 288 24
217 223 51
217 226 99
217 235 60
217 244 19
218 271 26
218 276 43
218 288 83
218 295 33
218 299 36
218 233 84
218 245 65
219 256 68
219 259 83
219 268 11
219 273 70
219 278 57
219 282 57
219 289 51
219 220 46
219 235 2
219 252 74
220 290 50
220 278 5
220 286 91
220 291 97
220 292 99
220 247 30
220 245 53
220 246 25
220 249 45
221 280 28
221 283 62
221 289 58
221 290 60
221 226 28
221 236 78
221 237 88
221 246 19
221 247 31
222 256 48
222 267 49
222 286 66
222 231 88
222 236 36
222 247 35
223 256 14
223 284 64
223 285 39
223 291 61
223 235 58
223 236 86
223 244 28
224 271 93
224 277 23
224 289 55
224 225 84
224 230 18
224 233 20
224 239 23
224 247 92
225 278 82
225 280 12
225 286 85
225 288 93
225 293 81
225 298 61
225 265 48
225 236 27
225 255 77
226 269 87
226 272 4
226 279 18
226 281 84
226 295 99
226 239 69
226 253 94
226 255 14
227 257 83
227 259 54
227 279 47
227 244 80
227 271 4
227 242 11
227 251 79
227 234 96
228 268 84
228 239 53
229 260 6
229 261 32
229 273 78
229 291 61
229 268 45
229 232 22
229 238 52
229 241 97
229 252 71
230 284 73
230 266 2
230 246 80
231 267 67
231 274 81
231 276 65
231 282 84
231 296 30
231 284 67
231 243 47
232 262 35
232 275 91
232 277 59
232 298 91
232 247 84
233 241 11
233 240 38
233 244 66
233 279 12
233 249 4
233 253 92
234 257 63
234 267 77
234 271 98
234 282 11
234 294 20
234 265 93
234 235 78
234 239 15
234 255 96
235 292 85
235 252 57
235 271 23
235 260 34
236 259 1
236 238 50
236 243 77
237 291 61
237 260 28
237 247 30
237 284 14
237 292 34
238 276 85
238 282 19
238 265 56
238 243 90
238 297 16
239 262 91
239 272 27
239 274 87
239 276 65
239 282 28
239 287 42
240 299 87
240 270 96
240 253 78
242 256 45
242 280 93
242 285 1
242 255 49
243 263 51
243 278 84
243 247 3
243 251 42
243 254 21
244 269 81
244 271 1
244 278 4
244 286 97
244 251 77
244 253 99
245 292 4
245 298 93
245 268 6
245 251 47
245 287 88
246 258 91
246 272 49
246 281 87
246 296 53
246 298 67
246 253 16
247 290 82
247 249 67
247 250 58
248 299 69
248 278 61
248 287 27
248 251 98
249 263 53
249 264 76
249 271 90
249 274 17
250 264 7
250 276 17
251 260 45
251 290 21
251 298 40
251 297 92
252 273 74
252 280 51
252 284 27
252 298 60
252 281 2
252 254 95
253 264 65
253 272 4
253 289 83
253 255 22
254 272 10
255 258 30
255 259 14
255 261 65
255 270 85
255 281 42
255 274 40
256 266 35
256 277 29
256 293 16
257 298 30
257 288 58
257 291 44
257 268 97
258 262 81
258 264 9
258 269 99
258 274 30
259 296 87
260 263 88
260 269 18
260 272 65
260 277 60
260 289 48
260 291 15
260 294 45
260 297 22
260 276 40
261 263 65
261 265 31
261 271 47
261 280 65
261 282 34
261 286 66
262 273 65
262 284 88
262 289 20
262 297 44
262 288 58
263 264 92
263 270 93
263 288 54
263 297 91
264 278 12
264 281 63
264 286 64
265 266 34
265 277 0
265 281 72
266 275 56
266 268 9
266 270 88
266 274 57
266 293 88
267 269 87
267 291 85
267 293 94
267 296 87
268 271 42
268 272 64
268 275 74
269 272 20
269 290 94
271 277 0
272 280 12
272 287 22
273 285 51
273 289 1
273 291 0
273 299 9
274 277 3
274 290 78
277 299 89
277 287 77
277 297 46
278 288 45
279 282 28
279 292 69
279 297 40
282 286 76
282 290 24
283 293 60
283 295 71
283 284 96
284 294 81
285 289 13
290 299 23
291 298 3
292 298 3
294 297 55
