300 4000
0 263 7
0 13 51
0 146 94
0 239 9
0 284 65
0 160 7
0 162 12
0 283 4
0 36 76
0 38 44
0 50 36
0 180 50
0 183 93
0 34 87
0 215 99
0 217 13
0 94 2
0 102 33
0 110 55
0 111 45
0 112 22
0 241 95
0 243 41
0 118 52
1 130 84
1 135 52
1 271 21
1 151 47
1 282 37
1 155 67
1 284 10
1 167 99
1 173 36
1 51 59
1 54 37
1 58 83
1 192 97
1 196 79
1 71 15
1 202 75
1 79 86
1 89 60
1 227 49
1 39 50
1 114 46
1 244 21
1 248 78
1 254 43
2 260 78
2 6 9
2 141 42
2 271 41
2 161 21
2 290 89
2 163 25
2 295 86
2 296 36
2 178 48
2 51 72
2 181 36
2 183 28
2 57 54
2 187 23
2 61 52
2 197 20
2 13 4
2 84 46
2 185 89
2 216 99
2 217 78
2 92 56
2 96 97
2 102 20
2 233 55
2 108 24
2 252 49
3 129 76
3 150 85
3 263 9
3 10 4
3 278 17
3 25 44
3 281 25
3 31 63
3 163 96
3 39 79
3 40 84
3 299 53
3 179 93
3 59 2
3 194 56
3 68 16
3 204 58
3 76 88
3 207 50
3 120 93
3 216 63
3 98 12
3 227 76
3 100 47
3 231 31
3 108 86
3 109 85
3 116 2
3 248 15
4 133 40
4 144 94
4 150 11
4 151 83
4 27 86
4 30 94
4 288 1
4 37 100
4 294 28
4 297 0
4 171 15
4 114 65
4 188 57
4 62 3
4 194 74
4 97 78
4 210 66
4 85 13
4 91 100
4 95 18
4 272 62
4 228 6
4 242 45
4 116 60
4 123 6
5 256 56
5 263 70
5 8 29
5 9 93
5 266 81
5 194 36
5 15 64
5 145 23
5 274 37
5 27 94
5 28 23
5 29 80
5 159 66
5 283 84
5 166 52
5 295 50
5 40 45
5 48 28
5 55 33
5 185 20
5 189 84
5 66 45
5 195 63
5 71 75
5 205 97
5 79 100
5 210 92
5 93 41
5 222 10
5 227 69
5 102 97
5 232 51
5 106 67
5 109 98
5 110 37
5 104 1
5 116 8
5 248 89
5 250 97
5 124 75
6 128 62
6 262 66
6 135 35
6 264 74
6 9 27
6 13 66
6 275 17
6 288 39
6 42 66
6 299 68
6 44 7
6 176 0
6 177 8
6 54 42
6 184 34
6 57 74
6 186 60
6 189 35
6 70 61
6 76 86
6 204 39
6 205 35
6 78 4
6 79 56
6 83 40
6 84 61
6 185 8
6 90 68
6 95 78
6 97 88
6 105 87
6 106 58
6 235 75
6 109 17
6 211 42
6 246 99
6 234 92
7 160 99
7 97 24
7 162 14
7 67 63
7 261 31
7 226 56
7 258 56
7 43 96
7 173 72
7 143 48
7 229 94
7 50 62
7 274 99
7 105 17
7 224 61
7 25 9
7 90 70
7 93 81
7 158 64
7 31 31
8 259 3
8 260 49
8 133 60
8 262 52
8 136 32
8 266 72
8 13 75
8 272 84
8 274 8
8 275 55
8 154 69
8 34 91
8 36 96
8 41 14
8 42 7
8 43 74
8 47 69
8 190 21
8 68 89
8 74 65
8 75 56
8 77 33
8 141 45
8 219 17
8 222 57
8 235 18
8 236 59
8 110 44
8 111 34
8 241 16
8 116 35
8 120 38
8 123 53
9 129 89
9 134 4
9 172 100
9 268 23
9 144 46
9 276 66
9 25 6
9 24 69
9 153 19
9 156 47
9 157 55
9 133 38
9 44 81
9 174 47
9 48 39
9 50 25
9 53 51
9 190 82
9 72 100
9 62 1
9 225 27
9 103 54
9 240 18
9 242 11
9 245 7
10 267 66
10 13 51
10 279 80
10 285 88
10 289 17
10 39 56
10 297 46
10 43 16
10 45 63
10 46 59
10 157 89
10 57 37
10 195 28
10 75 89
10 205 98
10 84 71
10 218 36
10 220 86
10 226 65
10 99 100
10 100 62
10 102 77
10 230 39
10 231 97
10 167 88
10 240 32
10 113 25
10 123 7
10 254 32
10 255 21
11 258 1
11 134 20
11 266 69
11 20 74
11 149 11
11 150 71
11 155 3
11 287 47
11 161 89
11 295 0
11 168 3
11 169 58
11 43 9
11 180 65
11 186 35
11 190 15
11 197 75
11 202 33
11 82 48
11 222 92
11 95 24
11 234 53
11 239 43
11 241 1
11 247 21
11 276 92
12 128 65
12 129 19
12 259 13
12 132 24
12 270 22
12 147 77
12 276 77
12 281 8
12 27 97
12 292 49
12 165 61
12 167 55
12 298 37
12 181 98
12 184 65
12 60 2
12 191 86
12 195 18
12 71 54
12 201 13
12 76 90
12 212 85
12 14 31
12 97 50
12 229 96
12 231 6
12 242 18
12 275 34
12 117 4
12 84 91
12 253 44
13 131 7
13 134 40
13 130 20
13 142 8
13 144 39
13 148 99
13 152 1
13 26 12
13 158 90
13 197 49
13 34 38
13 292 22
13 41 71
13 53 45
13 183 67
13 188 42
13 192 2
13 69 100
13 198 22
13 71 98
13 87 99
13 217 55
13 218 99
13 93 71
13 97 94
13 104 16
13 238 57
13 242 65
13 124 82
14 112 41
14 35 99
14 260 59
14 246 11
14 38 98
14 289 27
14 124 23
14 174 84
14 175 27
14 272 72
14 49 68
14 286 29
14 85 22
14 86 82
14 153 80
14 92 5
14 254 96
14 223 62
15 269 59
15 143 32
15 145 29
15 147 49
15 148 61
15 154 67
15 27 10
15 286 57
15 287 56
15 160 11
15 163 9
15 293 5
15 41 84
15 176 94
15 182 97
15 57 3
15 223 61
15 75 26
15 202 97
15 203 94
15 213 18
15 86 66
15 216 98
15 217 53
15 91 71
15 101 54
15 229 18
15 238 60
15 239 63
15 275 98
15 247 99
16 260 32
16 134 63
16 263 37
16 268 42
16 19 36
16 148 88
16 280 9
16 34 14
16 294 91
16 170 71
16 181 76
16 57 0
16 188 3
16 197 76
16 198 20
16 76 89
16 211 16
16 214 30
16 87 48
16 105 31
16 234 5
16 237 5
16 248 90
16 249 19
16 250 18
17 137 47
17 146 16
17 149 45
17 27 51
17 28 44
17 160 60
17 161 62
17 169 53
17 43 20
17 48 72
17 185 31
17 64 67
17 65 88
17 67 90
17 75 81
17 214 57
17 94 38
17 228 49
17 238 21
17 118 32
17 250 34
17 125 8
18 96 33
18 97 28
18 36 54
18 168 82
18 76 91
18 267 48
18 236 25
18 247 99
18 177 29
18 147 37
18 94 29
18 264 17
18 280 55
18 188 74
18 253 44
18 254 85
18 95 77
19 135 73
19 137 67
19 267 36
19 273 70
19 150 33
19 287 42
19 33 60
19 40 66
19 43 47
19 187 87
19 60 77
19 192 42
19 67 30
19 68 69
19 209 84
19 86 60
19 94 83
19 102 25
19 107 67
19 239 79
19 125 55
20 259 32
20 138 60
20 140 9
20 21 97
20 25 87
20 282 81
20 285 57
20 299 97
20 55 69
20 56 11
20 186 82
20 61 20
20 201 23
20 204 41
20 205 75
20 208 64
20 209 42
20 214 60
20 220 68
20 234 82
20 240 73
20 244 9
20 249 0
21 130 11
21 133 13
21 264 33
21 138 8
21 141 63
21 279 10
21 282 28
21 285 26
21 159 7
21 45 62
21 179 88
21 52 81
21 55 87
21 189 10
21 74 37
21 89 57
21 225 45
21 105 85
21 108 15
21 117 40
21 253 62
22 79 17
22 164 88
22 285 13
22 70 70
22 142 55
22 296 87
22 252 23
22 202 62
22 204 9
22 110 49
22 111 24
22 48 5
22 168 47
22 178 80
22 211 80
22 84 44
22 174 6
22 119 0
22 283 5
22 124 9
22 42 92
23 137 74
23 269 92
23 273 84
23 288 100
23 167 84
23 41 51
23 170 91
23 188 13
23 192 41
23 197 9
23 71 65
23 75 12
23 204 51
23 78 42
23 81 13
23 89 20
23 232 50
23 234 90
23 110 82
23 112 94
23 244 73
23 248 89
23 121 32
24 137 12
24 149 4
24 280 17
24 155 93
24 285 62
24 158 29
24 291 85
24 293 52
24 167 80
24 46 65
24 49 33
24 219 9
24 195 24
24 197 34
24 71 12
24 72 70
24 177 91
24 79 89
24 78 43
24 207 39
24 163 44
24 213 16
24 87 66
24 91 46
24 96 74
24 98 77
24 102 50
24 244 88
24 247 28
24 252 74
25 138 46
25 141 53
25 147 91
25 157 26
25 31 2
25 33 17
25 35 50
25 178 94
25 243 58
25 58 1
25 189 16
25 62 46
25 63 43
25 193 4
25 198 29
25 80 97
25 83 49
25 84 49
25 98 64
25 234 57
25 236 55
25 114 64
25 211 55
25 119 99
25 124 51
25 253 28
26 261 26
26 262 73
26 274 35
26 281 78
26 282 24
26 283 85
26 291 47
26 37 43
26 297 15
26 170 22
26 183 16
26 64 47
26 201 89
26 213 95
26 94 99
26 95 82
26 224 64
26 97 15
26 103 77
26 231 23
26 118 87
27 277 67
27 279 66
27 152 95
27 156 17
27 287 14
27 160 72
27 177 60
27 31 14
27 203 97
27 271 56
27 222 97
27 100 67
27 229 93
27 231 39
27 105 54
27 106 19
27 239 68
27 247 15
27 251 26
27 124 24
28 258 92
28 131 70
28 236 32
28 148 43
28 30 65
28 288 58
28 161 98
28 36 42
28 165 64
28 294 49
28 40 38
28 169 67
28 299 24
28 172 0
28 45 30
28 177 48
28 187 37
28 74 53
28 75 89
28 220 40
28 219 49
28 92 65
28 100 27
28 102 90
28 231 26
28 233 75
28 108 50
28 243 39
29 134 43
29 136 39
29 146 52
29 149 60
29 279 77
29 159 28
29 295 82
29 40 66
29 170 99
29 48 58
29 177 0
29 180 82
29 67 9
29 72 28
29 77 83
29 79 72
29 225 28
29 98 53
29 113 17
29 250 11
29 298 38
29 253 44
29 255 63
30 140 92
30 155 61
30 44 78
30 45 92
30 177 11
30 180 74
30 66 68
30 67 96
30 69 12
30 199 100
30 73 23
30 77 26
30 79 97
30 210 100
30 214 83
30 218 79
30 223 42
30 96 8
30 232 58
30 107 90
30 248 17
30 250 83
31 130 71
31 266 70
31 285 53
31 287 12
31 174 17
31 47 27
31 48 58
31 50 7
31 138 98
31 199 0
31 81 98
31 217 75
31 96 4
31 100 17
31 103 80
31 237 44
31 246 26
31 120 67
31 253 39
31 255 10
32 129 18
32 259 0
32 152 12
32 146 46
32 278 91
32 151 92
32 280 60
32 158 44
32 293 88
32 298 38
32 49 44
32 193 6
32 67 84
32 197 62
32 70 60
32 204 25
32 211 19
32 216 100
32 89 45
32 234 28
32 241 34
32 117 39
33 256 35
33 131 77
33 267 21
33 270 20
33 281 96
33 159 37
33 289 93
33 290 89
33 37 82
33 168 73
33 173 73
33 178 16
33 57 13
33 186 72
33 64 30
33 75 83
33 83 58
33 220 86
33 232 50
33 112 12
33 241 47
33 114 0
34 132 70
34 263 83
34 280 88
34 153 86
34 284 86
34 292 32
34 295 33
34 40 36
34 298 56
34 45 99
34 49 35
34 50 81
34 67 54
34 77 12
34 80 62
34 83 70
34 84 69
34 89 17
34 93 95
34 230 67
34 107 65
34 242 74
34 119 21
34 252 62
34 127 98
35 256 100
35 289 30
35 194 36
35 36 72
35 134 65
35 198 46
35 129 52
35 104 78
35 233 73
35 160 0
35 204 60
35 47 65
35 209 1
35 148 6
35 277 24
35 95 96
35 181 27
35 63 65
36 130 53
36 143 53
36 273 34
36 279 23
36 280 26
36 282 68
36 159 2
36 292 98
36 167 44
36 171 47
36 44 62
36 177 0
36 178 93
36 180 100
36 55 64
36 192 7
36 66 38
36 199 82
36 74 64
36 204 54
36 218 34
36 92 34
36 295 28
36 241 43
36 115 8
36 246 47
36 251 7
37 135 85
37 265 39
37 148 76
37 278 17
37 155 5
37 159 47
37 39 70
37 183 86
37 66 96
37 196 52
37 197 18
37 72 3
37 74 89
37 203 89
37 218 32
37 232 8
37 109 40
37 246 53
37 248 9
38 142 60
38 276 87
38 277 66
38 161 59
38 291 54
38 173 8
38 175 29
38 189 28
38 190 1
38 64 53
38 196 95
38 202 16
38 75 77
38 82 83
38 212 99
38 218 42
38 110 96
38 239 11
38 148 72
38 252 4
39 256 78
39 257 37
39 267 40
39 140 20
39 77 36
39 283 16
39 157 99
39 296 88
39 178 38
39 186 83
39 63 51
39 246 99
39 71 0
39 205 76
39 206 13
39 207 92
39 208 32
39 88 97
39 221 13
39 80 89
39 102 54
39 118 81
39 119 56
39 252 56
40 141 79
40 144 45
40 286 65
40 298 56
40 157 90
40 177 48
40 158 67
40 199 77
40 72 37
40 73 38
40 208 50
40 98 50
40 104 4
40 245 76
40 251 41
40 253 14
41 259 1
41 270 3
41 150 10
41 154 70
41 159 72
41 297 82
41 177 68
41 184 95
41 65 80
41 211 81
41 85 78
41 88 95
41 217 43
41 220 55
41 229 93
41 104 96
41 234 11
41 83 87
41 248 15
41 249 51
41 124 41
42 141 94
42 145 39
42 146 30
42 151 57
42 282 11
42 291 82
42 293 47
42 299 25
42 178 39
42 62 40
42 66 99
42 195 96
42 69 39
42 203 7
42 205 35
42 77 99
42 216 43
42 218 82
42 91 1
42 221 88
42 101 22
42 231 14
42 233 37
42 240 93
42 114 48
42 118 53
43 107 26
43 143 8
43 147 98
43 293 57
43 294 64
43 295 35
43 169 96
43 45 3
43 174 87
43 49 95
43 54 64
43 58 75
43 188 90
43 200 55
43 77 59
43 212 28
43 217 75
43 220 80
43 101 27
43 230 48
43 235 76
43 111 39
43 120 53
44 136 22
44 143 66
44 145 45
44 153 10
44 283 93
44 158 76
44 289 10
44 162 21
44 291 87
44 166 85
44 167 55
44 179 89
44 52 85
44 55 31
44 181 17
44 64 13
44 200 54
44 81 33
44 212 24
44 215 46
44 220 54
44 221 55
44 97 10
44 239 76
44 116 58
44 246 57
45 134 1
45 267 45
45 141 13
45 274 85
45 147 72
45 276 81
45 220 90
45 49 27
45 138 46
45 63 39
45 193 82
45 66 9
45 69 83
45 70 96
45 71 6
45 73 83
45 212 35
45 85 59
45 86 86
45 92 6
45 102 20
45 232 52
45 237 72
45 112 8
45 245 32
45 252 13
45 253 12
45 254 15
45 277 3
46 259 18
46 262 19
46 139 72
46 141 3
46 272 68
46 279 6
46 280 77
46 138 77
46 55 57
46 57 7
46 189 86
46 192 15
46 200 57
46 205 51
46 206 5
46 92 0
46 93 38
46 238 50
46 239 49
46 121 49
46 126 96
46 255 81
47 261 53
47 275 93
47 282 22
47 158 13
47 159 54
47 169 60
47 173 43
47 287 80
47 61 74
47 64 57
47 66 11
47 71 53
47 201 5
47 78 30
47 291 93
47 85 71
47 87 61
47 216 27
47 90 68
47 237 78
47 241 15
47 114 90
47 117 69
47 246 62
47 248 79
47 123 28
48 129 48
48 130 88
48 135 42
48 141 97
48 275 42
48 171 32
48 51 18
48 58 24
48 95 66
48 61 2
48 190 64
48 65 73
48 195 46
48 75 74
48 88 54
48 223 70
48 225 3
48 236 50
48 241 11
49 258 77
49 262 19
49 152 80
49 157 48
49 171 96
49 57 62
49 190 1
49 197 67
49 70 30
49 225 50
49 247 34
49 185 94
49 88 51
49 90 51
49 220 72
49 223 15
49 97 55
49 108 0
49 111 50
49 115 57
49 119 55
49 253 30
50 141 47
50 288 61
50 291 36
50 164 9
50 297 36
50 54 57
50 265 36
50 202 34
50 80 11
50 163 57
50 213 87
50 225 38
50 229 33
50 103 37
50 237 80
50 111 47
50 240 59
50 241 54
50 117 14
50 119 85
50 122 14
50 124 94
51 136 78
51 137 0
51 138 96
51 139 95
51 140 77
51 144 50
51 278 40
51 285 92
51 286 47
51 170 38
51 190 15
51 65 20
51 76 2
51 210 21
51 213 34
51 94 60
51 101 61
51 239 68
51 116 53
51 248 61
51 253 30
52 288 65
52 160 28
52 107 49
52 292 5
52 262 65
52 134 64
52 235 17
52 61 89
52 175 5
52 144 67
52 81 56
52 243 67
52 116 76
52 53 53
52 299 88
52 57 64
52 186 55
52 93 21
52 94 100
53 96 16
53 226 67
53 219 13
53 68 13
53 209 98
53 232 45
53 266 79
53 270 32
53 81 80
53 149 30
53 244 68
53 154 25
53 59 91
53 191 29
54 259 50
54 149 1
54 279 5
54 153 34
54 159 76
54 166 93
54 287 79
54 178 5
54 187 27
54 188 29
54 69 1
54 200 66
54 203 71
54 76 89
54 219 51
54 220 22
54 105 22
54 115 36
54 117 75
54 248 54
54 123 43
55 262 10
55 263 93
55 140 24
55 141 96
55 144 99
55 275 84
55 276 98
55 174 43
55 150 0
55 163 40
55 166 22
55 297 83
55 176 87
55 191 14
55 193 56
55 205 28
55 269 93
55 209 31
55 85 22
55 249 31
55 218 93
55 96 25
55 231 15
55 109 51
55 112 9
55 116 9
56 160 71
56 149 29
56 91 65
56 196 77
56 69 89
56 136 86
56 203 79
56 76 43
56 79 54
56 245 94
56 264 57
56 181 78
56 278 70
56 58 65
56 187 33
56 117 32
56 190 49
56 95 89
57 139 40
57 148 60
57 285 83
57 287 9
57 289 63
57 298 71
57 182 63
57 59 2
57 119 100
57 207 19
57 212 38
57 214 82
57 92 52
57 232 93
57 238 76
57 114 52
57 247 80
57 120 13
57 251 64
57 252 55
58 258 51
58 262 81
58 138 57
58 270 55
58 148 85
58 277 91
58 279 93
58 162 97
58 164 70
58 173 79
58 61 92
58 62 28
58 191 59
58 200 62
58 247 12
58 204 52
58 206 45
58 215 65
58 92 0
58 225 60
58 100 92
58 232 44
58 236 67
58 190 75
58 119 12
58 248 45
59 231 64
59 168 21
59 201 81
59 279 78
59 205 7
59 78 64
59 80 51
59 241 14
59 276 8
59 150 71
59 137 56
59 88 75
59 250 67
59 188 69
60 149 35
60 150 68
60 285 61
60 160 70
60 291 31
60 169 11
60 299 89
60 175 55
60 177 51
60 182 41
60 187 91
60 64 17
60 199 84
60 72 37
60 202 98
60 86 92
60 216 100
60 219 98
60 250 55
60 100 39
60 239 18
60 241 69
60 244 57
60 117 12
60 122 69
61 136 16
61 143 35
61 144 33
61 275 11
61 279 89
61 152 24
61 282 86
61 283 76
61 156 75
61 112 80
61 292 80
61 173 26
61 175 42
61 70 17
61 76 11
61 207 69
61 211 18
61 215 9
61 95 61
61 233 30
61 238 25
61 240 25
62 258 11
62 171 68
62 262 12
62 263 44
62 137 27
62 139 49
62 268 46
62 276 46
62 279 11
62 291 51
62 168 17
62 135 48
62 172 66
62 174 45
62 180 10
62 184 77
62 151 52
62 203 19
62 84 49
62 86 9
62 230 90
62 238 61
62 296 59
62 114 52
62 246 7
62 153 28
63 225 24
63 196 62
63 293 37
63 230 64
63 73 53
63 266 28
63 299 85
63 237 55
63 206 0
63 112 32
63 82 99
63 67 50
63 247 44
63 154 64
63 220 74
64 171 51
64 136 5
64 141 33
64 142 53
64 155 63
64 290 74
64 169 14
64 170 71
64 299 53
64 178 58
64 195 77
64 203 84
64 79 23
64 270 38
64 216 35
64 224 73
64 238 78
64 112 46
64 115 21
64 121 91
64 253 85
65 130 42
65 299 59
65 179 45
65 135 4
65 138 55
65 149 89
65 283 3
65 292 4
65 167 85
65 171 15
65 172 19
65 201 80
65 73 52
65 203 64
65 79 47
65 90 77
65 223 32
65 225 25
65 98 36
65 232 3
65 111 64
65 112 26
65 251 99
65 125 100
65 255 65
66 131 43
66 133 61
66 134 6
66 264 61
66 140 46
66 143 50
66 273 34
66 277 23
66 156 48
66 291 22
66 70 74
66 72 48
66 203 67
66 77 99
66 78 38
66 82 12
66 220 58
66 225 34
66 101 26
66 108 81
66 109 12
66 110 1
66 111 23
67 261 62
67 266 32
67 284 88
67 162 76
67 291 59
67 292 83
67 181 49
67 95 36
67 193 57
67 201 48
67 78 14
67 81 36
67 223 43
67 101 17
67 112 73
67 115 62
67 117 47
67 124 92
68 265 96
68 140 44
68 269 2
68 143 31
68 145 62
68 146 30
68 238 81
68 150 41
68 292 58
68 166 82
68 167 52
68 72 61
68 201 68
68 206 24
68 79 60
68 91 21
68 220 47
68 230 2
68 110 75
68 239 38
68 243 74
69 257 85
69 130 88
69 132 61
69 277 60
69 150 93
69 281 88
69 156 14
69 198 80
69 71 77
69 208 32
69 87 77
69 89 54
69 223 11
69 225 7
69 97 42
69 110 27
69 114 63
69 121 92
69 126 91
70 131 62
70 260 89
70 270 34
70 271 94
70 282 56
70 284 17
70 289 59
70 166 97
70 299 95
70 191 5
70 192 86
70 72 91
70 75 85
70 86 70
70 230 60
70 103 2
70 250 85
71 258 28
71 131 61
71 134 94
71 135 92
71 143 15
71 146 62
71 151 28
71 152 54
71 156 5
71 161 0
71 129 75
71 171 40
71 191 39
71 192 24
71 279 25
71 201 98
71 203 6
71 204 41
71 221 51
71 94 91
71 96 80
71 106 90
71 240 30
71 252 15
72 135 76
72 264 45
72 141 72
72 153 7
72 162 41
72 295 63
72 175 71
72 178 11
72 200 41
72 220 95
72 229 12
72 233 0
72 240 50
72 117 0
72 124 39
73 261 91
73 266 4
73 140 96
73 280 22
73 161 62
73 162 76
73 293 48
73 297 17
73 170 6
73 183 10
73 189 36
73 194 48
73 82 38
73 85 71
73 218 28
73 97 34
73 229 56
73 108 69
73 237 57
73 254 53
74 257 52
74 260 47
74 261 16
74 262 83
74 145 75
74 146 34
74 147 80
74 279 27
74 286 83
74 288 84
74 169 99
74 175 81
74 186 17
74 75 6
74 85 68
74 214 52
74 220 59
74 104 3
74 234 21
74 241 80
74 252 90
75 256 58
75 175 51
75 179 14
75 182 5
75 188 58
75 225 68
75 200 94
75 213 97
75 214 12
75 88 30
75 143 57
75 222 87
75 97 100
75 247 70
75 126 67
75 85 55
76 141 96
76 259 68
76 277 43
76 280 93
76 283 82
76 159 0
76 241 67
76 172 29
76 177 49
76 210 67
76 91 35
76 93 99
76 131 54
76 229 44
76 104 65
76 106 14
76 109 50
76 113 63
76 147 16
76 244 4
76 248 73
76 123 25
76 125 3
76 255 34
77 258 0
77 263 19
77 139 65
77 268 82
77 274 13
77 276 63
77 154 36
77 161 80
77 162 53
77 297 86
77 176 87
77 189 19
77 190 97
77 192 70
77 197 32
77 205 55
77 213 6
77 217 38
77 226 48
77 102 27
77 118 18
77 249 16
78 165 34
78 275 58
78 107 9
78 204 10
78 210 36
78 175 46
78 87 78
78 273 43
78 178 59
78 195 48
78 246 11
78 154 12
78 293 58
79 266 56
79 141 0
79 270 97
79 110 72
79 283 92
79 287 0
79 294 65
79 173 68
79 181 10
79 183 2
79 192 24
79 206 32
79 89 64
79 218 86
79 94 77
79 99 42
79 102 93
79 230 98
79 238 10
79 247 9
79 248 21
79 249 42
79 252 84
80 262 22
80 145 68
80 163 14
80 164 67
80 168 40
80 170 0
80 177 80
80 178 25
80 181 11
80 199 26
80 205 44
80 213 90
80 93 75
80 94 99
80 99 33
80 228 71
80 229 84
80 233 60
80 237 72
80 114 41
80 119 31
80 298 30
80 85 4
81 165 50
81 197 42
81 103 42
81 232 87
81 137 62
81 173 83
81 273 16
81 179 34
81 182 36
81 247 72
81 117 14
81 125 8
82 129 58
82 138 17
82 144 97
82 280 43
82 152 66
82 158 32
82 288 59
82 161 51
82 295 77
82 266 99
82 191 0
82 89 77
82 93 58
82 97 17
82 123 55
82 100 87
82 252 19
82 234 91
82 110 95
82 124 46
83 128 16
83 130 78
83 259 28
83 139 96
83 141 46
83 276 49
83 287 47
83 291 79
83 294 92
83 181 69
83 186 57
83 189 48
83 190 58
83 85 31
83 100 77
83 104 47
83 233 49
83 109 40
84 129 25
84 130 7
84 268 99
84 146 84
84 151 42
84 291 26
84 293 40
84 170 40
84 242 13
84 180 23
84 191 36
84 192 46
84 98 53
84 85 3
84 216 87
84 101 17
84 97 79
84 226 37
84 99 30
84 229 66
84 238 8
84 111 90
84 114 37
84 243 77
85 258 92
85 149 56
85 289 66
85 164 52
85 178 45
85 180 54
85 186 63
85 195 82
85 198 58
85 204 8
85 86 14
85 224 38
85 97 85
85 232 22
85 246 70
85 121 30
85 126 45
86 257 41
86 263 78
86 141 20
86 147 72
86 164 48
86 165 71
86 295 18
86 168 21
86 169 82
86 184 22
86 198 65
86 204 35
86 207 63
86 208 44
86 209 10
86 210 6
86 213 71
86 214 92
86 223 64
86 224 97
86 231 37
86 237 74
86 241 57
86 248 86
87 128 64
87 259 96
87 136 4
87 275 99
87 151 85
87 156 71
87 291 86
87 167 48
87 298 32
87 182 31
87 184 68
87 187 72
87 189 44
87 196 28
87 207 39
87 163 64
87 206 64
87 92 56
87 221 7
87 242 28
87 115 6
87 117 41
87 119 49
87 120 24
87 253 82
87 127 22
88 257 78
88 133 17
88 138 100
88 273 87
88 110 8
88 152 2
88 286 76
88 161 91
88 164 75
88 296 39
88 299 87
88 182 25
88 184 81
88 186 31
88 200 66
88 209 18
88 215 55
88 226 38
88 100 59
88 107 85
88 238 88
88 113 94
88 244 35
88 245 77
88 297 9
88 254 33
89 137 89
89 138 19
89 272 26
89 145 27
89 150 19
89 158 28
89 290 68
89 163 95
89 214 46
89 216 2
89 91 42
89 220 83
89 97 45
89 226 3
89 234 20
89 108 60
89 240 1
89 118 52
89 247 96
89 127 4
90 259 71
90 276 82
90 164 67
90 177 98
90 176 32
90 185 1
90 189 74
90 210 58
90 94 53
90 95 25
90 98 84
90 232 3
90 108 49
90 114 50
90 116 38
90 122 52
90 123 44
90 126 100
91 133 74
91 263 94
91 266 13
91 269 83
91 144 1
91 146 41
91 155 91
91 286 94
91 287 22
91 289 32
91 163 59
91 176 32
91 181 58
91 198 66
91 204 57
91 205 44
91 219 87
91 95 25
91 97 35
91 228 75
91 114 70
91 248 70
91 123 15
92 259 95
92 258 88
92 274 76
92 276 90
92 279 61
92 287 47
92 198 51
92 295 91
92 297 82
92 170 62
92 177 74
92 179 72
92 183 3
92 130 100
92 186 76
92 101 38
92 229 55
92 105 23
92 167 15
92 237 24
92 238 98
92 115 29
92 235 21
92 118 54
92 248 90
92 250 91
93 258 57
93 133 63
93 147 74
93 153 46
93 291 81
93 165 82
93 177 15
93 185 52
93 190 39
93 194 39
93 204 76
93 219 100
93 95 31
93 97 26
93 229 5
93 236 63
93 111 44
93 116 13
93 119 76
93 120 98
93 250 76
93 125 11
93 127 11
94 129 38
94 261 95
94 134 42
94 141 26
94 271 15
94 273 56
94 150 56
94 154 20
94 285 55
94 165 75
94 177 23
94 179 6
94 205 2
94 223 93
94 232 66
94 106 32
94 274 63
94 112 46
94 119 48
95 261 4
95 268 18
95 273 66
95 176 70
95 134 98
95 173 41
95 197 89
95 97 48
95 248 99
95 126 13
96 142 68
96 143 81
96 280 35
96 275 35
96 278 94
96 282 64
96 155 99
96 156 82
96 158 88
96 162 85
96 293 78
96 166 63
96 168 52
96 170 88
96 173 20
96 159 36
96 203 38
96 212 3
96 270 82
96 225 84
96 102 80
96 103 1
96 105 29
96 234 53
96 239 47
97 259 79
97 141 93
97 271 14
97 276 69
97 155 50
97 158 36
97 290 59
97 298 89
97 175 46
97 188 90
97 202 10
97 227 73
97 236 44
97 254 46
97 213 31
98 257 82
98 132 1
98 262 75
98 277 34
98 150 57
98 287 41
98 299 29
98 176 76
98 178 76
98 179 84
98 182 46
98 184 7
98 187 59
98 207 7
98 210 27
98 225 42
98 226 65
98 237 91
98 117 2
98 248 7
98 251 85
99 212 8
99 164 37
99 293 83
99 178 59
99 274 87
99 171 6
99 141 39
99 271 98
99 210 66
99 147 81
99 180 95
99 245 0
99 279 4
99 153 73
99 155 79
99 191 11
100 267 50
100 141 35
100 277 32
100 279 69
100 282 48
100 290 95
100 155 16
100 169 50
100 174 53
100 218 90
100 220 61
100 101 49
100 107 37
100 246 73
100 247 5
100 127 2
101 130 64
101 132 70
101 264 55
101 139 93
101 142 13
101 151 45
101 169 12
101 173 12
101 176 60
101 206 72
101 237 55
101 219 47
101 226 80
101 109 92
102 152 5
102 279 28
102 285 55
102 288 48
102 163 31
102 166 10
102 297 69
102 170 71
102 175 26
102 183 81
102 194 21
102 199 14
102 207 45
102 118 19
102 120 28
102 253 78
103 257 90
103 264 8
103 267 7
103 143 65
103 151 19
103 284 75
103 296 2
103 287 24
103 159 5
103 189 33
103 191 2
103 207 26
103 104 82
103 105 14
103 238 84
103 113 88
104 258 19
104 268 0
104 152 37
104 282 15
104 284 86
104 157 39
104 290 79
104 164 88
104 296 83
104 181 66
104 188 42
104 189 56
104 204 24
104 225 33
104 227 63
104 106 29
104 121 22
104 250 12
104 253 86
105 277 10
105 134 96
105 142 76
105 145 15
105 149 40
105 293 89
105 166 46
105 172 35
105 178 92
105 199 12
105 108 35
105 109 1
105 246 13
105 119 20
105 249 59
106 193 42
106 262 71
106 203 90
106 294 85
106 299 37
106 255 69
106 243 77
106 139 83
106 214 31
106 151 77
106 122 92
106 195 87
106 127 24
107 161 65
107 115 38
107 230 48
107 194 34
107 170 43
107 162 51
107 271 87
107 208 21
107 249 12
107 155 82
107 284 73
107 157 2
108 140 33
108 142 86
108 147 95
108 153 0
108 285 53
108 242 24
108 179 77
108 202 34
108 203 29
108 205 4
108 206 7
108 211 47
108 215 11
108 114 99
108 115 97
108 246 74
108 124 71
108 126 86
109 128 51
109 256 56
109 260 41
109 136 98
109 147 55
109 156 7
109 159 31
109 288 70
109 112 17
109 162 18
109 166 29
109 168 93
109 177 15
109 189 45
109 195 68
109 205 87
109 210 92
109 212 40
109 220 50
109 222 62
109 227 64
109 294 11
109 237 79
109 240 66
110 128 2
110 132 100
110 140 74
110 144 6
110 151 98
110 157 0
110 159 35
110 162 72
110 163 52
110 165 35
110 168 68
110 171 44
110 181 56
110 183 10
110 186 2
110 196 63
110 198 29
110 221 7
110 114 35
110 243 76
110 250 7
111 256 59
111 258 71
111 299 4
111 139 14
111 271 77
111 145 51
111 151 2
111 283 68
111 288 32
111 289 100
111 163 74
111 166 38
111 170 22
111 199 24
111 208 4
111 210 40
111 215 11
111 229 71
111 234 46
111 239 64
111 112 71
111 118 46
111 249 26
112 132 78
112 266 70
112 269 44
112 281 86
112 239 49
112 156 100
112 176 100
112 270 7
112 179 31
112 181 36
112 183 11
112 161 77
112 205 62
112 210 97
112 142 38
112 226 80
112 227 26
112 235 57
112 238 20
113 128 22
113 137 26
113 139 45
113 142 78
113 145 71
113 147 4
113 283 14
113 158 73
113 160 22
113 293 94
113 294 43
113 295 19
113 174 88
113 179 41
113 199 11
113 204 11
113 235 93
113 245 34
113 120 85
114 257 8
114 276 84
114 153 37
114 157 5
114 163 51
114 166 90
114 176 67
114 207 13
114 211 26
114 236 1
114 237 59
114 241 8
114 242 0
114 124 86
115 161 71
115 290 66
115 164 1
115 197 88
115 225 1
115 200 74
115 201 42
115 244 51
115 277 53
115 220 82
115 125 14
115 159 61
116 135 38
116 267 80
116 140 69
116 272 26
116 154 11
116 293 57
116 295 100
116 297 73
116 298 0
116 194 58
116 195 1
116 198 61
116 205 39
116 207 38
116 223 31
116 227 49
116 118 78
116 125 65
117 195 50
117 148 66
117 277 80
117 287 52
117 163 49
117 177 35
117 189 71
117 196 68
117 198 21
117 199 99
117 203 99
117 205 6
117 250 61
117 245 55
117 246 17
117 122 39
117 254 17
118 258 1
118 266 3
118 130 75
118 282 61
118 162 1
118 178 11
118 181 17
118 186 16
118 187 46
118 203 43
118 273 31
118 233 100
118 234 10
118 242 31
118 246 91
118 119 38
118 120 19
119 128 24
119 264 24
119 268 70
119 159 8
119 289 92
119 299 40
119 192 41
119 193 52
119 221 4
119 232 94
119 234 1
119 237 78
120 134 20
120 268 76
120 149 60
120 279 43
120 154 97
120 286 45
120 297 67
120 170 94
120 176 63
120 158 26
120 187 11
120 140 5
120 209 85
120 222 14
120 234 57
121 192 79
121 262 85
121 141 48
121 142 46
121 145 92
121 276 7
121 174 28
121 281 22
121 286 47
121 163 9
121 186 36
121 194 49
121 210 43
121 214 54
121 215 37
121 218 47
121 219 71
121 123 51
122 259 16
122 228 30
122 133 62
122 232 91
122 205 88
122 270 29
122 143 76
122 210 15
122 278 3
122 248 10
122 217 94
122 124 13
122 154 18
122 213 53
123 132 52
123 134 26
123 265 100
123 141 69
123 142 42
123 274 74
123 277 63
123 152 83
123 172 49
123 174 25
123 195 62
123 210 49
123 229 0
124 129 34
124 140 19
124 148 31
124 133 86
124 161 56
124 162 82
124 170 95
124 299 81
124 242 11
124 194 41
124 197 80
124 198 49
124 208 3
124 212 22
124 219 52
124 250 84
124 222 28
124 234 92
124 241 11
124 249 88
125 132 1
125 137 84
125 138 42
125 144 3
125 149 52
125 150 98
125 151 51
125 157 25
125 158 39
125 291 74
125 174 13
125 147 35
125 213 93
125 218 41
125 223 96
125 236 40
125 248 14
125 250 69
125 126 89
125 255 20
126 137 29
126 267 24
126 142 16
126 277 42
126 287 75
126 170 71
126 183 95
126 203 26
126 200 5
126 217 62
126 222 36
126 226 99
126 243 20
126 246 5
126 127 39
126 252 4
126 213 57
127 128 7
127 132 19
127 266 7
127 139 60
127 142 18
127 275 5
127 148 48
127 260 68
127 284 58
127 186 32
127 190 61
127 201 32
127 203 20
127 204 82
127 225 85
127 229 58
127 233 73
127 234 17
127 240 41
127 243 89
128 215 49
128 158 7
128 163 74
128 262 67
128 179 5
128 182 11
128 184 13
128 188 64
128 190 8
128 205 69
128 216 26
128 227 50
128 250 33
129 138 87
129 299 56
129 270 80
129 243 28
129 150 36
129 244 36
129 155 32
129 255 94
130 259 30
130 268 69
130 270 35
130 131 35
130 148 2
130 150 54
130 280 28
130 153 13
130 155 36
130 285 74
130 288 64
130 295 81
130 181 83
130 200 42
130 207 80
130 211 22
130 216 76
130 229 17
130 225 69
130 226 24
130 240 80
131 256 48
131 258 21
131 135 52
131 144 52
131 276 14
131 289 48
131 174 41
131 193 24
131 206 89
131 215 60
131 216 35
131 272 32
131 226 76
131 243 94
131 249 8
131 250 40
132 139 36
132 273 13
132 279 34
132 153 69
132 283 40
132 156 80
132 160 14
132 167 4
132 169 13
132 178 82
132 188 15
132 191 17
132 226 39
132 219 56
132 224 75
132 245 47
133 138 87
133 272 31
133 260 44
133 163 27
133 293 5
133 182 90
133 190 48
133 196 62
133 205 81
133 212 10
133 224 18
133 243 26
133 255 13
134 261 34
134 137 47
134 271 47
134 151 19
134 283 40
134 289 92
134 293 71
134 171 43
134 188 34
134 250 68
134 252 0
135 142 9
135 158 40
135 159 27
135 292 31
135 296 99
135 176 31
135 179 20
135 204 2
135 237 57
135 242 28
135 252 18
136 192 6
136 140 99
136 141 90
136 270 94
136 144 99
136 147 69
136 277 88
136 166 84
136 175 40
136 182 88
136 183 77
136 142 2
136 272 30
136 233 28
136 239 66
136 245 59
137 261 98
137 265 81
137 148 25
137 283 13
137 163 90
137 295 39
137 183 17
137 199 45
137 202 45
137 207 57
137 215 94
137 240 58
137 243 66
137 254 32
137 276 96
138 257 98
138 268 92
138 144 10
138 216 58
138 278 29
138 282 69
138 159 73
138 163 41
138 292 84
138 293 48
138 287 58
138 186 77
138 205 91
138 231 5
138 233 58
138 245 5
138 247 77
138 249 8
138 253 52
139 229 55
139 196 5
139 168 87
139 290 33
139 176 53
139 149 37
139 150 49
139 154 73
139 188 53
140 258 42
140 141 29
140 156 30
140 293 70
140 298 54
140 193 71
140 203 49
140 237 43
140 247 95
140 183 86
140 254 42
141 268 39
141 144 53
141 154 43
141 288 88
141 179 49
141 206 28
141 218 91
141 221 50
141 224 42
141 232 82
141 248 84
142 270 13
142 144 65
142 145 10
142 161 53
142 293 74
142 297 40
142 179 14
142 188 54
142 198 7
142 220 14
142 238 80
142 253 63
143 299 89
143 144 18
143 145 67
143 149 24
143 150 56
143 293 70
143 166 70
143 296 17
143 174 53
143 177 91
143 186 57
143 194 45
143 196 37
143 204 62
143 222 10
143 229 43
143 253 19
144 161 71
144 291 96
144 169 53
144 170 56
144 185 0
144 266 27
144 197 32
144 208 99
144 233 69
144 245 42
145 257 87
145 263 38
145 276 43
145 280 36
145 153 39
145 282 11
145 157 61
145 193 71
145 194 34
145 222 38
145 238 98
146 262 88
146 265 92
146 294 43
146 168 94
146 169 26
146 172 45
146 178 83
146 198 67
146 210 65
146 222 21
146 231 67
146 238 43
146 246 32
146 249 35
146 250 87
146 255 84
147 171 6
147 263 24
147 154 65
147 286 51
147 290 69
147 166 4
147 296 33
147 174 65
147 196 77
147 198 44
147 213 73
147 215 78
147 224 92
148 256 72
148 267 59
148 271 0
148 273 89
148 150 53
148 286 54
148 289 78
148 176 4
148 201 53
148 202 34
148 209 2
148 214 47
148 217 90
149 266 32
149 270 19
149 155 4
149 283 25
149 297 75
149 176 4
149 196 74
149 203 1
149 207 11
149 210 9
149 217 46
149 221 22
149 223 26
149 227 78
149 233 71
149 241 29
149 242 44
149 245 93
149 254 18
150 151 50
150 157 81
150 176 69
150 190 16
150 191 67
150 200 25
150 202 37
150 221 66
150 234 57
150 275 69
151 260 83
151 266 100
151 267 26
151 278 19
151 280 34
151 158 46
151 287 21
151 160 100
151 289 78
151 163 23
151 293 23
151 187 20
151 188 67
151 189 26
151 191 78
151 195 86
151 204 88
151 209 33
151 214 34
151 229 59
152 275 19
152 282 83
152 285 67
152 286 81
152 161 72
152 162 10
152 283 25
152 167 35
152 170 77
152 179 77
152 198 55
152 200 40
152 214 85
152 217 90
152 222 79
152 240 92
152 243 57
152 244 85
153 264 32
153 156 45
153 285 50
153 163 64
153 171 44
153 178 95
153 179 24
153 183 16
153 217 50
153 219 27
153 232 18
153 233 31
153 238 49
153 239 57
153 243 63
154 256 70
154 185 46
154 197 11
154 207 5
154 214 40
154 222 13
154 228 99
154 237 94
155 271 18
155 172 6
155 180 23
155 183 57
155 187 35
155 189 85
155 190 29
155 267 3
155 202 4
155 220 34
155 239 7
155 251 57
156 282 69
156 199 77
156 175 47
156 186 33
156 193 86
156 229 22
156 233 60
156 237 16
156 251 0
156 253 15
156 255 97
157 263 20
157 277 81
157 158 21
157 298 20
157 185 38
157 206 34
157 215 7
157 217 55
157 220 84
157 223 46
157 227 83
157 235 81
157 250 9
158 281 58
158 162 9
158 241 34
158 297 19
158 177 0
158 186 14
158 213 54
158 235 23
158 237 49
158 253 3
159 256 79
159 257 2
159 278 94
159 295 50
159 171 4
159 209 68
159 210 4
159 216 59
159 225 6
159 230 89
159 233 47
159 247 18
159 248 17
160 262 26
160 269 34
160 279 81
160 176 90
160 205 37
160 212 18
160 217 89
160 219 22
160 236 69
160 242 72
160 246 84
160 247 68
161 262 81
161 265 58
161 273 61
161 283 77
161 162 67
161 171 18
161 174 99
161 205 23
161 210 33
161 216 98
161 217 96
161 225 62
161 226 63
161 238 17
161 240 10
162 266 18
162 276 4
162 164 38
162 166 75
162 263 41
162 176 37
162 181 92
162 184 36
162 220 61
162 229 46
162 232 12
162 240 45
162 253 79
163 258 4
163 282 64
163 287 24
163 175 60
163 176 7
163 185 16
163 187 45
163 223 45
163 229 64
163 251 35
163 255 36
164 288 24
164 229 24
164 271 27
164 208 91
164 252 33
164 222 42
165 214 35
165 267 37
165 271 16
165 276 83
165 277 37
165 282 96
165 178 86
165 181 37
165 189 46
165 190 93
165 196 98
165 207 37
165 219 26
165 229 16
166 280 39
166 283 78
166 287 32
166 294 39
166 170 1
166 201 99
166 234 61
166 255 76
167 193 35
167 274 59
167 278 1
167 295 42
167 169 41
167 195 47
167 203 60
167 222 17
167 228 34
167 233 90
167 236 55
167 255 48
168 238 36
168 281 35
168 289 34
168 294 98
168 188 2
168 199 40
168 213 46
168 226 77
168 231 34
168 240 16
168 241 48
168 248 14
169 258 17
169 261 4
169 263 25
169 281 11
169 170 61
169 182 31
169 191 58
169 224 25
169 227 0
169 242 39
169 248 85
169 249 4
170 299 3
170 283 84
170 171 34
170 285 7
170 196 39
170 228 63
170 297 80
170 249 98
171 261 24
171 268 16
171 199 89
171 182 40
171 186 61
171 210 25
171 212 60
171 226 70
171 232 45
172 288 54
172 292 80
172 294 74
172 193 14
172 222 3
172 212 51
172 236 93
172 268 85
172 196 49
172 190 88
172 223 66
173 272 28
173 277 39
173 292 92
173 183 87
173 188 48
173 189 38
173 200 43
173 203 5
173 219 14
173 220 90
173 245 83
174 258 22
174 267 53
174 280 19
174 293 42
174 203 99
174 211 61
174 224 72
174 227 0
174 231 30
174 233 54
174 236 35
174 239 34
174 275 0
175 269 72
175 270 24
175 284 46
175 292 70
175 293 51
175 177 48
175 179 98
175 181 66
175 186 74
175 190 16
175 198 96
175 203 22
175 217 96
175 232 96
176 259 23
176 265 2
176 268 8
176 273 21
176 297 3
176 177 92
176 195 16
176 201 64
176 202 5
176 213 43
176 215 67
176 247 22
176 249 100
177 269 74
177 270 12
177 217 22
177 281 100
177 178 86
177 179 38
177 197 96
177 207 22
177 209 96
177 211 55
177 214 86
177 292 100
177 208 58
177 232 56
177 235 58
177 274 6
177 246 73
177 248 76
178 266 48
178 282 36
178 286 64
178 289 27
178 180 25
178 205 30
178 219 33
178 225 26
178 281 9
178 254 20
179 282 94
179 297 26
179 184 89
179 185 59
179 196 71
179 223 9
179 232 97
179 248 63
180 295 54
180 200 83
180 204 89
180 273 87
180 243 99
180 281 26
180 250 85
180 220 63
180 189 5
181 263 96
181 267 86
181 268 5
181 285 68
181 290 44
181 298 23
181 187 12
181 197 86
181 220 87
181 222 1
181 225 89
181 226 76
181 230 46
181 251 40
182 260 55
182 266 81
182 276 23
182 279 5
182 286 53
182 290 97
182 294 12
182 220 27
182 223 77
182 227 36
182 234 27
182 243 85
182 254 59
183 278 88
183 186 33
183 189 100
183 202 75
183 224 36
183 227 75
183 233 28
184 263 18
184 232 32
184 236 76
184 267 78
184 226 85
184 242 81
184 247 58
184 223 44
184 188 57
184 255 48
185 261 49
185 293 90
185 198 70
185 264 97
185 265 89
185 206 38
185 280 75
185 260 100
185 255 12
186 264 90
186 292 32
186 294 27
186 189 49
186 199 82
186 218 5
186 234 74
186 254 73
187 263 73
187 269 9
187 286 95
187 193 90
187 203 40
187 204 27
187 205 29
187 248 77
187 213 22
187 215 45
187 227 7
187 229 92
187 240 98
187 255 3
188 275 88
188 292 56
188 199 35
188 204 60
188 224 8
188 243 86
188 244 19
188 247 13
188 252 71
189 288 83
189 217 1
189 224 10
189 234 4
189 235 0
189 250 63
189 255 23
190 266 45
190 298 22
190 193 8
190 212 85
190 213 64
190 214 85
190 216 4
190 226 54
190 294 39
190 243 91
190 245 78
191 260 24
191 262 70
191 273 21
191 287 46
191 288 82
191 292 74
191 295 20
191 194 87
191 200 61
191 208 90
191 218 16
191 225 30
191 232 14
191 252 72
191 254 30
192 258 65
192 268 56
192 270 4
192 280 8
192 194 31
192 195 41
192 200 7
192 202 10
192 247 88
192 221 69
192 231 22
193 279 55
193 286 38
193 299 98
193 202 22
193 247 89
193 208 1
193 221 92
193 230 99
193 234 28
193 245 6
194 257 40
194 275 52
194 279 92
194 280 11
194 285 11
194 221 41
194 200 22
194 255 1
195 284 3
195 292 42
195 266 62
195 245 84
195 249 6
195 253 13
195 255 4
196 263 2
196 265 55
196 296 63
196 204 90
196 221 45
196 242 100
197 259 5
197 263 63
197 266 82
197 267 53
197 269 95
197 281 33
197 289 46
197 201 63
197 203 62
197 205 20
197 238 81
197 241 40
198 268 17
198 271 62
198 281 32
198 285 55
198 289 14
198 290 84
198 223 63
198 233 50
198 236 94
198 243 64
198 255 42
199 279 38
199 245 55
199 215 98
199 217 27
199 220 51
199 223 4
199 243 55
199 254 7
200 266 44
200 284 11
200 292 77
200 297 35
200 205 5
200 216 72
200 220 34
200 232 42
200 250 71
200 255 86
201 265 94
201 266 32
201 269 66
201 271 17
201 215 37
201 217 51
201 228 67
201 247 71
201 255 42
202 273 62
202 279 89
202 282 78
202 284 32
202 298 88
202 236 67
202 204 6
202 210 99
202 233 13
202 240 85
203 261 80
203 264 99
203 283 7
203 298 1
203 220 82
203 223 22
203 228 31
203 249 96
203 253 50
204 266 26
204 286 30
204 289 78
204 291 55
204 262 4
204 299 69
204 211 78
204 224 59
204 228 100
204 233 98
204 235 90
204 254 29
205 258 25
205 268 100
205 272 24
205 287 43
205 207 24
205 208 78
205 226 53
205 232 100
205 295 93
205 255 86
206 258 92
206 295 78
206 238 77
206 273 30
206 290 82
206 283 90
206 221 1
207 244 39
207 220 55
207 237 79
207 241 33
207 245 51
208 263 81
208 291 72
208 266 32
208 235 24
208 239 94
208 247 99
208 228 79
209 273 63
209 274 62
209 276 96
210 289 87
210 227 44
210 249 65
210 220 93
210 224 78
210 225 49
210 226 25
210 229 96
211 267 43
211 271 30
211 275 20
211 286 61
211 298 85
211 226 31
211 231 42
211 245 78
211 248 72
212 259 49
212 289 54
212 290 20
212 294 83
212 298 52
212 230 13
212 242 78
213 263 59
213 279 75
213 283 4
213 290 50
213 292 33
213 216 31
213 248 81
213 251 77
214 299 41
214 217 95
214 244 83
214 251 61
214 234 74
215 268 29
215 271 47
215 285 1
215 288 61
215 228 86
215 242 20
216 217 45
216 286 67
216 289 47
216 288 76
216 218 17
216 224 98
216 227 71
216 235 8
217 261 42
217 266 72
217 274 23
217 277 44
217 299 44
217 223 100
218 267 52
218 291 28
218 227 6
218 243 40
218 245 83
218 251 31
219 272 39
219 274 86
219 286 41
219 223 56
219 230 14
219 235 81
219 237 13
219 251 26
220 279 6
220 283 91
220 290 18
220 248 69
220 238 6
221 260 68
221 263 51
221 270 97
221 284 86
221 286 14
221 297 94
221 224 0
221 230 90
221 245 83
221 248 39
221 249 87
221 298 99
222 265 70
222 274 28
222 275 59
222 276 20
222 281 10
222 291 94
222 296 16
222 236 68
222 251 40
223 256 11
223 257 45
223 261 44
223 294 3
223 227 58
223 234 36
223 243 88
224 275 60
224 276 5
224 277 98
224 281 1
224 284 20
224 290 6
224 298 2
224 241 81
224 242 47
225 288 50
225 296 75
225 243 12
225 245 92
226 262 2
226 270 33
226 274 66
226 276 7
226 286 83
226 238 75
226 255 36
227 257 84
227 270 56
227 275 100
227 287 88
227 234 24
227 235 92
228 263 30
228 262 80
228 264 87
228 299 69
228 270 5
228 274 80
228 281 80
228 284 17
229 265 33
229 277 13
229 278 15
229 286 46
229 299 25
229 248 81
229 254 97
230 258 75
230 259 22
230 261 48
230 267 61
230 283 85
230 231 92
230 236 61
230 240 37
230 243 38
230 254 8
231 291 49
231 233 74
231 273 72
231 280 40
232 264 38
232 293 70
232 237 77
232 250 27
232 281 1
233 269 31
233 271 45
233 282 70
233 289 48
233 264 7
233 253 46
233 249 84
233 252 64
233 298 12
234 260 20
234 264 22
234 285 93
234 286 54
234 290 100
235 242 73
235 278 32
235 286 73
236 258 68
237 257 60
237 296 95
238 269 30
238 275 98
238 281 18
238 283 74
238 293 25
238 245 46
239 262 75
239 274 53
239 277 88
239 293 63
240 256 74
240 263 71
240 272 35
240 246 19
241 259 93
241 260 99
241 263 88
241 266 39
241 272 72
241 280 83
241 283 25
241 242 74
242 260 73
242 272 83
242 275 23
242 292 23
242 243 19
242 246 74
242 252 82
243 256 85
243 271 47
243 276 79
243 296 18
243 247 66
244 262 76
244 263 20
244 268 52
244 265 92
244 249 97
244 280 19
244 267 97
245 280 8
245 298 70
246 277 87
246 270 4
247 275 93
247 294 95
247 288 50
248 282 91
248 286 71
248 296 23
248 251 44
249 261 36
249 268 43
249 273 64
249 278 75
249 280 75
249 253 59
250 258 6
250 266 73
250 271 97
250 290 66
250 251 1
251 256 42
251 263 41
251 271 93
251 281 66
251 285 2
251 294 48
252 268 39
252 258 72
252 275 82
252 281 51
253 280 48
253 287 31
253 297 46
254 282 89
254 294 76
254 299 36
254 268 55
256 263 72
256 259 58
256 269 44
256 280 61
256 286 23
257 270 11
257 279 12
257 266 94
257 284 100
258 260 35
258 269 100
258 287 3
258 299 51
259 263 64
259 275 9
259 286 25
259 292 39
260 287 57
261 266 36
261 270 41
261 282 31
261 285 31
261 286 63
261 298 16
262 266 10
262 283 32
262 290 39
262 295 30
263 293 68
263 296 18
263 299 40
264 294 38
264 281 46
265 298 10
265 270 9
266 271 10
266 281 5
266 290 37
267 292 28
268 275 55
268 283 21
268 296 42
268 298 4
269 288 83
269 283 86
270 282 31
270 285 77
270 291 32
270 296 66
270 297 97
270 299 78
271 272 11
271 282 27
271 291 36
271 299 45
271 293 5
272 295 13
272 298 65
272 277 49
272 286 79
273 288 61
274 277 83
275 279 22
275 295 5
277 279 23
277 297 6
278 296 17
278 287 95
278 282 49
278 286 43
279 280 89
279 284 67
279 296 72
280 281 87
282 290 78
282 292 53
285 290 33
287 290 76
287 293 30
288 291 53
288 297 2
289 295 17
289 298 9
290 297 39
298 299 67
