300 4000
0 263 35
0 278 36
0 157 40
0 37 18
0 44 16
0 173 90
0 178 24
0 52 96
0 58 30
0 61 43
0 199 72
0 73 69
0 202 45
0 87 65
0 89 46
0 218 96
0 223 92
0 98 12
0 228 82
0 106 43
0 107 28
0 119 96
0 255 33
1 129 68
1 130 2
1 5 27
1 137 44
1 138 43
1 15 0
1 147 26
1 278 52
1 151 53
1 25 86
1 157 54
1 297 27
1 171 89
1 46 32
1 177 100
1 190 59
1 191 13
1 68 45
1 199 72
1 73 27
1 75 40
1 102 26
1 237 95
1 110 74
1 254 77
1 255 50
2 258 83
2 137 72
2 267 76
2 143 67
2 16 40
2 274 63
2 28 8
2 286 71
2 39 63
2 49 67
2 50 28
2 51 15
2 180 69
2 57 5
2 60 51
2 72 18
2 207 92
2 85 16
2 215 58
2 222 99
2 110 3
2 239 23
2 249 61
3 264 46
3 139 45
3 270 50
3 273 71
3 147 18
3 277 3
3 23 68
3 152 95
3 157 40
3 33 18
3 164 62
3 70 2
3 38 52
3 41 6
3 170 1
3 172 25
3 47 80
3 51 57
3 183 84
3 57 24
3 59 47
3 193 20
3 198 82
3 72 87
3 74 65
3 292 21
3 219 77
3 227 65
3 110 31
3 239 72
3 246 65
3 126 72
4 226 15
4 163 75
4 40 95
4 202 84
4 126 47
4 141 48
4 78 56
4 222 43
4 18 45
4 106 74
4 53 7
4 183 87
4 58 73
4 75 77
4 252 61
4 26 80
4 30 38
4 255 39
5 256 11
5 135 83
5 264 27
5 278 49
5 164 42
5 165 63
5 294 50
5 172 97
5 57 68
5 58 42
5 188 92
5 191 97
5 65 91
5 209 3
5 220 23
5 257 3
5 101 97
5 103 14
5 104 67
5 242 83
5 245 63
5 246 20
5 125 80
5 254 94
6 263 57
6 138 87
6 11 44
6 273 11
6 274 62
6 19 22
6 277 36
6 278 77
6 23 90
6 156 2
6 159 54
6 294 39
6 39 67
6 40 4
6 43 23
6 50 7
6 179 38
6 186 35
6 72 91
6 76 72
6 207 44
6 87 12
6 217 32
6 90 45
6 105 58
6 233 98
6 251 57
7 135 84
7 143 45
7 22 52
7 27 27
7 29 67
7 31 70
7 288 52
7 295 28
7 296 68
7 169 65
7 173 24
7 47 13
7 48 54
7 193 97
7 66 55
7 200 33
7 203 21
7 271 67
7 95 92
7 99 54
7 101 40
7 233 41
7 254 53
7 255 82
8 96 83
8 129 7
8 66 83
8 123 23
8 294 71
8 161 21
8 200 97
8 105 100
8 79 77
8 204 75
8 239 49
8 80 5
8 76 68
8 212 8
8 137 7
8 122 75
8 91 8
8 188 2
8 192 89
8 158 81
9 261 96
9 134 88
9 265 69
9 23 62
9 269 60
9 271 21
9 286 0
9 279 69
9 155 34
9 158 36
9 33 83
9 162 42
9 283 89
9 166 86
9 169 78
9 179 54
9 52 65
9 181 28
9 185 37
9 198 70
9 202 13
9 209 82
9 210 43
9 83 96
9 86 82
9 93 43
9 222 13
9 95 33
9 235 62
9 116 72
9 245 91
10 269 39
10 273 100
10 18 7
10 148 19
10 151 77
10 28 88
10 286 50
10 32 42
10 33 81
10 169 94
10 42 19
10 43 3
10 54 20
10 183 21
10 190 19
10 192 96
10 65 25
10 78 72
10 79 80
10 120 64
10 210 52
10 212 43
10 215 13
10 207 52
10 92 73
10 122 48
10 226 37
10 232 79
10 244 56
10 248 17
10 250 27
11 261 50
11 277 83
11 283 36
11 157 51
11 30 55
11 155 54
11 40 100
11 172 8
11 46 85
11 178 39
11 158 13
11 187 42
11 189 19
11 72 93
11 206 27
11 81 51
11 89 39
11 93 49
11 224 78
11 59 8
11 102 46
11 103 7
11 106 68
11 122 24
11 255 53
11 21 68
12 128 90
12 139 43
12 269 64
12 143 41
12 151 26
12 281 64
12 154 66
12 158 4
12 295 29
12 172 25
12 51 47
12 181 76
12 62 59
12 224 82
12 78 49
12 79 91
12 96 90
12 232 8
12 235 86
12 237 12
12 242 60
12 115 9
12 116 93
12 117 31
12 123 19
13 132 100
13 263 93
13 273 40
13 269 89
13 145 57
13 18 14
13 276 86
13 25 45
13 29 14
13 158 36
13 165 43
13 49 7
13 135 20
13 44 26
13 285 10
13 72 43
13 54 46
13 55 90
13 61 99
13 62 87
13 200 88
13 207 63
13 80 86
13 215 32
13 101 59
13 231 15
13 107 31
13 236 98
13 119 57
14 129 74
14 132 62
14 136 15
14 15 99
14 277 99
14 279 62
14 29 71
14 288 3
14 40 71
14 41 27
14 46 90
14 48 5
14 50 55
14 116 98
14 59 81
14 191 44
14 192 47
14 68 22
14 204 66
14 77 7
14 98 80
14 233 100
14 107 24
14 240 14
14 243 43
14 244 70
14 245 66
14 119 31
14 248 3
14 250 73
15 256 95
15 235 85
15 262 14
15 137 59
15 16 88
15 148 80
15 149 15
15 163 32
15 164 97
15 294 72
15 40 56
15 299 7
15 44 59
15 173 18
15 51 88
15 187 29
15 67 58
15 196 47
15 210 84
15 86 58
15 36 100
15 231 37
15 106 52
15 107 46
15 236 85
15 110 50
15 118 54
15 120 8
15 122 40
16 128 39
16 136 75
16 268 54
16 130 70
16 148 96
16 150 64
16 151 85
16 30 16
16 34 90
16 166 28
16 40 48
16 181 71
16 54 74
16 62 53
16 296 93
16 192 34
16 210 59
16 212 18
16 86 82
16 224 99
16 235 8
16 168 33
16 121 91
17 162 19
17 201 85
17 54 97
17 134 37
17 233 73
17 267 15
17 194 37
17 174 17
17 81 34
17 210 43
17 275 79
17 20 64
17 118 84
17 265 56
17 130 95
17 153 67
17 26 71
17 155 38
17 284 21
17 250 85
17 146 6
18 131 77
18 81 50
18 264 53
18 142 44
18 278 91
18 152 46
18 155 97
18 287 83
18 293 20
18 172 6
18 174 40
18 48 49
18 56 90
18 186 23
18 202 46
18 209 11
18 93 21
18 226 32
18 103 63
18 233 9
18 106 9
18 237 71
18 254 32
19 258 23
19 146 8
19 21 7
19 278 64
19 287 46
19 44 60
19 51 12
19 52 74
19 55 26
19 56 81
19 191 97
19 193 35
19 197 58
19 72 42
19 204 56
19 208 25
19 209 100
19 215 72
19 218 6
19 219 17
19 230 36
19 81 45
19 105 56
19 106 49
19 110 49
19 112 37
19 125 35
20 258 31
20 272 62
20 149 65
20 291 10
20 293 10
20 295 45
20 176 91
20 49 3
20 50 49
20 56 70
20 57 53
20 64 52
20 69 33
20 199 5
20 203 40
20 204 48
20 92 95
20 273 10
20 233 27
20 110 52
20 239 19
20 240 49
20 119 90
21 262 4
21 136 38
21 268 51
21 144 19
21 150 72
21 282 19
21 158 8
21 287 35
21 33 21
21 34 6
21 294 32
21 168 23
21 264 10
21 189 40
21 69 28
21 199 55
21 78 82
21 93 12
21 96 10
21 166 78
21 104 3
21 106 29
21 236 43
21 111 47
21 118 87
22 257 38
22 135 17
22 265 56
22 138 5
22 267 54
22 156 79
22 285 52
22 30 18
22 290 70
22 163 51
22 165 62
22 48 74
22 179 76
22 54 48
22 186 53
22 187 19
22 196 82
22 198 90
22 199 62
22 72 82
22 203 11
22 80 86
22 214 88
22 219 13
22 96 47
22 98 77
22 101 82
22 102 25
22 231 80
22 103 59
22 244 71
22 126 6
22 252 9
22 125 14
22 254 3
23 258 0
23 290 95
23 269 75
23 147 4
23 276 37
23 149 20
23 278 65
23 154 3
23 34 58
23 293 7
23 170 94
23 53 81
23 55 99
23 56 95
23 196 63
23 74 75
23 119 65
23 205 87
23 141 15
23 220 3
23 223 0
23 103 20
23 245 11
23 247 37
23 125 14
24 128 68
24 197 11
24 123 4
24 214 71
24 70 7
24 295 69
24 72 69
24 91 76
24 298 18
24 44 47
24 221 73
24 209 69
24 50 33
24 147 95
24 170 12
24 138 74
24 105 65
24 27 49
24 188 76
24 93 19
24 191 51
25 144 31
25 275 34
25 278 7
25 280 1
25 153 47
25 27 11
25 284 94
25 287 53
25 168 15
25 170 42
25 45 13
25 175 83
25 55 14
25 195 48
25 86 72
25 88 39
25 224 92
25 226 0
25 232 15
25 108 64
25 113 78
25 114 86
25 117 15
25 121 21
26 256 4
26 214 19
26 134 54
26 141 3
26 283 50
26 29 67
26 133 73
26 288 41
26 292 18
26 40 7
26 41 44
26 171 87
26 157 11
26 66 40
26 79 38
26 82 17
26 86 14
26 88 49
26 217 43
26 226 84
26 228 62
26 236 37
26 110 28
26 169 39
26 127 84
27 260 4
27 264 25
27 138 18
27 140 27
27 146 16
27 153 31
27 30 39
27 163 78
27 164 92
27 40 55
27 169 20
27 46 2
27 180 20
27 182 65
27 59 78
27 54 84
27 199 15
27 75 30
27 76 75
27 210 88
27 221 62
27 94 20
27 229 23
27 104 48
27 235 33
27 109 92
27 110 14
27 244 49
27 251 79
27 254 88
28 96 44
28 193 74
28 213 56
28 229 42
28 211 38
28 98 19
28 78 28
28 82 26
28 83 86
28 276 46
28 286 61
28 249 54
28 154 71
28 187 14
28 92 34
28 170 51
28 94 19
28 63 38
29 260 45
29 264 23
29 147 98
29 158 100
29 49 4
29 178 60
29 188 58
29 62 2
29 67 29
29 69 32
29 199 58
29 90 1
29 223 61
29 111 87
29 112 43
29 247 28
29 251 21
29 127 10
30 256 57
30 263 83
30 138 33
30 150 89
30 158 88
30 155 40
30 296 55
30 174 56
30 55 22
30 184 47
30 198 78
30 76 33
30 82 17
30 211 4
30 216 64
30 221 54
30 94 42
30 104 8
30 235 9
30 115 90
30 244 3
30 245 91
30 254 39
30 127 74
31 256 49
31 129 25
31 131 51
31 261 98
31 134 90
31 264 37
31 143 10
31 153 77
31 155 11
31 159 72
31 290 37
31 283 47
31 173 6
31 50 26
31 55 93
31 56 11
31 185 47
31 69 33
31 208 90
31 85 75
31 89 12
31 218 17
31 94 9
31 103 38
31 106 75
31 116 96
31 255 3
32 256 30
32 265 19
32 144 77
32 151 17
32 288 62
32 290 9
32 163 37
32 39 7
32 41 41
32 299 62
32 177 100
32 61 99
32 62 23
32 194 30
32 196 48
32 71 92
32 206 17
32 78 27
32 99 71
32 102 70
32 104 99
32 108 28
32 237 84
32 117 87
32 124 59
32 253 75
32 254 13
33 131 69
33 260 28
33 264 77
33 268 71
33 280 55
33 156 19
33 166 0
33 48 27
33 177 76
33 181 84
33 182 25
33 56 94
33 64 85
33 196 30
33 82 34
33 84 25
33 222 80
33 230 90
33 243 31
33 116 6
33 120 19
33 121 26
34 267 13
34 270 26
34 276 92
34 281 1
34 296 74
34 41 4
34 181 82
34 57 48
34 187 39
34 61 34
34 195 38
34 197 99
34 73 5
34 204 81
34 80 62
34 209 37
34 82 100
34 83 90
34 217 75
34 97 28
34 229 36
34 189 4
34 114 64
34 250 8
35 256 10
35 259 37
35 133 33
35 140 26
35 271 18
35 145 5
35 274 36
35 147 24
35 278 14
35 161 71
35 290 27
35 175 4
35 53 4
35 57 53
35 71 96
35 72 22
35 78 8
35 81 29
35 213 30
35 214 70
35 185 77
35 88 66
35 219 34
35 103 24
35 245 13
35 119 9
36 299 27
36 136 15
36 141 63
36 292 32
36 169 18
36 170 68
36 43 77
36 44 28
36 52 9
36 183 54
36 193 45
36 76 45
36 78 35
36 81 41
36 213 68
36 223 93
36 224 35
36 97 4
36 230 70
36 108 37
36 240 66
36 245 77
36 121 1
36 250 32
36 298 80
36 125 42
37 135 58
37 138 64
37 273 83
37 167 21
37 298 53
37 175 33
37 180 67
37 60 62
37 117 15
37 203 15
37 78 6
37 211 24
37 214 19
37 88 30
37 91 77
37 94 26
37 95 62
37 101 23
37 102 92
37 103 61
37 105 38
37 107 100
37 245 5
37 248 77
37 125 35
38 225 90
38 45 64
38 132 63
38 102 74
38 124 75
38 234 38
38 107 43
38 109 7
38 61 82
38 116 44
38 212 36
38 47 60
38 60 73
38 221 94
38 62 20
38 127 25
39 259 69
39 260 44
39 136 29
39 266 22
39 146 8
39 154 14
39 69 41
39 291 10
39 262 73
39 294 8
39 40 35
39 49 22
39 184 27
39 186 68
39 159 87
39 188 66
39 138 77
39 197 2
39 200 95
39 80 49
39 209 25
39 89 61
39 97 78
39 98 36
39 234 91
39 61 91
39 251 43
39 126 39
40 128 85
40 131 73
40 260 3
40 266 68
40 144 48
40 284 76
40 157 24
40 287 98
40 296 2
40 55 10
40 184 48
40 61 48
40 74 99
40 77 94
40 207 98
40 80 24
40 210 26
40 219 85
40 222 27
40 99 27
40 104 18
40 110 35
40 240 23
40 113 48
41 262 49
41 269 8
41 143 39
41 144 87
41 220 72
41 49 84
41 193 84
41 194 36
41 217 48
41 92 22
41 222 42
41 225 15
41 125 49
41 243 39
41 247 60
41 249 86
41 253 36
41 127 68
42 133 75
42 135 91
42 270 94
42 143 31
42 146 100
42 280 56
42 47 14
42 50 44
42 194 57
42 73 97
42 206 97
42 82 42
42 85 41
42 228 14
42 90 82
42 271 31
42 92 5
42 95 34
42 96 52
42 100 16
42 233 58
42 242 2
42 117 65
42 119 67
42 248 31
42 250 59
42 125 60
43 258 80
43 267 48
43 271 71
43 273 45
43 150 42
43 153 38
43 282 93
43 284 9
43 289 10
43 294 96
43 176 3
43 183 11
43 187 63
43 188 0
43 192 93
43 65 5
43 66 17
43 212 37
43 292 19
43 92 14
43 101 59
43 102 46
43 233 20
43 114 72
43 119 69
43 248 26
43 121 72
44 262 97
44 264 31
44 268 11
44 152 71
44 154 34
44 287 65
44 161 82
44 171 68
44 46 35
44 53 24
44 56 79
44 188 3
44 61 78
44 71 12
44 85 70
44 95 40
44 98 18
44 105 57
44 106 74
44 252 40
44 126 38
45 135 21
45 137 71
45 279 85
45 152 52
45 165 43
45 166 89
45 179 21
45 184 81
45 186 14
45 212 9
45 90 2
45 92 38
45 221 57
45 107 33
45 236 96
45 117 20
45 246 98
45 120 41
45 251 57
45 255 52
46 259 65
46 263 46
46 136 6
46 139 94
46 237 47
46 272 18
46 273 27
46 148 35
46 287 91
46 293 36
46 294 11
46 296 28
46 221 40
46 48 33
46 178 76
46 182 24
46 55 49
46 186 58
46 61 17
46 62 67
46 192 42
46 194 99
46 129 86
46 183 43
46 79 73
46 212 16
46 142 25
46 89 50
46 220 59
46 93 69
46 226 34
46 100 2
46 230 93
46 236 31
46 109 87
46 190 7
46 121 32
47 257 73
47 139 87
47 141 18
47 270 70
47 145 50
47 160 7
47 172 82
47 53 96
47 57 74
47 186 74
47 191 0
47 288 70
47 70 26
47 201 22
47 99 47
47 185 35
47 219 79
47 96 77
47 227 44
47 245 10
47 251 92
47 252 43
48 260 56
48 261 53
48 134 84
48 264 14
48 153 47
48 287 89
48 160 50
48 162 62
48 50 66
48 183 12
48 58 31
48 61 14
48 193 86
48 69 59
48 70 11
48 290 50
48 207 38
48 209 13
48 217 46
48 224 96
48 233 80
48 234 53
48 107 43
48 109 51
48 112 51
48 115 84
48 118 29
48 120 33
48 249 14
48 251 4
49 260 86
49 134 36
49 264 98
49 137 88
49 269 50
49 270 100
49 271 40
49 281 60
49 197 25
49 161 45
49 291 70
49 296 92
49 190 70
49 191 98
49 192 9
49 69 98
49 198 10
49 199 31
49 203 16
49 77 62
49 81 56
49 102 92
49 231 88
49 111 82
49 243 14
49 63 68
49 124 11
50 256 85
50 138 43
50 130 17
50 270 17
50 143 46
50 273 95
50 281 18
50 181 68
50 184 8
50 187 59
50 216 2
50 96 69
50 107 17
50 110 21
50 117 1
51 129 85
51 131 73
51 260 85
51 263 94
51 137 69
51 145 99
51 277 45
51 278 27
51 279 77
51 280 6
51 282 60
51 283 83
51 154 69
51 158 96
51 293 73
51 294 60
51 173 66
51 176 54
51 55 65
51 69 44
51 199 41
51 83 76
51 85 30
51 216 3
51 224 69
51 230 90
51 103 44
51 97 0
51 235 92
51 238 90
51 114 31
52 257 25
52 136 58
52 137 27
52 266 10
52 150 18
52 288 72
52 289 88
52 294 54
52 295 77
52 173 27
52 59 1
52 63 78
52 77 77
52 87 23
52 219 84
52 223 75
52 226 9
52 103 17
52 120 37
53 288 38
53 130 92
53 259 32
53 185 42
53 105 100
53 247 79
53 120 59
53 145 86
53 276 42
53 149 72
53 121 21
53 280 65
53 196 59
53 154 99
53 284 67
53 286 35
54 130 61
54 260 98
54 140 87
54 277 93
54 280 77
54 292 82
54 181 59
54 185 17
54 60 37
54 190 17
54 197 13
54 204 78
54 206 31
54 82 32
54 88 95
54 100 71
54 273 76
54 234 57
54 237 73
54 243 15
54 245 92
54 118 46
54 251 80
54 252 62
55 129 23
55 179 46
55 269 73
55 154 88
55 282 34
55 178 10
55 184 13
55 185 35
55 188 83
55 70 26
55 80 93
55 82 54
55 215 1
55 221 34
55 94 14
55 95 44
55 98 100
55 99 11
55 60 25
55 237 13
55 296 51
55 254 50
55 126 75
56 128 41
56 129 8
56 258 6
56 135 65
56 265 68
56 272 26
56 281 44
56 293 73
56 179 50
56 181 74
56 182 33
56 188 91
56 189 29
56 190 11
56 67 18
56 207 25
56 209 91
56 211 83
56 87 89
56 92 16
56 95 83
56 224 57
56 235 42
56 237 73
56 243 66
56 254 2
56 118 100
56 248 0
56 124 25
56 126 87
57 128 27
57 260 94
57 267 43
57 142 72
57 274 29
57 280 13
57 285 96
57 160 93
57 181 73
57 195 33
57 71 71
57 203 70
57 79 97
57 80 30
57 95 17
57 97 70
57 105 44
57 110 78
57 250 11
57 126 92
58 128 8
58 135 94
58 139 100
58 142 32
58 143 31
58 272 80
58 281 54
58 168 16
58 172 57
58 173 53
58 63 83
58 64 46
58 197 11
58 71 27
58 77 40
58 78 86
58 209 57
58 84 25
58 86 55
58 88 41
58 227 16
58 232 97
58 106 47
58 110 80
58 242 36
58 252 74
59 265 65
59 143 27
59 147 27
59 149 12
59 167 91
59 297 99
59 72 16
59 200 27
59 74 48
59 75 52
59 78 93
59 221 62
59 107 23
59 97 31
59 229 83
59 104 64
59 235 57
59 110 30
59 247 83
59 248 54
59 123 78
59 252 15
60 96 17
60 129 14
60 131 14
60 132 89
60 167 40
60 265 73
60 74 56
60 207 65
60 99 73
60 179 5
60 152 76
60 86 8
60 125 10
60 191 10
61 265 77
61 271 65
61 274 52
61 277 30
61 285 88
61 291 91
61 179 13
61 64 71
61 72 55
61 203 47
61 76 50
61 82 3
61 220 9
61 97 97
61 234 31
61 115 100
61 245 15
61 251 18
62 131 92
62 264 48
62 144 92
62 273 31
62 150 67
62 289 68
62 164 33
62 172 16
62 157 52
62 180 86
62 187 15
62 198 12
62 72 61
62 73 91
62 74 97
62 77 89
62 78 58
62 269 15
62 211 75
62 216 12
62 99 47
62 228 8
62 242 48
62 118 41
63 128 65
63 133 14
63 263 80
63 265 57
63 138 58
63 269 0
63 278 99
63 157 39
63 289 72
63 163 13
63 170 50
63 171 11
63 137 17
63 266 37
63 197 46
63 72 95
63 203 60
63 77 5
63 88 38
63 89 79
63 90 75
63 221 19
63 110 22
63 113 45
63 123 30
64 129 85
64 133 31
64 139 34
64 141 79
64 145 83
64 148 79
64 285 18
64 158 35
64 159 37
64 289 48
64 297 35
64 298 92
64 180 20
64 182 33
64 190 26
64 198 12
64 200 7
64 77 56
64 219 82
64 229 63
64 106 94
64 237 51
64 250 73
65 209 79
65 100 57
65 295 87
65 232 23
65 297 26
65 172 9
65 177 88
65 274 13
65 147 78
65 245 58
65 153 32
65 249 85
65 92 58
65 170 80
65 222 28
65 85 82
66 259 51
66 140 68
66 148 27
66 153 63
66 158 83
66 291 94
66 293 38
66 168 6
66 180 96
66 183 53
66 192 79
66 69 53
66 83 23
66 219 60
66 97 94
66 226 70
66 99 42
66 230 10
66 104 47
66 105 47
66 108 28
66 109 85
66 111 84
66 250 28
66 254 6
66 255 86
67 96 10
67 176 42
67 99 17
67 229 75
67 104 100
67 265 14
67 208 48
67 141 21
67 125 34
67 240 58
67 245 90
67 172 76
67 269 26
67 117 65
67 151 71
67 252 49
67 191 4
68 151 80
68 143 59
68 279 18
68 155 89
68 286 50
68 291 38
68 292 35
68 171 16
68 173 31
68 93 45
68 190 89
68 69 86
68 76 67
68 207 63
68 84 18
68 221 36
68 234 71
68 246 12
68 249 12
68 251 42
68 252 39
69 134 74
69 136 18
69 283 9
69 299 74
69 157 23
69 194 21
69 197 8
69 98 64
69 222 32
69 225 97
69 226 42
69 102 43
69 104 96
69 241 95
69 285 37
70 130 23
70 261 4
70 136 96
70 137 93
70 269 85
70 142 47
70 273 31
70 176 38
70 291 97
70 166 44
70 295 15
70 299 100
70 178 9
70 201 28
70 75 46
70 77 77
70 82 20
70 216 86
70 220 6
70 254 9
70 127 41
71 128 95
71 132 33
71 136 17
71 265 41
71 268 45
71 271 38
71 275 78
71 292 73
71 296 70
71 297 48
71 171 57
71 242 87
71 184 90
71 207 27
71 82 47
71 91 55
71 224 19
71 101 9
71 106 60
71 235 85
71 114 86
71 119 88
72 268 20
72 275 58
72 281 22
72 156 28
72 172 93
72 194 31
72 147 87
72 200 0
72 202 54
72 210 9
72 213 71
72 219 50
72 221 23
72 95 42
72 123 17
72 100 25
72 235 49
72 112 84
72 251 55
72 124 28
72 255 85
73 264 51
73 140 71
73 286 81
73 299 27
73 192 37
73 195 5
73 196 87
73 199 39
73 203 78
73 207 75
73 211 73
73 84 52
73 222 74
73 98 58
73 234 46
73 239 77
73 245 64
73 253 80
74 128 26
74 133 91
74 137 11
74 140 52
74 152 70
74 146 36
74 131 19
74 280 3
74 157 27
74 290 65
74 296 95
74 297 65
74 173 14
74 195 8
74 196 9
74 199 72
74 200 53
74 88 93
74 90 20
74 231 96
74 124 87
75 194 34
75 292 79
75 165 77
75 181 53
75 297 35
75 141 33
75 110 53
75 241 21
75 242 1
75 213 22
75 137 92
75 100 95
75 122 45
75 220 70
75 285 84
75 287 51
76 128 12
76 257 47
76 260 60
76 152 88
76 160 6
76 161 84
76 293 30
76 136 84
76 178 35
76 204 6
76 89 93
76 97 91
76 98 49
76 103 39
76 113 92
76 251 75
76 253 53
77 128 26
77 264 10
77 265 24
77 143 100
77 276 75
77 154 26
77 160 15
77 289 0
77 298 15
77 206 71
77 93 82
77 226 33
77 235 56
77 237 4
77 238 61
77 296 38
77 245 15
77 252 18
78 131 55
78 132 34
78 142 4
78 272 8
78 274 84
78 295 36
78 297 36
78 181 52
78 183 45
78 195 72
78 82 66
78 92 18
78 221 30
78 225 43
78 98 57
78 101 67
78 146 81
78 246 46
79 135 46
79 289 82
79 290 32
79 291 79
79 171 22
79 176 73
79 177 90
79 179 8
79 185 44
79 186 12
79 187 72
79 196 27
79 201 1
79 81 24
79 210 31
79 211 87
79 121 26
79 226 30
79 107 28
79 236 7
79 245 45
79 249 5
79 125 18
79 126 82
80 263 16
80 143 86
80 276 17
80 149 16
80 160 11
80 183 31
80 191 42
80 208 40
80 210 42
80 83 46
80 213 83
80 216 74
80 92 38
80 94 92
80 108 31
80 109 5
80 242 93
80 123 67
80 125 29
80 277 88
81 257 64
81 262 45
81 152 37
81 90 33
81 289 13
81 295 36
81 299 100
81 173 30
81 174 58
81 193 18
81 203 62
81 82 81
81 213 51
81 88 30
81 218 83
81 95 39
81 100 68
81 101 14
81 273 80
81 108 18
81 243 49
82 133 99
82 265 23
82 269 5
82 150 12
82 154 83
82 291 43
82 296 12
82 196 10
82 88 38
82 229 82
82 103 81
82 237 13
82 189 12
82 252 79
82 298 31
83 134 75
83 138 83
83 273 30
83 146 38
83 295 89
83 175 41
83 176 30
83 265 37
83 86 27
83 89 95
83 90 46
83 93 87
83 97 52
83 235 69
83 236 20
83 124 7
83 126 68
84 97 91
84 226 49
84 102 28
84 104 36
84 234 75
84 172 4
84 205 89
84 142 88
84 125 57
84 271 20
84 264 96
84 95 60
84 202 74
84 168 87
84 252 36
84 285 83
84 287 84
85 128 69
85 261 84
85 140 99
85 272 78
85 154 91
85 283 63
85 158 47
85 290 100
85 293 8
85 296 69
85 298 98
85 89 85
85 219 69
85 223 36
85 235 84
85 237 13
86 257 62
86 131 86
86 261 58
86 136 14
86 138 7
86 149 17
86 278 97
86 157 99
86 159 3
86 291 29
86 292 47
86 176 83
86 178 23
86 194 10
86 204 98
86 206 35
86 210 76
86 88 52
86 218 83
86 92 44
86 186 47
86 225 4
86 103 27
86 104 81
86 237 38
86 241 86
86 126 72
87 256 4
87 132 1
87 133 13
87 262 91
87 264 100
87 268 77
87 269 25
87 273 78
87 146 98
87 147 36
87 280 28
87 283 72
87 287 61
87 289 97
87 174 83
87 177 57
87 182 39
87 195 63
87 199 45
87 201 10
87 92 40
87 99 38
87 145 83
87 235 93
87 245 34
87 119 5
87 249 30
87 127 77
88 137 57
88 274 49
88 294 51
88 170 67
88 171 96
88 178 58
88 201 12
88 207 95
88 208 78
88 89 9
88 93 43
88 94 36
88 95 48
88 96 62
88 225 94
88 100 74
88 230 70
88 104 74
88 108 32
88 232 41
88 191 85
88 124 89
89 129 48
89 258 58
89 134 7
89 139 25
89 276 58
89 277 26
89 158 39
89 164 33
89 297 57
89 179 94
89 189 46
89 192 85
89 195 9
89 204 63
89 90 46
89 97 84
89 235 69
89 208 96
89 111 1
89 117 4
89 247 56
89 248 35
89 127 82
89 252 24
89 149 29
90 256 25
90 128 62
90 260 9
90 265 5
90 140 28
90 141 86
90 142 8
90 143 17
90 144 46
90 287 23
90 291 28
90 166 96
90 175 97
90 181 24
90 188 52
90 194 35
90 207 73
90 210 36
90 223 3
90 224 99
90 103 36
90 232 99
90 105 55
90 240 24
90 241 32
90 252 29
90 255 74
91 256 97
91 288 21
91 259 37
91 209 2
91 232 77
91 268 74
91 108 92
91 109 24
91 271 99
91 176 8
91 275 30
91 245 30
91 214 20
91 168 23
91 124 30
91 208 38
91 197 85
92 260 81
92 137 27
92 151 2
92 289 77
92 164 75
92 192 52
92 194 24
92 204 61
92 217 2
92 229 17
92 117 19
92 119 31
92 120 45
93 260 47
93 271 38
93 276 81
93 196 5
93 282 20
93 297 25
93 177 33
93 178 100
93 187 87
93 190 99
93 197 23
93 206 39
93 217 70
93 225 39
93 227 75
93 230 90
93 105 9
93 108 90
93 114 97
93 211 50
93 246 24
93 123 73
93 126 25
94 137 77
94 267 27
94 141 97
94 271 32
94 147 96
94 280 12
94 155 62
94 156 21
94 177 73
94 191 32
94 218 43
94 122 92
94 97 58
94 106 100
94 108 62
94 244 90
94 245 72
94 250 41
94 253 76
95 276 98
95 280 23
95 154 1
95 184 100
95 156 80
95 289 83
95 166 19
95 185 92
95 189 57
95 199 97
95 202 67
95 206 80
95 219 4
95 226 61
95 102 84
95 237 54
95 246 38
95 124 39
95 255 93
96 145 70
96 285 25
96 160 6
96 171 80
96 173 49
96 177 12
96 214 9
96 216 3
96 220 65
96 222 55
96 102 48
96 105 13
96 240 14
96 244 62
96 250 91
96 251 36
97 147 92
97 278 21
97 153 99
97 162 22
97 183 14
97 187 59
97 223 87
97 227 77
97 229 74
97 242 17
98 145 73
98 275 75
98 149 16
98 284 50
98 286 27
98 290 52
98 293 17
98 178 77
98 189 48
98 191 26
98 202 78
98 204 66
98 217 50
98 226 66
98 100 90
98 102 96
98 147 25
98 119 99
98 250 7
99 132 75
99 137 54
99 143 82
99 146 78
99 294 77
99 263 66
99 174 51
99 179 10
99 204 1
99 212 92
99 214 50
99 271 28
99 225 40
99 100 54
99 239 0
99 115 94
99 251 70
100 256 61
100 258 46
100 130 49
100 271 1
100 147 37
100 287 59
100 160 64
100 170 67
100 171 66
100 196 33
100 227 77
100 212 70
100 217 84
100 102 86
100 111 55
100 249 32
100 250 56
100 127 7
101 161 39
101 292 12
101 198 65
101 266 17
101 174 66
101 272 61
101 270 0
101 113 99
101 244 57
101 219 72
101 220 22
101 149 59
102 256 33
102 260 58
102 134 73
102 143 97
102 290 23
102 164 26
102 167 53
102 178 38
102 182 63
102 195 19
102 200 7
102 177 92
102 206 92
102 222 75
102 104 1
102 239 19
102 240 20
102 123 24
103 258 11
103 135 38
103 137 64
103 178 64
103 183 11
103 219 11
103 225 67
103 229 41
103 108 24
103 244 64
103 120 4
103 123 18
104 128 56
104 265 95
104 109 47
104 145 9
104 195 76
104 159 86
104 161 45
104 181 82
104 189 8
104 200 80
104 205 2
104 217 36
104 216 75
104 237 68
104 114 62
104 245 37
104 118 42
104 120 54
104 122 59
104 124 59
104 255 49
105 260 44
105 133 61
105 263 97
105 270 38
105 143 13
105 276 100
105 155 25
105 162 88
105 166 57
105 242 16
105 175 18
105 208 8
105 165 67
105 228 6
105 241 75
105 114 12
105 118 71
105 122 36
105 125 64
106 131 68
106 144 27
106 280 22
106 281 41
106 155 88
106 287 5
106 296 82
106 183 13
106 187 49
106 201 42
106 206 70
106 271 28
106 224 47
106 228 27
106 113 97
106 115 48
106 247 84
106 252 100
106 254 86
107 257 91
107 259 87
107 134 90
107 265 10
107 266 78
107 144 23
107 155 92
107 162 92
107 292 36
107 166 4
107 173 62
107 198 63
107 271 1
107 226 64
107 237 32
107 245 92
107 247 78
107 120 44
107 121 96
108 129 18
108 279 74
108 156 12
108 240 88
108 296 54
108 299 19
108 183 39
108 188 76
108 189 24
108 191 83
108 198 57
108 202 41
108 212 77
108 112 51
108 115 19
108 122 49
109 131 79
109 134 45
109 135 29
109 136 92
109 140 84
109 144 14
109 171 19
109 173 36
109 174 80
109 183 97
109 193 50
109 203 98
109 210 35
109 226 79
109 120 62
109 127 72
110 130 82
110 131 9
110 143 49
110 150 70
110 151 18
110 281 8
110 285 74
110 291 15
110 165 38
110 298 77
110 177 93
110 178 85
110 179 73
110 184 22
110 201 43
110 212 70
110 230 47
110 232 48
110 111 44
110 114 87
110 147 66
110 119 56
111 256 19
111 132 5
111 268 62
111 156 58
111 167 52
111 177 13
111 178 67
111 188 100
111 207 59
111 114 99
111 246 72
111 250 97
111 123 91
111 252 72
111 254 12
111 127 94
112 128 39
112 208 23
112 132 45
112 179 49
112 137 46
112 298 74
112 299 84
112 288 7
112 212 41
112 279 38
112 122 56
112 265 90
112 154 25
112 158 94
113 265 15
113 150 52
113 281 38
113 283 65
113 159 33
113 291 85
113 164 5
113 165 15
113 177 63
113 181 84
113 207 23
113 208 76
113 212 16
113 213 6
113 217 67
113 247 23
113 234 86
114 260 8
114 141 95
114 149 31
114 159 31
114 160 8
114 163 37
114 180 75
114 187 57
114 198 45
114 205 33
114 117 91
114 123 83
115 257 95
115 163 52
115 166 79
115 138 81
115 195 48
115 238 97
115 209 27
115 172 11
115 245 32
115 284 55
115 247 29
115 155 93
115 252 15
115 293 21
116 224 72
116 118 91
116 265 8
116 273 53
116 180 18
116 213 15
116 214 72
116 184 1
116 250 3
116 159 7
116 156 95
116 282 26
117 129 38
117 259 59
117 281 34
117 297 28
117 177 9
117 184 73
117 185 53
117 268 24
117 217 46
117 227 77
117 237 49
117 246 0
117 250 65
118 130 24
118 266 75
118 147 61
118 276 77
118 150 80
118 285 50
118 158 6
118 288 32
118 295 85
118 169 10
118 299 53
118 183 15
118 187 56
118 191 65
118 197 26
118 202 29
118 205 22
118 209 83
118 273 76
118 244 29
118 253 63
118 277 12
119 299 24
119 137 6
119 140 74
119 141 40
119 271 48
119 272 11
119 147 36
119 282 65
119 156 39
119 157 60
119 287 33
119 163 33
119 172 63
119 176 49
119 178 20
119 159 39
119 192 66
119 198 98
119 291 14
119 216 48
119 144 57
119 244 59
119 120 62
119 123 100
120 261 44
120 263 24
120 143 14
120 145 12
120 275 67
120 157 22
120 159 53
120 135 19
120 138 96
120 196 18
120 197 81
120 218 49
120 239 22
120 240 44
120 147 83
120 124 44
121 261 27
121 138 9
121 270 48
121 143 89
121 276 43
121 283 0
121 295 51
121 205 92
121 209 52
121 271 39
121 222 0
121 230 11
121 249 91
122 256 57
122 133 9
122 262 64
122 279 72
122 155 95
122 158 77
122 160 89
122 240 80
122 162 53
122 291 20
122 294 47
122 167 77
122 174 81
122 183 40
122 197 86
122 233 8
122 234 91
122 124 21
123 129 75
123 267 65
123 272 40
123 278 35
123 155 88
123 156 9
123 287 49
123 297 21
123 178 52
123 203 1
123 205 61
123 209 60
123 224 69
123 245 79
123 248 33
123 249 49
123 125 95
124 257 66
124 258 74
124 134 12
124 151 37
124 285 16
124 172 80
124 189 14
124 207 82
124 212 86
124 231 75
124 236 24
124 254 57
125 260 27
125 137 35
125 141 64
125 143 62
125 167 97
125 182 52
125 265 68
125 184 64
125 186 51
125 206 25
125 229 73
125 212 25
125 251 44
126 267 70
126 272 42
126 147 35
126 283 35
126 158 81
126 288 64
126 166 55
126 169 39
126 221 13
126 196 54
126 200 48
126 216 16
126 218 58
126 249 85
126 255 21
127 259 62
127 134 88
127 263 77
127 264 50
127 266 75
127 140 5
127 272 43
127 152 82
127 168 59
127 171 65
127 193 78
127 233 19
127 236 36
127 246 73
127 250 57
128 261 24
128 273 81
128 274 92
128 275 95
128 165 81
128 298 24
128 199 79
128 172 34
128 175 36
128 182 37
128 205 100
128 209 99
128 229 58
128 233 62
128 236 33
128 244 54
128 246 9
128 248 46
129 130 88
129 261 87
129 268 55
129 275 68
129 161 73
129 164 63
129 167 26
129 174 73
129 136 45
129 209 31
129 213 89
129 292 24
129 237 42
129 217 20
129 251 9
130 137 90
130 267 52
130 270 3
130 271 15
130 276 47
130 278 79
130 156 42
130 181 11
130 197 52
130 201 41
130 223 40
130 232 67
130 242 82
130 244 27
130 245 6
130 249 30
130 255 67
131 132 23
131 133 76
131 134 20
131 143 93
131 274 75
131 155 76
131 171 2
131 176 46
131 209 18
131 212 48
131 216 50
131 244 86
131 247 3
131 255 54
132 257 43
132 262 67
132 274 1
132 278 69
132 281 10
132 283 98
132 157 39
132 161 85
132 292 25
132 165 5
132 174 10
132 187 0
132 196 91
132 212 25
132 213 17
132 245 42
133 192 21
133 134 15
133 267 75
133 276 42
133 278 42
133 284 47
133 158 21
133 159 7
133 289 4
133 295 94
133 173 86
133 183 19
133 196 12
133 198 46
133 200 82
133 208 52
133 215 81
133 218 98
133 219 97
133 226 85
134 136 90
134 148 39
134 278 4
134 157 67
134 167 21
134 186 73
134 204 35
134 206 14
134 227 55
134 247 25
135 261 38
135 268 66
135 237 72
135 273 15
135 160 91
135 299 77
135 179 8
135 223 44
135 238 96
135 239 69
136 258 13
136 266 37
136 147 73
136 282 68
136 158 97
136 290 55
136 169 71
136 298 31
136 177 14
136 186 75
136 138 90
136 193 73
136 205 10
136 223 4
136 242 52
136 247 20
136 248 33
136 250 46
137 179 11
137 138 0
137 216 87
137 275 51
137 163 91
137 293 99
137 168 65
137 180 2
137 189 61
137 199 46
137 141 35
137 291 82
138 267 9
138 141 51
138 144 74
138 148 55
138 279 33
138 287 3
138 162 70
138 167 43
138 297 12
138 187 36
138 139 69
138 239 40
139 229 92
139 233 97
139 175 52
139 242 16
139 259 46
139 236 29
139 185 20
139 152 18
139 218 86
139 284 1
139 285 48
139 158 9
139 255 48
140 143 4
140 272 81
140 150 30
140 287 95
140 297 65
140 199 61
140 203 12
140 206 21
140 221 14
140 234 34
140 247 68
141 261 20
141 262 39
141 268 20
141 142 45
141 145 44
141 275 71
141 148 11
141 286 62
141 291 97
141 166 17
141 299 14
141 201 95
141 212 47
141 222 83
141 294 87
141 233 35
141 236 32
142 289 48
142 194 23
142 234 45
142 290 21
142 273 76
142 242 43
142 189 51
142 287 76
143 256 61
143 259 28
143 261 86
143 271 50
143 277 74
143 286 89
143 289 59
143 201 77
143 227 80
143 214 91
143 222 35
143 234 98
143 275 76
143 255 24
144 263 67
144 149 77
144 150 66
144 154 56
144 287 49
144 162 52
144 293 1
144 173 24
144 178 13
144 181 16
144 199 75
144 214 74
144 215 91
144 217 73
144 224 68
144 225 78
144 233 19
145 256 40
145 257 7
145 153 66
145 280 73
145 281 85
145 160 60
145 290 76
145 163 13
145 166 35
145 296 52
145 209 32
145 213 88
145 219 55
145 223 38
145 246 46
145 247 35
146 258 65
146 299 72
146 263 87
146 269 45
146 153 40
146 159 74
146 290 10
146 297 15
146 171 2
146 175 12
146 191 61
146 196 54
146 202 54
146 204 54
146 227 89
146 232 81
146 253 38
147 257 79
147 151 42
147 268 74
147 273 81
147 279 49
147 298 36
147 263 96
147 195 3
147 198 40
147 211 2
147 244 87
148 167 80
148 200 3
148 234 51
148 204 98
148 269 83
148 246 35
148 253 93
149 258 4
149 279 28
149 285 75
149 292 85
149 294 8
149 175 89
149 186 30
149 151 49
149 194 94
149 208 59
149 254 68
149 255 36
150 268 73
150 269 72
150 273 92
150 274 86
150 284 60
150 159 72
150 290 74
150 297 41
150 170 62
150 177 5
150 184 32
150 185 35
150 195 56
150 199 93
150 202 22
150 204 3
150 215 77
150 190 11
151 258 23
151 279 62
151 154 56
151 173 63
151 176 51
151 180 20
151 187 88
151 189 3
151 197 45
151 200 16
151 206 38
151 225 94
151 229 37
151 247 62
151 248 36
152 192 75
152 225 33
152 247 67
152 166 85
152 201 45
152 284 24
152 276 96
152 246 81
152 233 72
152 187 99
153 258 75
153 273 37
153 201 11
153 298 45
153 215 84
154 256 29
154 258 37
154 157 64
154 177 19
154 184 20
154 189 0
154 191 82
154 231 86
154 234 65
155 275 64
155 282 100
155 162 47
155 163 85
155 297 100
155 171 40
155 159 92
155 191 77
155 200 22
155 214 36
155 224 77
155 238 74
155 249 22
155 234 28
156 257 25
156 171 54
156 266 28
156 273 37
156 274 67
156 299 95
156 182 35
156 183 13
156 185 87
156 187 56
156 237 91
157 280 47
157 260 50
157 173 45
157 176 55
157 190 49
157 211 4
157 215 49
157 221 99
157 225 91
157 233 6
157 253 39
158 288 39
158 173 100
158 178 51
158 181 76
158 267 5
158 186 71
158 195 99
158 196 42
158 206 15
158 208 6
158 216 42
158 233 96
158 239 59
159 256 99
159 266 15
159 277 98
159 169 58
159 298 92
159 184 21
159 189 79
159 194 15
159 200 28
159 217 2
159 218 6
159 222 85
159 236 42
159 232 78
159 250 45
160 288 14
160 289 11
160 165 83
160 294 99
160 264 56
160 233 26
160 299 97
160 284 46
160 191 52
161 261 20
161 262 42
161 270 17
161 162 35
161 163 94
161 295 17
161 174 50
161 179 98
161 182 2
161 198 26
161 203 92
161 213 4
161 228 48
162 235 52
162 270 64
162 274 2
162 276 86
162 283 37
162 293 48
162 299 48
162 182 30
162 185 12
162 205 56
162 225 50
162 226 98
163 279 63
163 282 5
163 169 32
163 170 89
163 175 15
163 180 43
163 185 95
163 213 49
163 232 40
163 252 52
164 278 79
164 281 56
164 286 76
164 168 78
164 175 26
164 183 67
164 193 25
164 194 10
164 200 49
164 207 34
164 214 53
164 215 47
164 228 17
164 249 99
164 250 30
164 253 28
164 254 30
165 225 30
165 289 70
165 168 91
165 202 30
165 185 36
165 249 1
165 207 16
165 229 42
166 261 62
166 173 37
166 283 60
166 288 86
166 293 61
166 168 86
166 170 88
166 187 68
166 200 88
166 208 81
166 220 68
166 244 86
166 245 54
167 231 74
167 263 0
167 257 48
167 173 71
167 240 1
167 209 36
167 254 86
167 281 29
167 186 92
168 257 89
168 258 10
168 268 28
168 279 45
168 282 19
168 283 57
168 284 39
168 294 34
168 297 100
168 265 75
168 196 67
168 205 51
168 213 6
168 218 86
168 221 6
168 231 79
168 232 72
168 235 25
168 253 81
169 278 45
169 264 17
169 189 66
169 191 39
169 201 26
169 204 97
169 206 11
169 220 12
169 228 68
169 231 69
169 236 75
170 263 96
170 274 30
170 275 68
170 179 60
170 188 58
170 190 77
170 206 48
170 208 38
170 291 88
170 237 40
170 244 90
170 246 24
170 248 78
171 268 62
171 178 97
171 205 45
171 231 32
171 242 25
171 243 10
171 248 7
171 255 92
172 196 85
172 292 23
172 176 100
172 244 63
172 285 82
173 257 71
173 275 28
173 278 59
173 291 39
173 261 49
173 178 27
173 292 97
173 226 38
173 236 33
174 202 63
174 237 21
174 176 10
174 274 3
174 209 63
174 280 51
174 185 23
174 191 66
175 234 79
175 236 73
175 178 1
175 222 32
175 190 59
175 213 14
176 256 45
176 267 5
176 198 24
176 180 2
176 200 33
176 221 34
176 225 21
176 236 88
176 240 65
176 241 63
176 251 33
176 253 25
176 255 14
177 261 33
177 275 15
177 283 58
177 292 36
177 212 96
177 232 91
177 250 16
178 280 100
178 289 0
178 180 44
178 186 85
178 221 34
178 189 52
178 232 89
178 242 66
179 256 68
179 257 52
179 279 64
179 282 80
179 285 34
179 291 74
179 194 72
179 196 86
179 242 55
179 246 27
179 248 67
180 208 70
180 293 82
180 279 70
180 207 76
180 209 87
180 190 24
180 182 53
181 259 13
181 264 60
181 299 28
181 196 29
181 202 28
181 218 17
181 221 75
181 235 21
181 272 67
182 228 92
182 293 99
182 209 50
182 277 94
182 246 78
182 220 12
182 287 4
183 258 8
183 281 24
183 195 30
183 204 17
183 219 47
183 245 61
183 253 92
184 267 66
184 269 35
184 286 97
184 212 66
184 216 74
184 226 49
184 227 63
184 230 13
184 254 50
185 267 62
185 283 76
185 245 30
185 221 83
185 227 9
185 238 24
185 244 73
185 255 56
186 282 19
186 288 54
186 292 53
186 191 89
186 196 14
186 206 12
186 216 68
186 224 62
186 232 15
186 242 4
186 252 18
187 259 15
187 269 49
187 282 36
187 288 96
187 299 23
187 193 4
187 196 30
187 200 95
187 209 88
187 216 65
187 225 60
187 232 20
187 238 94
187 249 84
188 259 80
188 265 56
188 279 97
188 210 66
188 211 77
188 218 22
188 285 28
189 257 67
189 275 56
189 289 14
189 294 88
189 287 100
189 192 22
189 207 12
189 223 13
189 227 86
189 251 98
190 258 77
190 260 32
190 268 46
190 274 40
190 276 19
190 292 78
190 220 40
190 227 40
190 234 32
190 237 32
190 242 43
191 256 76
191 289 13
191 206 53
191 214 1
191 223 94
191 242 85
191 250 65
192 299 89
192 263 96
192 285 39
192 289 87
192 193 73
192 222 89
192 272 54
192 231 72
193 274 24
193 275 81
193 278 61
193 291 78
193 194 92
193 198 93
193 292 93
193 201 3
193 209 17
193 236 24
193 240 18
193 244 86
193 248 70
194 257 35
194 268 86
194 290 53
194 295 24
194 210 3
194 216 1
194 228 74
194 231 77
194 234 17
194 235 88
194 236 2
194 238 73
194 297 57
195 262 60
195 286 44
195 287 80
195 291 24
195 294 74
195 297 47
195 199 3
195 203 98
195 290 68
195 205 52
195 230 2
195 241 67
196 256 0
196 262 87
196 264 35
196 270 63
196 284 72
196 206 25
196 209 25
196 211 7
196 215 43
196 216 92
196 217 1
196 224 90
196 238 79
196 244 71
196 255 45
197 256 34
197 271 52
197 203 19
197 204 5
197 206 45
197 229 51
197 238 60
197 243 51
197 246 26
198 276 33
198 284 76
198 294 10
198 202 33
198 204 77
198 210 66
198 225 64
198 228 38
198 238 46
199 260 35
199 262 89
199 291 17
199 203 46
199 205 41
199 212 0
199 217 56
199 238 3
199 277 30
200 290 61
200 291 64
200 264 48
200 283 13
200 210 67
200 248 16
200 249 7
201 262 73
201 268 42
201 277 8
201 283 51
201 229 96
201 237 81
201 251 61
201 253 7
201 254 66
202 262 55
202 236 43
202 268 62
202 273 12
202 280 20
202 293 7
202 294 37
202 298 24
202 214 33
202 216 21
202 221 52
202 226 56
202 232 83
202 242 8
202 253 92
203 291 29
203 251 83
203 242 42
203 246 43
203 254 52
204 257 36
204 259 17
204 214 30
204 269 1
204 288 40
204 292 67
204 299 75
204 205 25
204 230 94
204 232 33
204 235 75
204 244 84
204 251 66
205 266 84
205 278 100
205 295 78
205 207 28
205 213 96
205 225 85
205 234 86
205 254 53
206 274 44
206 215 28
207 274 17
207 280 69
207 283 47
207 286 6
207 297 36
207 221 43
207 225 34
207 251 25
207 254 90
208 279 27
208 288 24
208 292 83
208 212 12
208 214 25
208 226 63
208 232 43
208 251 79
208 254 77
209 213 56
209 220 8
209 222 82
209 224 40
209 236 63
209 239 79
209 244 64
210 215 12
210 254 51
210 296 2
211 256 51
211 258 79
211 271 76
211 283 65
211 288 5
211 289 3
211 292 69
211 294 79
211 217 16
211 225 95
211 226 44
211 233 12
211 252 79
211 254 10
212 267 27
212 281 98
212 286 68
212 297 86
212 216 45
212 228 59
212 252 15
212 239 86
213 259 35
213 264 13
213 278 26
213 284 42
213 287 4
213 293 34
213 294 23
213 291 37
213 232 80
213 234 52
213 249 3
214 258 49
214 260 57
214 266 38
214 275 10
214 276 51
214 278 84
214 280 68
214 229 38
214 232 27
214 234 63
214 243 30
215 257 66
215 274 88
215 280 59
215 294 6
215 298 50
215 292 40
215 220 92
215 222 79
215 223 27
215 272 4
215 250 17
216 257 77
216 279 58
216 221 62
217 257 65
217 259 14
217 264 51
217 275 40
217 284 21
217 221 97
217 222 11
217 225 65
217 238 58
217 252 42
218 224 32
218 237 89
218 240 36
218 222 91
218 253 41
219 263 68
219 266 81
219 268 27
219 277 7
219 290 7
219 297 62
219 225 95
219 229 34
219 230 37
219 247 34
220 257 70
220 270 94
220 277 87
220 290 27
220 291 1
220 223 67
220 238 17
220 253 24
220 254 22
221 259 36
221 277 86
221 288 36
221 297 78
221 227 5
221 230 95
221 237 74
221 253 20
222 272 72
222 277 55
222 279 79
222 281 15
223 257 20
223 273 37
223 290 39
223 295 98
223 238 85
223 245 91
224 257 35
224 269 26
224 291 32
224 226 30
224 251 5
224 241 27
224 244 73
224 248 80
225 272 97
225 280 9
225 284 49
225 232 31
225 253 23
226 290 96
226 274 99
226 287 2
226 291 61
226 293 3
226 298 30
226 230 10
226 233 10
226 251 18
226 255 45
227 288 82
227 233 98
227 242 81
227 237 3
228 291 19
228 263 2
228 298 38
228 299 93
228 247 35
228 250 6
228 233 84
228 284 0
229 256 22
229 265 64
229 275 95
229 281 48
229 231 86
229 253 30
230 264 38
230 281 77
230 290 52
230 299 7
230 235 67
230 246 84
231 256 19
231 297 11
231 258 22
231 236 80
232 263 99
232 276 75
232 278 54
232 285 57
232 290 42
232 295 82
232 296 80
232 299 78
232 233 50
232 239 70
232 246 89
232 250 100
232 252 66
233 264 71
233 269 76
233 275 68
233 281 19
233 272 92
233 253 3
234 291 52
234 299 18
234 238 74
235 281 79
235 285 89
236 256 71
236 261 76
236 273 86
236 278 24
236 280 22
236 290 76
236 295 21
236 272 0
236 244 45
236 251 57
237 265 60
237 270 68
237 273 34
237 275 60
237 283 3
237 286 0
237 288 11
237 292 23
237 248 45
237 254 21
238 257 53
238 261 20
238 266 65
238 294 63
238 240 75
238 242 70
238 245 32
238 248 61
238 255 88
239 260 79
239 262 44
239 241 99
239 243 47
239 253 16
239 286 40
240 290 9
240 241 90
240 243 42
240 284 58
240 253 67
241 278 43
241 298 31
241 272 43
241 275 28
241 285 33
242 265 75
242 258 9
242 252 0
243 258 81
243 279 71
243 282 15
244 285 1
244 248 79
245 258 19
245 292 100
245 270 13
246 277 44
246 295 50
246 251 27
247 263 96
247 265 83
247 288 72
247 289 52
248 292 41
248 296 81
248 298 23
249 265 83
249 258 6
249 253 23
250 291 63
250 292 34
251 287 96
251 290 74
251 293 28
251 299 52
251 253 75
252 271 40
252 276 98
252 287 94
252 291 89
252 254 70
253 269 18
253 281 81
253 283 66
254 260 98
254 277 32
254 285 7
254 293 73
255 269 22
255 275 50
255 282 22
255 283 25
255 286 29
255 293 33
255 263 20
256 263 21
256 295 93
257 259 30
257 268 39
257 286 1
257 292 15
257 294 15
258 280 34
258 289 88
259 292 42
259 262 50
260 280 98
260 284 34
260 292 74
261 270 58
261 278 96
261 290 19
261 295 32
262 292 86
262 280 99
262 271 28
263 266 10
263 269 77
263 284 6
263 286 31
264 278 18
264 283 96
264 291 81
264 294 81
264 295 25
264 285 62
265 271 43
265 272 40
265 276 51
265 279 58
265 286 15
265 288 51
266 291 88
266 283 37
267 283 29
267 278 47
267 296 70
267 269 44
268 270 76
268 280 19
268 282 27
270 288 42
270 296 55
270 286 39
271 274 75
271 280 52
271 288 16
273 291 94
274 279 97
274 284 57
274 293 20
274 294 9
275 276 12
275 277 7
275 281 92
275 286 95
276 281 92
276 292 10
276 299 8
277 278 65
277 288 99
278 282 29
278 287 100
279 280 24
279 291 21
280 284 34
282 298 31
283 285 84
283 291 76
284 285 7
284 294 99
285 292 76
286 292 43
287 292 44
288 290 21
288 293 54
288 296 86
290 294 100
291 292 99
292 295 41
