300 4000
0 129 98
0 2 4
0 133 61
0 134 67
0 267 27
0 274 57
0 24 56
0 155 2
0 29 20
0 31 24
0 32 12
0 290 27
0 27 10
0 261 89
0 167 51
0 296 6
0 48 9
0 115 78
0 55 37
0 57 7
0 58 74
0 60 52
0 83 82
0 164 36
0 69 28
0 211 41
0 215 11
0 216 64
0 89 72
0 103 2
0 232 1
0 243 50
0 124 98
0 255 98
1 4 41
1 261 45
1 266 0
1 143 70
1 17 44
1 148 16
1 153 19
1 27 14
1 86 28
1 285 63
1 287 19
1 33 53
1 34 97
1 39 26
1 170 22
1 43 71
1 185 8
1 190 5
1 191 10
1 78 56
1 207 25
1 211 49
1 214 93
1 88 89
1 271 74
1 220 94
1 98 1
1 230 16
1 108 46
1 245 34
1 251 28
1 124 59
1 255 20
2 131 57
2 142 30
2 273 17
2 259 45
2 161 23
2 291 31
2 164 1
2 296 91
2 297 4
2 174 32
2 52 21
2 181 7
2 182 18
2 55 35
2 188 56
2 221 5
2 99 86
2 106 97
2 239 29
2 113 50
2 244 2
2 117 96
2 41 78
2 124 25
2 234 64
2 254 32
2 255 8
3 128 69
3 8 43
3 265 12
3 267 6
3 268 54
3 45 16
3 145 1
3 277 84
3 150 52
3 24 82
3 156 0
3 29 32
3 31 88
3 33 96
3 291 57
3 173 7
3 136 27
3 51 6
3 181 97
3 55 83
3 184 37
3 185 65
3 187 59
3 62 77
3 65 60
3 196 89
3 200 73
3 208 85
3 217 32
3 101 15
3 230 35
3 231 56
3 105 24
3 239 58
3 116 38
3 119 97
3 124 91
4 128 41
4 270 40
4 17 65
4 277 65
4 280 63
4 289 100
4 293 31
4 295 12
4 169 41
4 44 41
4 173 70
4 47 90
4 177 49
4 51 43
4 180 96
4 184 89
4 199 27
4 77 34
4 205 71
4 81 47
4 83 32
4 14 68
4 217 82
4 233 6
4 240 29
4 242 83
4 115 17
4 119 46
4 120 29
4 122 97
4 251 76
4 213 55
5 256 83
5 260 58
5 136 29
5 9 2
5 267 75
5 140 75
5 269 46
5 273 56
5 283 84
5 35 27
5 164 100
5 39 19
5 47 37
5 177 86
5 186 95
5 189 96
5 190 68
5 200 59
5 76 70
5 207 36
5 80 55
5 115 88
5 117 98
6 266 19
6 15 12
6 16 24
6 153 41
6 27 96
6 285 2
6 288 71
6 162 74
6 35 60
6 168 44
6 172 65
6 192 65
6 194 97
6 70 39
6 213 49
6 88 79
6 219 40
6 233 27
6 234 3
6 110 6
6 116 64
6 119 3
6 122 22
6 123 97
7 257 34
7 258 46
7 13 21
7 14 12
7 17 58
7 279 26
7 152 92
7 281 96
7 111 67
7 155 56
7 39 13
7 220 56
7 181 52
7 183 86
7 56 68
7 189 5
7 195 23
7 213 78
7 90 16
7 92 83
7 221 9
7 227 40
7 239 89
7 245 3
7 250 81
8 130 100
8 268 99
8 258 55
8 15 89
8 274 36
8 150 47
8 155 52
8 36 99
8 168 55
8 43 71
8 176 82
8 49 84
8 57 39
8 203 7
8 210 14
8 214 33
8 217 56
8 218 74
8 91 29
8 220 62
8 225 22
8 228 72
8 102 79
8 231 6
8 235 29
8 239 67
8 247 31
8 248 65
8 252 21
8 255 82
9 135 84
9 138 13
9 12 58
9 269 56
9 145 21
9 280 71
9 285 21
9 158 93
9 289 2
9 164 72
9 295 81
9 172 46
9 45 51
9 48 80
9 52 61
9 36 91
9 64 89
9 67 76
9 201 14
9 119 94
9 86 59
9 87 63
9 89 93
9 96 52
9 97 25
9 39 78
9 108 52
9 113 38
9 246 0
9 247 10
10 161 85
10 162 36
10 196 33
10 229 53
10 40 38
10 233 15
10 138 86
10 11 67
10 143 38
10 106 57
10 213 76
10 297 54
10 132 28
10 123 75
10 92 93
10 157 36
10 190 42
10 53 55
11 131 97
11 137 98
11 13 38
11 23 72
11 153 13
11 282 82
11 156 74
11 157 51
11 164 31
11 294 41
11 297 71
11 42 29
11 43 33
11 172 72
11 59 95
11 190 21
11 194 87
11 198 100
11 199 22
11 76 34
11 84 93
11 229 7
11 107 87
11 238 85
11 242 30
11 245 41
11 120 65
11 125 65
12 258 79
12 259 93
12 263 90
12 15 4
12 147 41
12 153 17
12 30 35
12 160 60
12 35 15
12 286 65
12 184 5
12 185 95
12 58 11
12 74 76
12 66 70
12 69 52
12 202 96
12 207 32
12 90 51
12 79 31
12 94 72
12 96 24
12 98 80
12 227 33
12 100 80
12 237 93
12 112 1
12 241 31
12 120 25
13 225 72
13 195 44
13 293 2
13 166 87
13 233 21
13 137 33
13 298 48
13 167 87
13 255 22
13 31 78
13 271 14
13 147 32
13 180 76
13 23 62
13 84 43
13 103 38
13 52 91
13 299 60
13 95 36
14 225 12
14 258 48
14 164 53
14 37 56
14 71 19
14 232 100
14 105 65
14 202 86
14 226 42
14 142 19
14 242 79
14 126 34
14 217 28
14 57 84
14 284 63
14 29 15
14 158 40
15 128 7
15 129 59
15 131 90
15 266 47
15 27 40
15 284 47
15 162 88
15 35 39
15 295 14
15 173 71
15 47 1
15 186 92
15 61 42
15 68 71
15 69 43
15 200 33
15 201 85
15 202 28
15 85 28
15 87 24
15 95 8
15 229 25
15 102 68
15 113 44
15 122 79
15 251 52
15 213 0
16 258 45
16 135 4
16 271 47
16 144 1
16 150 45
16 279 43
16 155 73
16 287 76
16 161 28
16 36 73
16 31 4
16 298 98
16 172 18
16 176 28
16 49 17
16 50 33
16 54 36
16 57 50
16 59 86
16 188 99
16 62 42
16 193 89
16 194 89
16 197 6
16 72 63
16 78 41
16 213 25
16 89 75
16 95 87
16 233 35
16 296 96
16 190 86
16 246 83
16 170 38
17 132 40
17 134 100
17 142 72
17 144 25
17 21 37
17 25 76
17 28 63
17 292 26
17 299 72
17 172 92
17 183 27
17 184 34
17 57 1
17 186 4
17 187 10
17 193 40
17 195 89
17 78 37
17 213 35
17 91 13
17 94 95
17 226 54
17 99 93
17 228 61
17 229 29
17 115 0
17 250 32
17 127 31
18 128 64
18 86 81
18 235 50
18 164 99
18 101 78
18 233 28
18 203 95
18 45 97
18 77 41
18 273 71
18 259 98
18 180 93
18 182 4
18 183 52
18 283 36
18 132 49
18 163 21
18 219 56
18 220 4
18 61 7
19 133 99
19 262 28
19 136 88
19 272 23
19 23 45
19 153 53
19 282 99
19 154 54
19 286 45
19 160 1
19 34 38
19 38 17
19 242 93
19 180 98
19 58 69
19 201 91
19 75 83
19 208 69
19 225 35
19 98 38
19 101 4
19 108 88
19 114 70
19 123 70
20 260 93
20 270 6
20 150 90
20 280 47
20 29 0
20 33 34
20 162 18
20 291 69
20 293 86
20 299 11
20 179 81
20 249 35
20 190 45
20 67 54
20 75 52
20 79 85
20 80 27
20 87 80
20 89 77
20 96 46
20 229 8
20 109 17
20 111 5
20 121 45
20 126 50
21 256 92
21 268 81
21 272 35
21 282 41
21 287 25
21 160 41
21 293 89
21 294 67
21 297 74
21 42 23
21 175 18
21 48 90
21 63 47
21 71 86
21 76 9
21 77 82
21 207 10
21 121 76
21 92 36
21 95 27
21 123 59
21 110 83
21 114 8
21 244 31
21 169 73
21 249 98
21 191 100
21 125 70
22 131 8
22 262 60
22 139 35
22 140 54
22 147 72
22 284 38
22 158 84
22 160 53
22 289 7
22 290 61
22 219 94
22 43 34
22 51 23
22 183 3
22 56 2
22 63 69
22 68 40
22 184 80
22 216 72
22 91 98
22 224 50
22 233 1
22 123 47
23 129 26
23 140 71
23 273 34
23 279 18
23 281 76
23 283 39
23 165 95
23 168 43
23 42 89
23 173 41
23 47 52
23 64 11
23 71 43
23 77 77
23 213 42
23 214 45
23 95 39
23 98 69
23 101 13
23 251 92
23 255 97
24 257 68
24 133 54
24 140 30
24 275 22
24 276 60
24 27 0
24 285 7
24 31 0
24 35 100
24 166 39
24 179 81
24 287 53
24 66 15
24 196 37
24 72 55
24 204 98
24 83 58
24 88 85
24 90 37
24 251 73
25 130 77
25 132 94
25 133 30
25 271 23
25 273 11
25 147 25
25 150 88
25 279 3
25 159 60
25 288 13
25 298 12
25 176 14
25 179 89
25 52 100
25 180 65
25 94 13
25 223 40
25 109 58
25 111 36
25 247 69
25 251 81
26 224 26
26 48 63
26 258 35
26 292 96
26 261 66
26 47 88
26 72 10
26 201 13
26 107 42
26 140 58
26 96 38
26 143 9
26 240 69
26 296 84
26 245 47
26 86 73
26 121 88
26 155 89
26 253 5
27 131 72
27 133 72
27 277 23
27 151 66
27 160 98
27 38 12
27 167 41
27 45 78
27 174 67
27 48 72
27 49 20
27 55 90
27 57 59
27 187 70
27 67 42
27 196 52
27 74 97
27 205 37
27 78 19
27 81 1
27 224 9
27 98 35
27 233 38
27 39 50
27 112 97
27 245 55
27 120 51
28 139 14
28 272 53
28 155 20
28 158 44
28 287 68
28 288 65
28 37 58
28 170 51
28 171 89
28 172 34
28 176 6
28 49 54
28 50 93
28 52 87
28 54 62
28 184 65
28 58 46
28 63 11
28 200 10
28 80 41
28 210 60
28 83 62
28 90 93
28 97 98
28 103 1
28 108 91
28 109 71
28 247 20
28 125 12
29 134 0
29 263 31
29 265 51
29 149 99
29 281 78
29 287 85
29 160 36
29 290 57
29 292 41
29 298 24
29 171 51
29 174 24
29 50 85
29 180 85
29 184 31
29 185 66
29 186 64
29 187 82
29 32 21
29 197 99
29 200 57
29 76 8
29 86 93
29 226 6
29 104 77
29 105 73
29 241 81
29 123 40
29 254 1
29 255 75
30 131 36
30 132 85
30 54 17
30 263 3
30 298 63
30 41 69
30 266 30
30 71 56
30 207 85
30 155 92
30 222 71
30 182 86
30 116 90
30 282 76
30 283 65
30 61 74
30 286 83
30 293 36
31 259 73
31 260 6
31 146 79
31 276 64
31 280 3
31 294 76
31 45 13
31 55 26
31 191 4
31 70 98
31 200 47
31 205 4
31 212 31
31 86 58
31 215 67
31 92 60
31 221 85
31 222 5
31 231 95
31 233 2
31 109 21
31 241 68
31 125 68
32 129 37
32 136 63
32 265 19
32 142 76
32 149 45
32 283 52
32 290 79
32 35 78
32 294 99
32 52 66
32 56 39
32 193 76
32 66 22
32 199 34
32 73 73
32 203 26
32 204 38
32 77 13
32 210 88
32 92 78
32 226 9
32 109 5
33 259 24
33 263 39
33 266 63
33 141 37
33 171 36
33 43 39
33 46 22
33 49 49
33 178 18
33 52 89
33 55 16
33 60 99
33 138 43
33 64 5
33 199 94
33 203 53
33 204 26
33 85 2
33 214 81
33 215 60
33 98 77
33 227 45
33 232 56
33 236 23
33 111 1
33 240 26
33 124 44
34 261 26
34 137 35
34 138 19
34 144 77
34 280 82
34 281 88
34 284 82
34 296 72
34 171 32
34 46 13
34 177 61
34 57 33
34 187 3
34 63 100
34 64 73
34 198 26
34 74 92
34 87 5
34 217 53
34 233 96
34 238 79
34 240 18
34 242 75
34 246 6
34 253 86
34 254 29
34 127 43
35 133 80
35 134 42
35 264 63
35 141 67
35 149 3
35 280 45
35 281 97
35 157 67
35 158 19
35 290 15
35 165 35
35 295 24
35 173 80
35 174 100
35 175 73
35 176 55
35 177 66
35 243 78
35 52 54
35 182 84
35 184 89
35 200 22
35 202 97
35 203 82
35 80 12
35 56 14
35 212 26
35 214 47
35 218 5
35 293 63
35 103 70
35 108 6
35 115 22
35 122 81
35 126 39
36 226 46
36 67 46
36 68 76
36 230 84
36 103 32
36 91 39
36 215 75
36 76 86
36 200 24
36 114 78
36 179 21
36 245 5
36 137 68
36 121 52
36 155 12
36 92 84
36 127 41
37 140 14
37 148 34
37 151 30
37 239 64
37 165 79
37 49 71
37 180 97
37 184 12
37 64 71
37 210 78
37 83 61
37 121 51
37 105 98
37 107 17
37 109 41
37 111 22
37 115 1
37 248 74
37 249 70
37 125 65
37 254 54
38 132 18
38 261 15
38 140 100
38 141 26
38 271 63
38 151 96
38 290 60
38 293 88
38 41 27
38 185 16
38 190 78
38 199 87
38 268 72
38 77 47
38 78 4
38 207 73
38 221 14
38 94 92
38 225 12
38 98 60
38 229 91
38 107 68
38 125 0
38 240 83
38 245 61
38 119 0
38 121 89
38 253 57
39 262 10
39 138 65
39 143 69
39 273 38
39 152 69
39 160 6
39 294 86
39 40 63
39 48 99
39 185 86
39 62 36
39 63 25
39 193 55
39 203 33
39 204 49
39 78 38
39 219 30
39 100 21
39 231 55
39 237 64
39 112 21
39 119 22
39 121 15
40 257 1
40 134 68
40 137 92
40 140 24
40 142 8
40 144 78
40 285 29
40 41 32
40 42 8
40 182 4
40 59 97
40 66 72
40 73 40
40 226 55
40 78 69
40 221 21
40 98 28
40 103 42
40 104 19
40 105 88
40 112 26
40 120 25
40 252 14
40 125 53
41 262 33
41 143 56
41 272 32
41 276 28
41 159 45
41 164 73
41 296 16
41 298 47
41 43 77
41 57 76
41 189 20
41 89 79
41 93 20
41 97 47
41 226 48
41 100 68
41 240 49
41 115 29
41 117 59
41 127 12
42 136 9
42 155 31
42 292 33
42 169 78
42 47 3
42 177 9
42 181 96
42 184 23
42 199 27
42 79 95
42 210 80
42 85 9
42 219 25
42 92 21
42 222 1
42 224 50
42 100 62
42 115 45
42 116 43
42 249 44
42 124 30
43 134 39
43 194 59
43 145 53
43 283 20
43 160 61
43 161 65
43 71 73
43 173 36
43 174 99
43 48 2
43 51 63
43 180 84
43 55 44
43 185 43
43 186 13
43 66 34
43 195 84
43 183 1
43 204 95
43 82 50
43 214 73
43 89 88
43 225 92
43 234 85
43 237 89
43 110 74
43 246 93
43 254 16
44 130 25
44 260 94
44 135 63
44 271 96
44 274 82
44 275 61
44 148 75
44 155 7
44 164 56
44 299 94
44 185 42
44 58 1
44 187 54
44 65 81
44 197 67
44 203 15
44 204 40
44 90 47
44 222 13
44 230 55
44 232 83
44 235 26
44 109 94
44 276 49
44 122 99
45 64 40
45 261 83
45 135 4
45 137 28
45 141 63
45 143 47
45 158 70
45 289 20
45 162 52
45 155 88
45 167 50
45 299 88
45 74 88
45 192 4
45 67 60
45 202 51
45 205 81
45 207 88
45 208 16
45 212 49
45 213 28
45 88 68
45 217 12
45 218 50
45 80 72
45 230 70
45 108 65
45 237 2
45 118 63
45 119 56
46 143 74
46 273 9
46 275 4
46 284 57
46 160 90
46 176 31
46 292 66
46 168 61
46 297 12
46 172 96
46 173 3
46 48 54
46 179 5
46 183 85
46 60 28
46 65 57
46 68 9
46 199 10
46 83 92
46 86 98
46 222 78
46 237 48
46 238 61
46 147 27
46 247 82
46 252 45
47 276 28
47 159 84
47 174 83
47 244 41
47 58 56
47 59 62
47 202 100
47 204 39
47 207 76
47 80 37
47 225 86
47 227 18
47 105 62
47 110 63
47 240 32
47 116 59
47 252 7
48 138 57
48 139 64
48 273 95
48 146 28
48 150 10
48 151 96
48 158 3
48 162 72
48 291 52
48 167 81
48 296 12
48 286 53
48 184 81
48 63 36
48 201 97
48 208 78
48 80 100
48 230 91
48 112 90
48 116 84
48 246 83
48 247 40
48 251 64
49 261 11
49 266 34
49 141 15
49 145 30
49 276 39
49 280 18
49 285 86
49 286 81
49 291 15
49 167 35
49 175 48
49 54 2
49 187 63
49 67 22
49 198 0
49 199 1
49 76 71
49 80 94
49 209 90
49 210 45
49 163 90
49 218 45
49 91 59
49 220 13
49 232 67
49 237 37
49 248 79
50 257 27
50 130 49
50 267 17
50 269 60
50 145 71
50 277 42
50 155 46
50 287 63
50 283 26
50 292 96
50 166 7
50 170 89
50 53 20
50 184 9
50 188 40
50 63 15
50 65 34
50 199 15
50 209 86
50 214 36
50 88 0
50 95 25
50 224 3
50 231 94
50 239 52
50 248 10
50 121 30
50 253 99
51 278 23
51 262 74
51 137 46
51 142 57
51 146 23
51 275 70
51 289 68
51 174 98
51 175 36
51 115 26
51 54 40
51 183 0
51 56 100
51 60 64
51 193 0
51 194 69
51 67 68
51 79 49
51 89 50
51 222 19
51 226 78
51 101 51
51 233 32
51 110 7
51 241 86
51 243 40
51 247 44
51 120 56
51 249 94
51 126 53
51 255 85
52 267 23
52 146 87
52 152 96
52 159 7
52 164 66
52 294 80
52 170 55
52 57 1
52 188 53
52 189 7
52 192 86
52 67 27
52 74 2
52 141 74
52 105 4
52 127 41
53 66 52
53 132 65
53 293 34
53 263 11
53 145 78
53 139 1
53 268 72
53 226 56
53 270 42
53 207 14
53 271 90
53 177 86
53 149 6
53 214 63
53 247 95
53 143 100
53 220 64
53 174 0
53 150 48
54 214 25
54 137 65
54 266 64
54 270 57
54 163 66
54 294 54
54 71 75
54 175 88
54 58 99
54 61 64
54 192 1
54 70 0
54 199 90
54 74 79
54 205 71
54 82 52
54 84 3
54 86 40
54 89 37
54 226 95
54 230 61
54 104 91
54 233 54
54 109 23
54 189 100
54 240 96
54 243 7
54 121 94
54 125 98
55 138 89
55 286 20
55 161 6
55 163 50
55 114 77
55 174 94
55 189 33
55 192 90
55 208 14
55 88 37
55 80 23
55 231 75
55 232 78
55 107 77
55 237 39
55 111 14
55 242 16
55 247 3
56 97 44
56 258 83
56 227 6
56 133 46
56 96 60
56 87 25
56 207 42
56 171 75
56 183 8
56 88 97
56 153 82
56 122 71
56 187 36
56 124 21
56 190 28
57 129 53
57 132 98
57 137 57
57 268 63
57 279 29
57 289 10
57 170 92
57 175 43
57 178 16
57 191 42
57 193 9
57 204 86
57 205 17
57 82 93
57 220 48
57 94 77
57 273 28
57 237 49
57 246 6
57 247 25
57 252 37
58 261 33
58 266 85
58 141 29
58 274 72
58 280 86
58 69 27
58 290 21
58 164 15
58 166 71
58 296 76
58 169 20
58 175 35
58 186 82
58 159 28
58 197 22
58 268 42
58 204 81
58 210 56
58 87 4
58 100 99
58 221 87
58 99 81
58 228 19
58 101 39
58 111 12
58 112 87
58 118 3
58 248 35
58 252 16
59 137 31
59 147 69
59 279 99
59 161 91
59 61 94
59 191 1
59 67 68
59 205 45
59 80 99
59 211 3
59 84 35
59 249 26
59 89 94
59 90 11
59 103 97
59 106 74
59 115 88
59 244 12
59 118 99
59 120 8
59 121 46
59 250 23
60 128 48
60 132 5
60 278 73
60 154 6
60 157 10
60 294 62
60 297 40
60 176 91
60 65 3
60 69 15
60 77 47
60 212 29
60 215 68
60 92 46
60 94 3
60 229 27
60 230 50
60 244 58
60 250 20
60 124 73
60 253 66
61 108 60
61 164 48
61 167 99
61 175 40
61 180 38
61 191 67
61 65 87
61 182 54
61 75 68
61 219 82
61 95 19
61 225 65
61 229 73
61 107 69
61 236 59
61 146 92
61 250 60
61 255 0
62 192 94
62 132 4
62 133 34
62 263 29
62 265 57
62 139 84
62 268 63
62 276 41
62 154 25
62 160 58
62 289 37
62 290 88
62 178 28
62 182 52
62 185 59
62 64 80
62 65 52
62 202 23
62 75 84
62 109 88
62 115 75
62 245 32
63 132 40
63 147 45
63 279 46
63 161 34
63 168 76
63 174 48
63 176 73
63 186 1
63 187 62
63 73 39
63 211 99
63 86 1
63 219 74
63 94 0
63 237 4
63 114 96
63 120 47
64 161 68
64 247 67
64 236 89
64 175 87
64 189 31
64 243 90
64 215 71
64 149 62
64 214 53
64 279 20
64 217 30
64 143 34
64 253 96
64 191 54
65 132 96
65 262 4
65 273 74
65 264 63
65 105 35
65 203 54
65 157 28
65 241 82
65 152 57
65 100 82
65 284 81
66 261 60
66 263 6
66 136 52
66 139 70
66 269 36
66 283 23
66 156 43
66 163 19
66 165 91
66 295 53
66 296 35
66 175 79
66 187 28
66 192 34
66 195 3
66 74 78
66 210 10
66 86 68
66 217 69
66 222 84
66 224 21
66 225 96
66 98 87
66 231 80
66 232 33
66 233 23
66 167 42
66 108 10
66 109 36
66 104 86
66 244 82
66 245 23
66 119 15
66 252 32
66 255 68
67 258 35
67 260 63
67 130 30
67 270 55
67 279 35
67 158 100
67 290 67
67 291 93
67 294 0
67 184 86
67 80 55
67 218 54
67 91 11
67 93 70
67 94 66
67 224 36
67 230 99
67 118 19
67 250 87
67 254 28
68 282 66
68 287 39
68 288 65
68 161 0
68 162 29
68 163 24
68 296 83
68 170 14
68 199 99
68 72 61
68 205 91
68 206 58
68 80 13
68 81 100
68 211 9
68 121 88
68 216 40
68 230 85
68 105 69
68 238 12
68 83 5
68 244 76
68 117 9
68 249 3
68 250 27
68 252 58
69 257 66
69 258 80
69 134 47
69 275 5
69 283 21
69 288 83
69 290 66
69 187 80
69 211 67
69 85 33
69 143 64
69 93 42
69 108 37
69 114 85
69 122 56
69 255 60
69 127 98
70 257 2
70 130 2
70 131 27
70 141 71
70 272 82
70 282 22
70 175 13
70 287 74
70 204 23
70 208 94
70 209 81
70 211 77
70 90 30
70 227 87
70 104 41
70 106 46
70 235 94
70 238 64
70 241 55
70 114 56
70 119 56
71 146 74
71 148 1
71 287 82
71 162 77
71 166 52
71 189 99
71 208 14
71 120 98
71 87 14
71 216 31
71 218 85
71 91 19
71 99 8
71 101 50
71 104 26
71 248 26
71 123 51
71 149 20
72 270 48
72 271 17
72 274 65
72 149 63
72 153 25
72 157 22
72 287 23
72 288 55
72 166 25
72 298 81
72 176 32
72 177 7
72 185 15
72 194 49
72 196 71
72 73 98
72 210 7
72 87 89
72 88 72
72 217 84
72 94 25
72 100 96
72 229 65
72 231 57
72 234 96
72 110 69
72 245 71
73 131 31
73 135 93
73 274 61
73 147 41
73 281 41
73 282 91
73 289 31
73 165 78
73 171 90
73 172 8
73 178 80
73 188 30
73 75 69
73 203 33
73 210 64
73 89 16
73 91 42
73 221 26
73 94 53
73 97 84
73 226 54
73 235 22
73 111 41
73 125 61
74 130 15
74 136 98
74 282 77
74 286 56
74 292 12
74 293 62
74 298 54
74 184 15
74 204 27
74 82 7
74 164 94
74 95 58
74 103 74
74 106 86
74 210 32
74 239 36
74 240 56
74 241 99
74 119 61
74 248 48
74 122 82
75 128 24
75 263 56
75 140 62
75 149 51
75 155 36
75 191 54
75 199 23
75 77 84
75 212 41
75 85 78
75 90 37
75 92 36
75 102 94
75 104 30
75 238 70
75 244 34
75 117 29
75 120 50
75 251 64
75 253 48
76 257 12
76 261 74
76 268 94
76 270 2
76 219 5
76 298 14
76 181 51
76 192 74
76 207 9
76 88 31
76 90 35
76 91 30
76 94 45
76 224 88
76 226 3
76 104 47
76 122 25
77 130 95
77 137 99
77 276 25
77 149 67
77 283 67
77 164 36
77 165 85
77 168 96
77 182 26
77 191 70
77 160 9
77 213 35
77 216 48
77 95 48
77 228 56
77 104 40
77 236 11
77 121 0
77 250 36
77 252 23
78 256 29
78 258 77
78 260 12
78 261 67
78 129 91
78 136 37
78 266 10
78 267 1
78 268 79
78 270 99
78 149 63
78 280 20
78 282 55
78 285 35
78 181 9
78 182 5
78 208 47
78 82 21
78 94 46
78 95 84
78 101 6
78 111 70
78 296 100
78 254 10
79 260 65
79 133 87
79 263 99
79 264 47
79 144 80
79 280 29
79 148 8
79 150 64
79 152 33
79 160 55
79 291 15
79 171 61
79 201 54
79 81 100
79 212 1
79 249 73
79 223 90
79 100 99
79 102 81
79 232 92
79 238 29
79 111 10
79 240 59
79 115 54
79 245 33
79 246 54
79 121 78
79 123 82
79 125 83
79 254 38
80 128 64
80 268 37
80 142 62
80 274 63
80 153 13
80 287 72
80 166 29
80 295 70
80 169 60
80 298 99
80 182 21
80 188 9
80 200 33
80 82 92
80 86 21
80 94 11
80 95 77
80 236 25
80 240 98
80 117 2
81 256 7
81 136 16
81 265 41
81 267 26
81 268 43
81 142 87
81 154 58
81 159 18
81 288 31
81 161 27
81 186 34
81 204 68
81 93 37
81 101 50
81 102 43
81 105 47
81 113 1
81 250 62
81 126 85
82 259 42
82 142 51
82 281 93
82 284 34
82 159 78
82 297 22
82 170 21
82 180 75
82 183 70
82 189 55
82 203 100
82 207 34
82 211 22
82 84 74
82 86 83
82 221 94
82 94 51
82 95 76
82 234 41
82 238 59
82 115 41
82 251 11
83 129 87
83 130 84
83 133 6
83 257 80
83 266 43
83 139 99
83 152 73
83 155 3
83 160 16
83 180 22
83 181 44
83 182 79
83 288 20
83 205 37
83 215 53
83 89 21
83 222 84
83 165 88
83 100 19
83 103 81
83 110 41
83 241 5
83 114 16
83 246 14
84 128 52
84 132 39
84 282 19
84 156 38
84 154 89
84 288 54
84 166 32
84 167 94
84 297 38
84 171 96
84 178 59
84 187 45
84 201 73
84 269 7
84 220 51
84 229 84
84 234 21
84 111 4
84 242 34
84 243 43
84 244 100
84 245 16
84 247 22
84 123 47
85 129 76
85 260 91
85 141 11
85 146 29
85 275 62
85 278 92
85 279 27
85 288 80
85 290 28
85 165 29
85 201 43
85 202 26
85 216 53
85 94 64
85 105 72
85 239 41
85 245 58
85 248 7
85 124 17
86 132 91
86 133 72
86 271 67
86 260 72
86 282 30
86 164 75
86 299 90
86 180 62
86 93 14
86 224 83
86 102 15
86 115 71
86 244 43
86 118 85
86 249 53
86 122 51
86 127 70
87 270 93
87 157 19
87 286 29
87 159 28
87 169 55
87 174 15
87 175 86
87 187 13
87 199 15
87 200 60
87 203 3
87 209 17
87 89 37
87 226 90
87 105 81
87 237 14
87 238 67
87 240 71
88 256 12
88 171 64
88 133 31
88 264 93
88 266 61
88 148 93
88 285 19
88 166 6
88 295 49
88 297 34
88 299 74
88 189 15
88 208 51
88 216 20
88 92 1
88 222 96
88 231 42
88 234 85
88 243 46
88 276 2
88 124 74
89 130 63
89 171 100
89 136 47
89 140 46
89 287 48
89 288 99
89 181 1
89 192 13
89 214 19
89 217 70
89 219 59
89 107 14
89 242 90
89 250 88
89 127 12
89 252 70
89 255 50
90 264 21
90 266 20
90 270 34
90 174 91
90 178 34
90 191 74
90 200 55
90 206 38
90 208 58
90 93 90
90 106 21
90 239 61
90 114 21
90 116 17
90 123 91
91 129 29
91 259 79
91 261 20
91 275 54
91 149 8
91 153 20
91 283 20
91 158 5
91 291 6
91 167 97
91 178 97
91 155 83
91 201 17
91 215 0
91 292 97
91 223 95
91 104 10
91 234 60
91 113 59
91 126 32
92 277 9
92 262 74
92 136 30
92 152 28
92 274 81
92 280 54
92 161 15
92 164 34
92 165 48
92 166 18
92 188 37
92 160 87
92 224 11
92 104 48
92 233 94
92 117 98
92 247 95
92 119 40
92 255 24
93 135 47
93 136 24
93 138 7
93 151 15
93 282 72
93 288 52
93 162 1
93 165 94
93 168 55
93 173 9
93 186 52
93 204 98
93 206 65
93 212 93
93 222 2
93 225 7
93 230 3
93 115 36
93 118 78
93 247 31
93 121 3
94 267 36
94 140 37
94 276 63
94 162 70
94 291 77
94 293 91
94 169 6
94 298 79
94 174 47
94 176 53
94 290 79
94 214 18
94 227 4
94 235 24
94 245 66
94 246 85
94 253 63
94 127 41
95 160 7
95 164 20
95 241 97
95 263 56
95 108 70
95 142 84
95 206 86
95 244 90
95 238 41
96 101 49
96 270 20
96 276 24
96 126 47
96 118 41
96 280 88
96 189 39
96 190 18
97 257 17
97 259 44
97 143 56
97 145 72
97 275 93
97 283 41
97 156 90
97 294 42
97 297 97
97 180 27
97 189 6
97 195 44
97 209 93
97 216 67
97 219 52
97 115 1
97 253 66
98 257 3
98 278 69
98 153 98
98 282 95
98 156 92
98 287 46
98 167 55
98 199 44
98 177 30
98 182 44
98 289 95
98 212 24
98 214 39
98 220 71
98 222 75
98 227 80
98 228 8
98 236 76
98 245 49
98 118 4
98 127 36
99 128 45
99 257 25
99 162 12
99 132 28
99 166 45
99 264 50
99 201 53
99 234 75
99 167 82
99 275 7
99 241 83
99 123 71
99 252 98
99 250 76
99 159 11
100 193 28
100 137 91
100 267 83
100 276 48
100 278 30
100 282 7
100 242 45
100 174 40
100 177 40
100 182 27
100 194 32
100 216 84
100 224 4
100 113 38
100 114 71
100 211 88
100 118 58
100 247 44
100 254 32
101 270 47
101 281 85
101 156 40
101 286 77
101 162 77
101 177 93
101 178 34
101 187 98
101 206 21
101 228 61
101 209 48
101 104 98
101 240 66
101 115 75
101 250 41
102 128 72
102 194 72
102 131 71
102 275 79
102 111 47
102 255 97
102 237 3
102 176 23
102 253 35
102 252 2
102 280 8
102 185 17
102 220 93
102 221 20
102 159 8
103 226 88
103 197 78
103 205 30
103 233 42
103 269 83
103 208 30
103 210 72
103 116 31
103 246 84
103 297 93
103 292 19
103 150 76
104 260 89
104 133 41
104 266 57
104 145 74
104 282 70
104 155 26
104 286 31
104 161 10
104 174 15
104 158 41
104 205 70
104 215 63
104 231 56
104 112 28
104 117 88
104 118 27
104 122 5
105 140 75
105 141 70
105 282 76
105 283 48
105 156 57
105 174 65
105 191 10
105 194 0
105 268 73
105 203 91
105 227 5
105 234 22
105 107 85
105 112 61
105 243 93
105 124 49
106 256 23
106 289 38
106 259 23
106 196 48
106 135 81
106 297 89
106 140 82
106 144 24
106 209 29
106 114 43
106 254 16
106 118 97
106 183 90
106 132 47
106 222 60
107 256 73
107 187 43
107 298 57
107 268 71
107 210 83
107 207 88
107 112 27
107 178 5
107 147 69
107 111 57
107 143 88
107 266 16
107 191 43
108 263 18
108 140 51
108 269 45
108 270 83
108 143 30
108 169 13
108 170 77
108 178 18
108 206 19
108 212 32
108 215 89
108 220 31
108 228 74
108 233 53
108 240 57
108 242 19
108 247 79
109 131 58
109 265 47
109 269 67
109 144 10
109 274 63
109 154 43
109 163 65
109 164 98
109 172 21
109 183 79
109 188 57
109 200 4
109 218 40
109 272 19
109 226 64
109 237 84
109 242 29
109 243 58
109 117 83
109 246 78
109 123 99
110 258 44
110 266 38
110 281 37
110 282 46
110 291 79
110 170 49
110 172 69
110 173 37
110 180 62
110 204 50
110 211 16
110 221 52
110 238 69
110 112 43
110 126 28
111 129 15
111 130 82
111 259 30
111 139 61
111 273 5
111 150 71
111 283 79
111 287 42
111 293 45
111 297 13
111 172 39
111 173 67
111 188 70
111 190 8
111 208 11
111 249 62
111 217 58
111 234 4
111 112 70
111 242 86
111 115 30
111 212 41
111 126 90
112 146 89
112 152 76
112 285 5
112 176 65
112 291 33
112 169 72
112 178 19
112 179 87
112 197 0
112 205 29
112 220 72
112 227 60
112 232 20
112 123 23
113 133 87
113 209 62
113 145 48
113 279 85
113 281 78
113 284 99
113 287 56
113 291 3
113 165 72
113 296 97
113 190 43
113 203 25
113 204 77
113 212 38
113 217 81
113 218 70
113 231 15
113 232 96
113 233 46
113 237 82
113 241 93
113 115 97
113 126 56
114 129 97
114 132 67
114 268 24
114 147 71
114 218 58
114 290 47
114 173 62
114 178 64
114 115 50
114 119 48
114 207 43
114 219 44
114 244 6
114 117 67
114 247 19
115 143 79
115 275 15
115 154 67
115 284 25
115 285 68
115 286 25
115 133 1
115 160 49
115 289 37
115 291 35
115 294 23
115 156 90
115 181 17
115 215 34
115 226 50
115 241 70
115 248 3
115 249 4
115 251 46
115 253 26
116 129 95
116 136 90
116 139 87
116 269 69
116 154 38
116 155 67
116 165 1
116 166 78
116 299 13
116 174 20
116 182 94
116 183 24
116 192 25
116 175 74
116 197 18
116 202 64
116 209 41
116 227 3
116 245 23
116 124 72
117 256 90
117 136 97
117 139 92
117 140 55
117 269 92
117 270 38
117 148 49
117 281 89
117 154 1
117 155 60
117 287 61
117 161 35
117 298 48
117 178 73
117 213 47
117 218 39
117 240 74
117 241 13
117 122 50
117 253 66
117 255 24
118 268 54
118 146 3
118 148 54
118 153 47
118 284 34
118 157 35
118 290 84
118 299 8
118 176 59
118 193 39
118 204 40
118 207 84
118 236 60
118 123 71
119 136 39
119 142 77
119 158 4
119 163 78
119 167 71
119 173 76
119 199 3
119 211 85
119 215 86
119 221 85
119 222 4
119 224 76
119 231 62
119 232 64
119 240 93
119 254 5
120 134 71
120 136 71
120 138 19
120 142 31
120 274 92
120 279 42
120 297 73
120 215 64
120 223 5
120 244 47
120 250 43
120 252 99
121 128 58
121 256 44
121 135 18
121 266 87
121 274 44
121 275 53
121 282 99
121 154 36
121 286 59
121 289 53
121 170 36
121 179 55
121 188 15
121 195 99
121 198 32
121 204 84
121 223 98
121 224 83
121 294 91
121 231 17
121 232 39
121 246 79
121 127 6
122 289 99
122 259 22
122 134 35
122 206 34
122 219 100
122 286 98
122 255 58
123 261 86
123 135 11
123 136 91
123 273 20
123 158 93
123 165 6
123 294 78
123 167 43
123 170 52
123 175 95
123 195 33
123 196 14
123 210 78
123 215 85
123 219 43
123 225 36
123 229 88
123 145 0
123 231 89
123 237 88
123 212 76
123 250 69
124 257 51
124 134 40
124 141 89
124 271 17
124 150 70
124 154 91
124 286 19
124 288 67
124 289 95
124 164 16
124 135 33
124 202 100
124 184 89
124 223 15
124 230 5
124 231 41
125 136 59
125 137 32
125 274 73
125 159 17
125 289 26
125 295 18
125 298 54
125 171 59
125 212 30
125 229 46
125 236 54
125 237 81
126 131 92
126 261 95
126 272 35
126 156 61
126 159 92
126 295 86
126 168 6
126 219 90
126 187 42
126 196 16
126 224 70
126 247 29
126 249 63
127 129 5
127 153 68
127 294 90
127 298 91
127 299 28
127 173 10
127 206 15
127 219 56
127 229 42
127 239 89
127 249 51
128 299 63
128 154 90
128 171 18
128 172 44
128 188 6
128 189 87
128 195 67
128 201 56
128 212 29
128 227 69
128 228 24
128 274 64
128 239 6
128 245 77
129 258 17
129 230 74
129 263 88
129 204 91
129 268 62
129 184 64
129 220 25
129 159 23
130 268 62
130 148 54
130 150 84
130 283 44
130 156 84
130 158 16
130 163 100
130 155 95
130 182 10
130 192 32
130 199 69
130 225 35
130 211 66
130 250 27
131 257 70
131 134 13
131 263 49
131 136 16
131 141 12
131 152 68
131 157 28
131 166 8
131 295 86
131 169 57
131 135 84
131 184 94
131 267 49
131 217 49
131 224 91
131 229 64
131 244 45
131 253 41
132 136 44
132 153 53
132 157 72
132 287 53
132 290 19
132 172 12
132 182 14
132 195 48
132 224 56
133 135 98
133 272 2
133 156 66
133 158 9
133 170 8
133 188 31
133 194 84
133 196 91
133 291 17
133 215 93
133 295 80
133 238 57
133 241 98
134 166 24
134 204 71
134 176 66
134 151 50
134 184 84
134 190 85
134 223 51
135 262 42
135 265 1
135 287 26
135 166 100
135 295 50
135 296 38
135 171 13
135 174 69
135 190 79
135 193 61
135 183 22
135 210 31
135 214 7
135 216 36
135 240 14
135 255 99
136 146 32
136 278 4
136 284 17
136 168 24
136 171 35
136 175 53
136 183 34
136 193 5
136 225 48
136 239 21
136 221 0
137 268 49
137 145 16
137 151 42
137 155 98
137 161 21
137 290 56
137 187 91
137 199 40
137 168 49
137 213 29
137 229 14
137 233 58
137 237 31
137 296 65
138 256 88
138 195 61
138 260 84
138 262 85
138 166 53
138 202 53
138 141 83
138 178 57
138 297 7
138 188 13
138 285 68
139 266 83
139 267 75
139 147 19
139 153 82
139 155 82
139 164 90
139 169 54
139 183 18
139 200 27
139 208 98
139 209 13
139 218 100
139 222 8
139 224 0
139 232 90
139 236 21
139 297 99
139 250 67
139 251 95
140 151 20
140 281 58
140 284 61
140 285 82
140 159 71
140 292 61
140 207 40
140 209 14
140 228 63
140 243 25
140 254 41
140 255 54
141 143 68
141 154 25
141 283 1
141 285 62
141 162 96
141 293 95
141 174 65
141 187 29
141 201 33
141 204 36
141 207 41
141 186 91
141 232 28
141 235 72
142 269 52
142 145 100
142 149 46
142 154 56
142 161 40
142 166 5
142 295 50
142 297 4
142 176 50
142 183 65
142 190 36
142 202 52
142 204 20
142 217 63
142 222 43
142 273 57
142 245 26
143 265 99
143 267 7
143 281 83
143 158 88
143 287 58
143 289 41
143 164 6
143 295 0
143 188 17
143 207 11
143 222 56
143 240 48
143 248 32
143 254 60
144 291 67
144 198 28
144 201 44
144 267 62
144 235 23
144 213 46
144 217 85
144 184 62
144 153 32
144 286 38
145 258 36
145 275 19
145 265 3
145 288 86
145 189 20
145 202 11
145 205 18
145 214 2
145 241 71
145 248 61
145 250 64
146 179 24
146 262 61
146 269 74
146 270 83
146 151 16
146 288 86
146 297 48
146 173 83
146 174 13
146 208 95
146 215 79
146 223 27
146 240 25
147 261 91
147 265 54
147 272 22
147 152 53
147 282 12
147 287 36
147 168 99
147 178 18
147 199 69
147 202 32
147 208 48
147 225 84
147 234 87
148 172 70
148 157 22
148 286 35
148 163 70
148 285 63
148 176 88
148 183 58
148 188 3
148 197 47
148 208 29
148 230 66
148 236 7
148 252 91
149 156 1
149 158 62
149 296 65
149 298 29
149 173 62
149 182 50
149 192 47
149 203 71
149 207 68
149 208 39
149 215 65
149 219 3
149 224 88
149 236 16
149 249 42
149 253 49
150 262 78
150 286 16
150 264 96
150 181 86
150 182 23
150 192 29
150 195 80
150 204 96
150 221 21
150 224 85
150 233 48
150 237 48
150 240 42
150 246 35
150 247 16
151 160 84
151 162 83
151 292 19
151 168 60
151 207 12
151 177 95
151 275 42
151 212 28
151 185 34
151 283 97
151 252 96
151 165 78
152 258 70
152 260 30
152 259 12
152 155 96
152 284 20
152 163 75
152 295 36
152 297 84
152 170 84
152 299 59
152 283 88
152 189 50
152 194 56
152 213 82
152 218 4
152 222 99
152 224 36
152 226 44
152 228 48
152 232 100
153 259 55
153 261 62
153 264 8
153 277 67
153 155 31
153 284 60
153 292 92
153 294 6
153 295 65
153 169 74
153 170 86
153 181 94
153 184 98
153 272 79
153 237 25
153 255 14
154 158 61
154 159 88
154 160 21
154 173 64
154 190 20
154 211 51
154 231 25
154 251 30
155 260 13
155 167 46
155 169 27
155 173 70
155 180 1
155 286 25
155 192 66
155 207 92
155 209 51
155 213 20
155 230 2
155 235 12
155 236 4
155 237 37
156 258 19
156 270 52
156 272 81
156 274 27
156 289 66
156 167 53
156 180 4
156 192 53
156 195 81
156 206 3
156 208 58
156 236 94
156 240 81
156 253 39
157 256 13
157 264 48
157 276 59
157 260 93
157 159 44
157 289 27
157 290 33
157 295 77
157 169 18
157 174 60
157 176 42
157 180 84
157 189 66
157 193 77
157 204 99
157 207 16
157 220 72
157 234 83
157 244 35
157 252 46
158 287 29
158 161 69
158 261 76
158 168 78
158 298 75
158 173 11
158 175 97
158 201 78
158 211 83
158 217 64
158 296 30
159 257 62
159 258 77
159 263 65
159 269 70
159 272 39
159 276 55
159 280 44
159 297 33
159 173 97
159 193 12
159 212 83
159 241 5
160 266 25
160 280 66
160 285 78
160 161 89
160 290 50
160 291 99
160 293 59
160 195 30
160 162 54
160 249 94
161 263 84
161 267 97
161 277 13
161 162 86
161 170 5
161 202 17
161 204 73
161 205 14
161 208 62
161 215 66
162 171 91
162 283 77
162 163 32
162 297 87
162 299 12
162 222 28
162 187 96
162 202 70
162 228 96
162 231 40
162 289 53
162 243 20
162 244 78
162 245 18
162 255 35
163 199 67
163 204 84
163 270 58
163 254 83
163 255 98
164 285 16
164 183 7
164 218 82
164 226 44
164 238 0
164 248 79
165 278 35
165 281 93
165 244 10
165 193 70
165 199 1
165 219 40
165 232 46
165 240 7
165 243 79
165 247 73
166 277 18
166 283 70
166 168 52
166 170 17
166 192 49
166 221 82
166 231 25
166 242 81
166 246 53
166 212 55
166 254 57
167 291 29
167 173 74
167 178 30
167 185 87
167 196 40
167 201 7
167 203 49
167 207 43
167 212 30
167 213 7
167 229 16
167 230 91
167 236 12
167 243 92
167 253 70
168 261 67
168 278 10
168 188 30
168 199 28
168 206 55
168 220 16
168 229 55
168 238 26
168 239 77
168 241 85
168 247 72
168 191 8
169 256 26
169 280 49
169 287 63
169 293 80
169 171 37
169 178 47
169 206 76
169 207 100
169 210 12
169 212 17
169 235 76
169 244 100
170 258 61
170 259 51
170 260 100
170 277 43
170 177 84
170 183 79
170 210 37
170 221 51
170 225 29
170 241 53
171 174 84
171 185 53
171 187 33
171 184 57
171 222 16
171 224 7
171 230 28
171 235 82
171 247 74
171 254 46
172 264 93
172 270 60
172 281 9
172 296 89
172 297 60
172 179 92
172 180 25
172 192 53
172 194 86
172 215 92
172 227 25
173 267 73
173 269 68
173 289 60
173 292 58
173 295 83
173 179 41
173 185 77
173 197 7
173 201 41
173 233 42
173 235 11
173 240 15
173 245 76
173 246 97
174 267 8
174 295 37
174 209 76
174 291 98
174 223 80
174 232 53
175 259 12
175 260 82
175 267 94
175 282 58
175 288 31
175 179 17
175 194 25
175 203 48
175 222 42
175 235 10
175 243 25
175 244 99
175 248 32
176 259 37
176 262 100
176 290 42
176 179 91
176 193 5
176 234 5
176 245 18
176 249 68
177 273 92
177 286 73
177 289 28
177 185 10
177 205 52
177 291 52
177 232 75
177 235 7
177 238 60
177 241 60
177 247 36
177 252 31
178 258 36
178 259 99
178 260 30
178 264 98
178 270 52
178 272 17
178 287 10
178 291 83
178 296 35
178 187 53
178 188 51
178 189 77
178 192 85
178 204 27
179 259 22
179 269 84
179 295 57
179 271 2
179 273 25
179 180 92
179 278 67
179 282 23
179 182 32
180 260 40
180 278 70
180 182 17
180 187 22
180 190 94
180 215 32
180 221 38
180 230 73
180 241 81
180 244 23
180 251 100
181 192 73
181 225 25
181 227 57
181 275 100
181 247 56
181 258 89
181 288 45
181 184 55
181 219 81
181 284 76
182 268 71
182 285 12
182 287 74
182 288 24
182 290 37
182 188 18
182 193 99
182 194 26
182 197 67
182 216 74
182 221 41
182 229 84
182 239 10
182 249 55
182 255 31
183 260 23
183 264 56
183 277 56
183 280 45
183 281 3
183 290 97
183 294 20
183 185 78
183 192 33
183 208 7
183 211 72
183 228 12
183 231 52
183 252 48
183 253 40
184 280 64
184 286 21
184 202 13
184 212 51
184 216 11
184 227 97
184 237 54
184 251 34
185 270 87
185 284 59
185 290 25
185 206 7
185 224 32
185 234 71
185 247 19
186 200 65
186 202 85
186 204 37
186 245 100
186 254 21
186 215 27
186 219 46
186 188 19
186 222 17
187 284 54
187 190 81
187 196 97
187 203 85
187 206 70
187 208 50
187 228 20
187 235 100
187 247 51
188 285 52
188 289 62
188 293 82
188 195 53
188 214 18
188 271 5
188 223 59
188 238 66
188 244 55
189 290 65
189 206 11
189 213 92
189 229 76
189 237 2
189 255 10
190 284 59
190 295 84
190 224 0
190 197 76
190 226 32
191 258 65
191 268 4
191 271 27
191 289 9
191 293 42
191 294 62
191 200 75
191 201 46
191 206 89
191 213 2
191 229 62
191 230 84
191 250 99
192 256 86
192 260 97
192 271 48
192 279 47
192 280 20
192 205 50
192 240 46
192 241 9
192 247 41
193 264 64
193 268 55
193 290 22
193 297 93
193 298 76
193 218 89
193 230 35
193 247 44
194 260 73
194 285 66
194 261 83
194 288 66
194 296 16
194 212 38
194 239 5
194 242 34
194 247 16
194 255 51
195 226 29
195 232 63
195 204 95
195 281 86
195 217 86
196 258 13
196 260 32
196 198 18
196 201 56
196 270 71
196 210 44
196 276 42
196 243 65
196 278 65
196 255 14
197 208 97
197 212 14
197 276 81
197 201 78
197 203 94
197 268 29
197 205 66
197 247 74
197 252 66
197 254 8
198 272 24
198 290 13
198 294 39
198 210 0
198 244 93
198 222 78
198 250 55
198 220 33
198 286 32
199 271 11
199 283 19
199 285 99
199 286 27
199 295 68
199 206 77
199 291 94
199 223 11
199 224 32
199 296 68
199 243 41
199 254 84
200 257 86
200 265 90
200 234 72
200 241 97
200 235 25
201 263 49
201 266 93
201 272 36
201 278 86
201 281 43
201 286 42
201 294 35
201 202 53
201 206 26
201 228 47
201 245 63
201 250 27
201 251 13
202 266 44
202 271 25
202 275 70
202 276 74
202 218 51
202 223 25
202 228 64
202 273 86
202 232 95
202 253 38
202 255 5
203 258 33
203 290 57
203 294 73
203 296 16
203 297 60
203 241 35
203 205 42
203 240 50
204 263 34
204 267 95
204 238 45
204 210 95
204 213 23
204 220 89
205 263 44
205 288 17
205 294 22
205 229 61
205 238 61
205 244 77
206 269 35
206 271 82
206 288 99
206 292 55
206 224 33
206 225 88
207 262 33
207 266 67
207 275 88
207 213 0
207 223 79
207 226 53
207 231 43
207 241 63
207 242 79
207 252 75
208 264 51
208 268 79
208 210 8
208 255 87
209 268 95
209 274 22
209 277 94
209 281 78
209 290 43
209 297 48
209 225 29
209 217 89
209 218 78
209 220 6
209 231 51
209 244 34
209 249 16
209 254 18
210 270 33
210 271 45
210 272 5
210 276 19
210 280 47
210 281 2
210 284 14
210 299 96
210 214 29
210 218 66
210 251 34
210 246 62
210 250 12
210 264 23
211 263 30
211 277 89
211 287 34
211 296 35
211 227 32
211 229 43
211 242 1
211 248 23
212 286 85
212 246 54
213 277 68
213 278 26
213 282 30
213 292 46
213 224 29
213 236 54
213 245 44
213 254 10
214 259 93
214 281 87
214 290 74
214 239 91
214 241 26
215 262 100
215 267 4
215 281 94
215 286 1
215 292 39
215 218 12
215 237 71
215 245 98
216 257 45
216 258 54
216 262 45
216 297 11
216 256 8
216 236 53
216 270 46
216 285 9
216 229 11
217 289 81
217 290 80
217 224 56
217 225 15
217 234 43
217 252 8
218 281 1
218 239 3
218 253 0
219 271 44
219 273 87
219 276 78
219 279 78
219 286 80
219 298 93
219 227 18
219 239 2
220 262 100
220 268 79
220 277 80
220 290 53
220 293 48
220 297 54
220 222 8
221 272 29
221 274 10
221 293 16
221 264 64
221 296 8
222 256 82
222 261 76
222 283 89
222 267 60
222 226 72
222 271 81
222 229 16
222 253 48
223 281 68
223 284 1
223 290 48
223 291 16
223 225 51
223 230 75
223 232 46
223 252 62
223 250 87
224 264 34
224 269 44
224 272 26
224 246 62
224 252 85
225 259 62
225 267 92
225 273 26
225 227 34
225 230 29
225 235 70
225 237 65
226 269 48
226 296 68
227 266 58
227 271 95
227 279 73
227 288 21
227 291 67
227 233 15
228 238 78
228 239 40
229 290 61
229 247 57
230 278 2
230 286 64
231 275 72
231 283 54
231 284 98
231 293 58
231 299 86
231 294 68
231 235 42
231 239 69
231 240 49
231 253 89
232 264 19
232 267 89
232 281 81
232 285 6
232 241 18
232 295 38
232 248 3
233 257 96
233 268 96
233 270 82
233 293 56
233 248 1
234 256 66
234 263 57
234 268 75
234 273 37
234 276 5
234 289 65
234 292 72
234 294 63
234 285 0
234 253 98
235 256 59
235 258 51
235 276 98
235 287 42
235 288 32
235 244 14
235 255 29
236 279 76
236 295 10
236 297 88
236 237 4
236 249 76
236 251 88
237 280 0
237 290 89
237 240 56
237 245 74
237 246 57
238 258 49
238 266 31
238 261 57
238 289 23
238 290 95
238 298 32
238 244 71
238 252 100
238 253 53
239 281 9
239 290 7
239 241 82
239 242 75
239 244 20
239 245 81
239 255 62
240 262 28
240 263 87
240 266 1
240 289 21
241 276 22
241 288 71
241 293 45
241 285 46
241 247 91
241 252 46
241 255 6
242 270 31
242 275 10
242 284 63
242 298 30
242 249 46
243 277 27
243 278 85
243 285 70
244 259 19
244 281 8
244 291 8
244 245 80
244 255 29
245 270 81
245 273 31
245 275 55
245 278 41
245 286 85
245 296 32
245 297 35
245 257 60
246 261 59
246 282 70
246 283 96
246 289 54
246 252 99
247 258 45
247 263 93
247 268 88
247 291 30
247 248 63
248 259 23
248 268 53
248 255 60
248 287 41
249 280 43
249 292 71
249 298 89
249 276 58
250 282 2
250 295 51
251 264 48
251 273 9
251 275 99
251 283 67
251 289 18
251 280 2
251 253 64
252 272 0
252 283 12
252 284 0
252 255 81
253 279 90
253 280 6
253 293 67
253 255 77
254 298 23
255 256 19
255 263 83
255 266 67
255 279 11
255 271 34
255 299 38
256 259 68
256 273 80
256 274 44
256 276 70
256 280 83
257 260 92
257 261 19
258 265 58
258 286 52
258 294 98
259 264 82
259 298 40
260 263 13
260 270 5
260 274 21
260 277 28
261 279 74
261 275 31
262 272 23
262 273 77
262 279 49
262 281 74
262 289 73
262 299 91
264 289 41
265 296 32
266 270 88
266 275 84
266 276 94
266 287 59
266 295 100
266 299 83
267 279 39
267 294 59
268 289 39
269 281 83
269 282 65
269 283 64
269 291 66
269 293 51
269 298 3
270 271 21
270 272 82
270 280 29
270 282 31
270 284 39
270 274 99
271 279 65
271 293 45
271 296 12
271 281 23
272 280 34
273 280 34
273 288 17
273 294 96
274 286 42
274 296 45
274 297 13
275 279 31
276 293 48
277 290 40
278 299 12
279 285 51
279 297 96
280 299 73
280 288 34
282 288 9
282 289 67
282 293 2
283 291 33
283 292 7
283 296 69
285 291 46
285 295 27
286 293 30
287 297 34
288 291 4
288 297 9
290 295 66
290 298 15
291 292 63
291 299 58
297 298 9
