300 4000
0 133 60
0 18 33
0 19 17
0 148 62
0 280 30
0 153 18
0 162 9
0 35 2
0 295 22
0 168 80
0 47 77
0 48 42
0 180 80
0 183 0
0 217 58
0 93 78
0 222 46
0 96 91
0 99 29
0 101 66
0 103 94
0 167 8
0 296 84
0 121 73
1 259 24
1 133 51
1 6 23
1 136 38
1 137 43
1 139 83
1 148 31
1 21 71
1 286 31
1 261 28
1 163 1
1 167 68
1 168 58
1 47 45
1 62 76
1 68 30
1 75 58
1 76 100
1 205 34
1 82 24
1 35 1
1 94 52
1 210 57
1 241 30
1 247 37
2 260 49
2 140 35
2 13 18
2 144 41
2 275 64
2 148 92
2 149 5
2 287 25
2 289 20
2 36 53
2 70 56
2 295 17
2 40 10
2 59 14
2 65 94
2 198 55
2 210 50
2 83 20
2 216 47
2 98 9
2 232 32
2 108 1
3 259 66
3 263 84
3 264 99
3 280 88
3 276 72
3 152 64
3 159 10
3 288 75
3 37 53
3 44 25
3 49 51
3 184 59
3 186 55
3 189 11
3 196 25
3 72 49
3 202 32
3 210 49
3 215 28
3 96 32
3 273 93
3 20 20
4 257 37
4 132 36
4 265 3
4 270 56
4 272 29
4 22 60
4 283 61
4 286 81
4 293 61
4 298 8
4 71 72
4 176 49
4 181 53
4 189 21
4 199 57
4 204 23
4 78 34
4 215 2
4 96 18
4 97 0
4 232 84
4 116 15
4 245 92
4 118 12
4 251 33
5 224 27
5 257 23
5 27 96
5 132 21
5 197 67
5 230 98
5 39 97
5 264 8
5 236 68
5 204 16
5 210 100
5 208 78
5 18 52
5 83 88
5 118 8
5 152 76
5 25 36
5 58 88
5 91 27
5 158 86
6 129 4
6 34 46
6 35 72
6 65 79
6 39 10
6 265 30
6 202 17
6 139 91
6 162 30
6 161 76
6 154 31
6 146 81
6 116 91
6 181 61
6 150 49
6 185 77
6 122 95
6 251 58
6 93 99
6 254 9
7 131 64
7 132 18
7 263 25
7 67 91
7 276 16
7 149 93
7 152 84
7 159 4
7 291 89
7 293 22
7 295 64
7 296 0
7 43 51
7 176 68
7 185 33
7 70 40
7 194 13
7 195 36
7 198 60
7 200 98
7 213 72
7 95 21
7 241 8
7 118 36
7 127 39
8 266 3
8 279 13
8 23 60
8 24 84
8 25 48
8 283 56
8 158 72
8 159 64
8 160 38
8 37 41
8 295 10
8 179 77
8 287 12
8 67 20
8 202 83
8 212 63
8 92 43
8 228 78
8 233 64
8 167 78
8 238 79
8 240 32
8 249 2
9 128 43
9 264 61
9 18 92
9 277 66
9 153 14
9 154 95
9 29 7
9 30 7
9 163 0
9 36 97
9 37 55
9 38 5
9 41 16
9 42 82
9 171 16
9 179 63
9 198 9
9 202 4
9 100 69
9 231 61
9 107 89
9 297 77
9 249 95
9 250 62
9 251 83
9 124 80
10 256 98
10 136 51
10 266 88
10 268 65
10 20 48
10 278 18
10 279 100
10 25 56
10 26 22
10 28 88
10 285 62
10 287 50
10 34 42
10 164 92
10 297 69
10 55 71
10 186 28
10 188 19
10 68 80
10 75 51
10 205 96
10 210 0
10 86 56
10 88 88
10 223 13
10 98 43
10 100 80
10 103 49
10 239 18
10 241 32
10 115 69
11 140 39
11 142 26
11 146 2
11 152 84
11 282 10
11 158 26
11 287 44
11 181 21
11 184 34
11 58 49
11 66 15
11 72 30
11 201 55
11 74 50
11 82 28
11 219 28
11 221 41
11 97 100
11 100 70
11 236 33
11 239 90
11 246 25
11 122 30
11 126 18
12 258 42
12 136 95
12 268 97
12 269 100
12 173 23
12 24 11
12 153 13
12 289 100
12 294 3
12 241 5
12 45 39
12 46 12
12 184 37
12 185 92
12 62 67
12 193 22
12 271 86
12 214 6
12 91 15
12 221 84
12 96 78
12 166 72
12 109 77
12 113 20
12 117 77
12 246 14
13 259 50
13 22 70
13 268 25
13 150 99
13 196 88
13 26 49
13 159 3
13 34 100
13 295 24
13 169 8
13 47 8
13 287 32
13 243 71
13 55 48
13 185 60
13 31 58
13 63 16
13 68 42
13 76 33
13 81 19
13 214 28
13 87 42
13 90 82
13 103 74
13 104 88
13 106 29
13 242 97
13 115 1
13 254 94
13 255 40
14 256 43
14 97 87
14 130 80
14 163 77
14 100 67
14 38 49
14 266 81
14 21 34
14 204 15
14 141 75
14 46 25
14 189 25
14 16 10
14 221 90
14 213 1
14 86 10
14 23 17
14 284 2
14 61 65
14 30 45
14 255 59
15 257 53
15 129 89
15 266 29
15 142 73
15 144 32
15 17 45
15 275 87
15 277 59
15 281 52
15 162 56
15 291 0
15 165 22
15 38 33
15 178 62
15 51 85
15 62 12
15 69 10
15 74 65
15 77 77
15 208 13
15 85 83
15 88 69
15 92 100
15 93 73
15 223 72
15 16 80
15 232 31
15 233 44
15 115 11
15 246 70
15 120 70
15 123 83
15 124 90
16 260 93
16 138 28
16 153 23
16 281 5
16 155 68
16 33 10
16 37 80
16 174 14
16 49 73
16 54 78
16 187 0
16 193 16
16 201 43
16 79 18
16 82 94
16 212 40
16 225 89
16 100 16
16 233 50
16 106 93
16 108 47
16 112 50
16 242 16
16 248 20
16 234 73
16 253 30
17 263 86
17 275 16
17 21 43
17 283 71
17 32 0
17 290 89
17 291 68
17 169 71
17 44 75
17 176 11
17 188 20
17 200 58
17 204 58
17 207 11
17 209 83
17 217 11
17 100 70
17 101 43
17 237 5
17 241 9
17 246 85
17 125 46
18 259 96
18 140 29
18 271 48
18 272 100
18 286 58
18 152 74
18 26 11
18 155 17
18 30 47
18 287 25
18 162 82
18 35 69
18 165 23
18 38 87
18 47 59
18 48 7
18 180 85
18 53 82
18 187 28
18 65 78
18 194 18
18 196 38
18 268 34
18 207 10
18 85 72
18 96 98
18 226 34
18 107 92
18 242 54
18 124 19
18 253 76
18 254 70
19 258 17
19 260 7
19 133 77
19 269 65
19 274 85
19 22 40
19 25 16
19 153 58
19 282 27
19 283 95
19 33 81
19 27 84
19 165 72
19 298 97
19 46 98
19 51 9
19 182 73
19 60 5
19 64 100
19 195 68
19 207 12
19 215 31
19 216 54
19 229 50
19 240 34
19 244 12
19 117 8
19 253 73
20 258 53
20 131 43
20 132 95
20 179 17
20 151 21
20 271 46
20 272 35
20 273 14
20 146 69
20 148 82
20 279 54
20 281 93
20 157 60
20 159 97
20 288 93
20 37 32
20 166 24
20 47 38
20 51 25
20 67 79
20 81 45
20 224 70
20 234 42
21 132 9
21 138 57
21 267 10
21 146 81
21 149 18
21 155 64
21 292 71
21 44 38
21 175 56
21 177 2
21 180 61
21 181 68
21 182 66
21 186 93
21 190 61
21 66 27
21 203 15
21 208 28
21 210 9
21 83 9
21 88 60
21 94 66
21 109 41
21 117 12
22 257 69
22 66 34
22 231 74
22 298 62
22 144 43
22 178 59
22 51 35
22 116 11
22 53 61
22 246 34
22 279 17
22 26 86
22 283 99
22 62 85
22 31 87
23 256 93
23 135 11
23 188 79
23 25 24
23 26 27
23 284 72
23 41 50
23 264 9
23 178 36
23 59 54
23 60 1
23 70 52
23 73 80
23 79 73
23 80 74
23 209 23
23 82 55
23 216 14
23 89 11
23 94 91
23 225 83
23 231 83
23 233 7
23 107 59
23 242 63
23 122 50
24 265 22
24 139 15
24 269 20
24 156 48
24 287 34
24 290 8
24 291 72
24 40 50
24 41 67
24 172 14
24 136 99
24 57 72
24 187 6
24 63 78
24 267 27
24 140 84
24 74 19
24 75 7
24 83 99
24 169 42
24 220 73
24 225 80
24 237 17
24 247 80
25 267 57
25 280 43
25 283 73
25 156 98
25 31 41
25 34 43
25 163 17
25 293 62
25 168 40
25 48 18
25 184 9
25 189 8
25 63 76
25 65 30
25 194 21
25 197 2
25 70 80
25 199 52
25 77 37
25 208 2
25 211 94
25 218 89
25 92 81
25 97 68
25 228 99
25 102 31
25 234 20
25 112 38
25 113 95
25 83 17
25 250 51
26 256 77
26 129 46
26 259 66
26 266 31
26 268 13
26 145 11
26 147 1
26 278 15
26 152 15
26 299 68
26 282 90
26 29 14
26 36 73
26 165 79
26 167 79
26 41 82
26 43 11
26 172 95
26 53 72
26 186 31
26 195 96
26 199 100
26 213 38
26 218 73
26 221 94
26 103 37
26 106 60
26 39 30
26 109 4
26 240 81
26 243 8
26 116 28
26 124 56
26 254 100
27 128 61
27 132 28
27 261 59
27 269 39
27 143 32
27 145 3
27 280 13
27 31 11
27 36 45
27 46 83
27 57 84
27 189 73
27 191 80
27 194 80
27 208 19
27 81 26
27 227 20
27 214 62
27 219 47
27 80 31
27 99 64
27 230 100
27 231 61
27 106 62
27 235 59
27 110 62
27 123 47
27 244 41
27 118 100
27 119 41
27 251 99
28 131 27
28 134 8
28 142 29
28 272 35
28 273 32
28 274 78
28 151 81
28 280 43
28 154 37
28 156 54
28 291 56
28 292 76
28 113 54
28 297 99
28 46 68
28 186 4
28 187 60
28 138 17
28 191 13
28 77 30
28 208 20
28 88 17
28 98 11
28 103 80
28 235 78
28 108 17
28 189 11
28 241 85
28 244 84
28 120 13
28 252 63
28 253 90
28 254 31
29 132 33
29 264 94
29 137 11
29 281 47
29 158 8
29 294 88
29 296 43
29 172 91
29 173 96
29 249 78
29 69 70
29 71 65
29 76 65
29 78 52
29 210 90
29 85 91
29 215 82
29 224 67
29 99 53
29 110 99
29 245 37
29 247 76
29 121 97
30 257 64
30 129 31
30 137 15
30 266 52
30 140 2
30 144 46
30 155 7
30 159 4
30 32 90
30 163 87
30 166 71
30 54 58
30 61 52
30 190 67
30 192 97
30 73 46
30 55 64
30 76 69
30 206 93
30 86 14
30 217 14
30 94 45
30 95 25
30 230 62
30 241 76
30 243 60
30 126 68
30 268 69
30 254 24
30 127 78
31 128 26
31 34 4
31 283 27
31 188 83
31 298 12
31 271 15
31 272 98
31 276 94
31 247 36
31 218 69
31 92 32
31 266 82
32 262 73
32 141 30
32 143 35
32 147 95
32 276 7
32 150 11
32 155 8
32 182 24
32 57 31
32 68 92
32 237 10
32 185 74
32 217 86
32 219 6
32 232 5
32 233 18
32 108 67
32 109 67
32 240 6
32 115 22
32 124 36
33 288 41
33 259 47
33 293 54
33 243 33
33 168 17
33 106 50
33 77 71
33 238 77
33 136 68
33 163 39
33 145 81
33 150 34
33 183 25
33 58 63
33 219 71
33 156 1
33 125 50
33 94 95
34 133 41
34 147 61
34 278 100
34 281 4
34 284 56
34 285 79
34 158 14
34 290 51
34 163 9
34 47 96
34 58 63
34 201 38
34 203 57
34 78 24
34 269 53
34 35 31
34 90 6
34 97 31
34 99 50
35 270 41
35 144 43
35 153 90
35 158 82
35 289 51
35 39 90
35 169 85
35 43 71
35 52 42
35 73 66
35 64 69
35 199 87
35 72 6
35 201 62
35 75 10
35 79 21
35 208 68
35 211 80
35 217 39
35 90 42
35 96 89
35 226 66
35 229 66
35 102 87
35 104 80
35 105 50
35 236 93
35 146 49
35 239 18
35 116 87
35 249 32
36 129 35
36 135 43
36 136 36
36 258 76
36 274 26
36 148 38
36 277 18
36 154 15
36 286 90
36 294 18
36 296 87
36 297 90
36 177 30
36 191 80
36 64 96
36 193 9
36 195 37
36 197 56
36 198 93
36 72 48
36 73 42
36 77 48
36 205 50
36 88 54
36 219 80
36 223 50
36 225 19
36 231 6
36 105 68
36 118 74
36 276 20
36 123 63
37 257 29
37 135 65
37 272 91
37 274 23
37 279 37
37 283 84
37 155 86
37 53 45
37 184 7
37 195 61
37 196 73
37 198 14
37 76 9
37 209 25
37 82 48
37 91 87
37 224 98
37 101 74
37 103 99
37 105 9
37 108 12
37 241 13
38 128 81
38 143 31
38 284 49
38 159 45
38 292 99
38 294 14
38 270 54
38 53 7
38 57 45
38 76 70
38 213 39
38 88 6
38 89 21
38 92 17
38 221 41
38 226 77
38 229 10
38 232 51
38 233 32
38 237 77
38 112 69
38 241 18
38 119 67
38 122 23
38 255 58
38 253 53
38 127 82
39 256 23
39 130 87
39 265 48
39 138 42
39 269 71
39 277 16
39 279 1
39 293 87
39 166 100
39 170 99
39 43 21
39 93 32
39 50 13
39 54 89
39 65 25
39 196 70
39 197 59
39 71 35
39 203 57
39 85 32
39 218 52
39 221 11
39 115 31
39 247 79
40 131 43
40 260 34
40 136 71
40 270 91
40 273 98
40 279 44
40 285 26
40 290 9
40 294 55
40 171 88
40 223 86
40 54 99
40 187 3
40 192 24
40 195 25
40 74 20
40 211 97
40 88 36
40 91 37
40 92 75
40 95 98
40 83 31
40 118 23
40 119 95
41 279 53
41 144 79
41 158 35
41 288 3
41 161 34
41 172 11
41 51 16
41 53 13
41 182 94
41 187 53
41 63 7
41 192 38
41 197 90
41 73 88
41 272 45
41 249 4
41 125 45
41 126 81
41 255 50
42 264 78
42 109 9
42 155 6
42 156 67
42 285 91
42 289 35
42 290 61
42 296 12
42 43 100
42 179 9
42 58 36
42 63 86
42 67 75
42 196 31
42 198 16
42 207 86
42 88 40
42 89 15
42 91 87
42 223 25
42 96 45
42 231 56
42 106 67
42 235 50
42 237 34
42 238 28
42 243 78
42 126 12
43 128 4
43 224 13
43 278 55
43 232 47
43 297 80
43 71 27
43 72 68
43 276 94
43 181 87
43 86 70
43 218 23
43 57 20
43 255 59
43 182 93
43 221 85
43 95 3
44 269 32
44 143 88
44 259 43
44 293 32
44 298 66
44 172 2
44 53 57
44 183 27
44 190 46
44 70 22
44 73 72
44 82 13
44 89 77
44 226 55
44 227 82
44 131 32
44 229 41
44 102 20
44 103 68
44 234 49
44 108 13
44 238 34
44 240 51
44 241 43
44 247 62
44 252 68
45 258 94
45 131 32
45 134 77
45 136 7
45 142 36
45 276 21
45 281 16
45 174 20
45 48 38
45 52 11
45 185 3
45 66 60
45 67 70
45 140 29
45 205 69
45 78 67
45 86 28
45 92 78
45 94 87
45 234 74
45 236 63
45 109 4
45 238 86
45 111 47
45 243 47
45 245 5
45 120 43
45 252 35
46 139 89
46 271 44
46 153 65
46 160 91
46 289 62
46 170 4
46 49 64
46 63 29
46 97 91
46 76 34
46 204 87
46 218 27
46 96 61
46 225 76
46 226 40
46 100 36
46 233 6
46 251 34
47 259 50
47 265 88
47 271 62
47 144 69
47 277 21
47 279 14
47 157 4
47 159 30
47 292 25
47 172 53
47 49 9
47 53 19
47 56 46
47 59 92
47 189 11
47 198 13
47 199 6
47 203 18
47 82 2
47 89 77
47 90 55
47 91 100
47 102 53
47 104 61
47 276 93
47 255 36
48 128 88
48 130 61
48 273 49
48 276 58
48 158 50
48 291 2
48 295 42
48 52 99
48 191 14
48 193 94
48 69 52
48 73 33
48 202 39
48 203 17
48 207 67
48 213 24
48 219 45
48 220 11
48 231 100
48 232 9
48 105 92
48 106 63
48 126 78
48 127 96
49 129 69
49 265 100
49 140 1
49 151 8
49 155 47
49 159 22
49 164 19
49 167 18
49 191 3
49 192 26
49 71 22
49 76 68
49 209 100
49 221 41
49 81 42
49 111 34
49 114 40
49 116 21
49 249 0
50 256 82
50 133 77
50 147 15
50 277 86
50 279 10
50 154 11
50 285 37
50 158 20
50 261 78
50 289 17
50 70 87
50 166 15
50 170 68
50 52 13
50 182 37
50 191 85
50 66 39
50 198 87
50 78 86
50 89 16
50 102 86
50 236 28
50 111 80
50 114 11
50 244 57
50 118 63
50 121 84
50 127 26
51 256 61
51 132 72
51 150 10
51 142 15
51 152 0
51 185 88
51 289 28
51 294 29
51 169 44
51 298 47
51 175 72
51 178 53
51 52 79
51 53 38
51 182 42
51 55 96
51 57 19
51 61 10
51 200 96
51 207 93
51 85 26
51 215 57
51 88 50
51 101 87
51 103 57
51 107 73
51 237 71
51 240 62
51 113 34
51 114 92
52 265 54
52 271 56
52 162 54
52 297 62
52 200 28
52 184 59
52 193 16
52 72 61
52 209 10
52 211 89
52 220 30
52 93 55
52 98 69
52 101 0
52 103 58
52 234 54
52 111 2
52 113 30
52 83 89
52 120 44
53 257 41
53 131 72
53 137 44
53 269 87
53 279 85
53 289 58
53 292 55
53 174 46
53 177 68
53 184 94
53 195 90
53 209 96
53 83 46
53 85 38
53 89 74
53 94 69
53 105 66
53 111 13
53 113 17
53 247 66
53 124 68
53 254 17
54 256 44
54 129 12
54 258 85
54 260 6
54 268 50
54 271 77
54 275 98
54 281 68
54 157 28
54 176 40
54 177 66
54 192 67
54 203 54
54 209 18
54 211 37
54 213 68
54 220 41
54 225 96
54 253 24
54 241 69
54 246 49
54 123 17
54 252 3
54 125 51
55 262 80
55 265 71
55 268 36
55 143 18
55 146 100
55 280 10
55 282 99
55 155 27
55 160 46
55 162 43
55 294 13
55 168 27
55 182 93
55 58 45
55 59 90
55 266 51
55 63 3
55 199 99
55 140 26
55 74 87
55 76 1
55 78 88
55 209 2
55 82 56
55 214 44
55 219 81
55 221 54
55 97 92
55 101 12
55 233 58
55 235 44
55 116 26
55 191 31
55 255 99
56 128 68
56 97 57
56 226 74
56 267 15
56 69 48
56 102 65
56 162 92
56 200 76
56 252 56
56 171 50
56 146 64
56 124 0
56 178 17
56 179 48
56 278 79
56 265 85
56 71 82
56 123 66
56 156 80
56 214 63
57 133 12
57 264 63
57 140 61
57 152 65
57 147 48
57 293 64
57 295 1
57 168 15
57 195 86
57 203 19
57 78 45
57 87 48
57 98 31
57 237 40
57 111 61
57 252 58
58 256 84
58 258 56
58 267 2
58 269 18
58 145 19
58 195 61
58 153 84
58 282 94
58 163 33
58 184 68
58 65 88
58 196 74
58 204 52
58 92 8
58 97 38
58 233 47
58 249 65
59 262 28
59 137 3
59 267 19
59 269 32
59 281 77
59 287 22
59 296 68
59 181 84
59 65 3
59 195 30
59 73 94
59 203 35
59 210 29
59 214 16
59 91 78
59 92 25
59 97 23
59 227 33
59 100 27
59 229 1
59 115 95
59 117 41
59 250 100
59 124 80
59 126 95
60 131 39
60 260 66
60 162 20
60 297 9
60 298 31
60 175 12
60 190 16
60 65 62
60 198 20
60 73 22
60 203 80
60 208 4
60 81 78
60 84 2
60 88 16
60 93 88
60 224 82
60 98 61
60 227 92
60 228 62
60 235 43
60 115 48
60 244 50
61 130 30
61 171 83
61 199 67
61 104 7
61 233 14
61 138 50
61 107 27
61 98 63
61 143 2
61 168 19
61 274 15
61 110 91
61 182 35
61 282 12
61 123 23
61 127 85
62 160 5
62 132 14
62 128 50
62 268 67
62 205 100
62 270 44
62 112 45
62 145 35
62 228 89
62 283 73
62 220 78
63 268 15
63 154 16
63 162 6
63 293 84
63 180 8
63 185 65
63 198 69
63 77 72
63 85 84
63 86 47
63 218 94
63 92 6
63 232 72
63 236 26
63 115 0
63 245 17
63 122 97
63 255 10
64 256 17
64 259 28
64 273 99
64 148 82
64 282 1
64 157 70
64 298 22
64 299 49
64 180 81
64 186 41
64 193 29
64 72 84
64 201 48
64 202 66
64 95 38
64 100 14
64 106 77
64 112 40
64 113 29
64 242 13
64 116 32
64 117 99
64 123 36
65 129 95
65 259 62
65 261 81
65 264 99
65 278 42
65 156 49
65 157 6
65 291 63
65 171 89
65 176 34
65 192 43
65 71 65
65 207 64
65 80 51
65 211 24
65 86 82
65 219 22
65 93 16
65 228 82
65 229 67
65 124 84
65 236 57
65 114 7
65 123 28
65 252 2
66 265 63
66 284 84
66 158 95
66 162 2
66 165 54
66 183 43
66 185 72
66 192 28
66 201 79
66 213 71
66 100 27
66 107 71
66 240 28
66 242 73
66 244 64
66 253 24
66 127 24
67 259 83
67 214 24
67 263 91
67 146 32
67 275 48
67 278 10
67 154 40
67 155 23
67 284 93
67 289 52
67 164 60
67 298 67
67 174 39
67 182 33
67 196 66
67 72 52
67 203 64
67 204 81
67 78 47
67 79 89
67 206 48
67 86 32
67 94 59
67 245 14
67 276 57
67 250 31
68 261 93
68 271 77
68 276 30
68 286 51
68 287 71
68 288 96
68 177 1
68 187 91
68 190 34
68 73 39
68 86 22
68 87 25
68 90 83
68 222 64
68 102 6
68 234 62
68 236 84
68 111 26
68 240 23
68 122 30
68 123 34
68 127 67
69 288 81
69 208 36
69 195 3
69 197 40
69 253 100
69 233 61
69 267 61
69 112 82
69 240 5
69 146 71
69 275 11
69 86 1
69 87 26
69 153 25
69 283 51
69 94 86
69 255 53
70 133 69
70 172 19
70 146 86
70 147 54
70 148 10
70 166 96
70 295 62
70 178 18
70 72 39
70 201 69
70 76 93
70 208 32
70 216 71
70 225 12
70 227 13
70 167 88
70 236 82
70 239 91
70 242 57
70 123 43
70 253 71
71 261 57
71 136 55
71 266 22
71 143 90
71 273 71
71 284 25
71 184 35
71 185 13
71 195 2
71 206 81
71 211 69
71 213 84
71 89 15
71 90 6
71 91 3
71 94 76
71 101 95
71 105 0
71 238 87
71 112 68
71 114 13
71 115 20
71 250 37
71 253 62
72 150 14
72 278 58
72 151 44
72 281 17
72 282 18
72 284 76
72 286 25
72 164 25
72 295 34
72 193 69
72 73 43
72 202 91
72 247 10
72 78 84
72 80 88
72 84 77
72 87 36
72 221 73
72 226 67
72 231 97
72 107 38
72 244 50
72 119 74
72 120 72
72 123 2
73 268 54
73 149 86
73 154 99
73 155 1
73 166 62
73 253 87
73 184 99
73 77 76
73 208 90
73 213 33
73 218 20
73 222 38
73 80 9
73 239 73
73 113 18
73 244 70
73 117 40
73 247 98
73 122 53
73 125 35
74 275 87
74 149 54
74 282 93
74 283 67
74 156 79
74 158 40
74 287 56
74 176 71
74 188 53
74 194 52
74 78 99
74 215 67
74 221 79
74 98 26
74 232 34
74 111 83
74 243 21
74 120 100
75 129 3
75 270 69
75 158 56
75 164 69
75 295 76
75 169 80
75 135 18
75 188 2
75 197 33
75 199 97
75 206 69
75 83 99
75 85 42
75 219 25
75 93 43
75 227 45
75 235 38
75 111 21
75 117 27
75 252 4
76 130 72
76 137 82
76 138 46
76 139 44
76 140 27
76 271 39
76 145 81
76 274 26
76 155 39
76 156 51
76 161 20
76 285 97
76 179 53
76 268 49
76 91 100
76 92 57
76 97 83
76 98 21
76 166 100
76 102 100
76 248 33
77 132 14
77 260 15
77 145 84
77 277 32
77 281 47
77 286 91
77 160 98
77 161 45
77 294 70
77 158 31
77 192 80
77 289 44
77 213 44
77 143 12
77 92 77
77 221 83
77 96 19
77 99 10
77 101 20
77 111 26
77 122 25
77 125 13
78 131 6
78 261 61
78 138 77
78 215 93
78 268 28
78 270 85
78 273 48
78 147 59
78 279 84
78 166 0
78 298 30
78 172 34
78 157 7
78 193 63
78 207 55
78 185 11
78 91 82
78 98 86
78 102 63
78 234 13
78 117 55
78 118 25
78 247 18
79 138 95
79 141 29
79 273 40
79 151 90
79 282 72
79 154 80
79 289 41
79 174 34
79 177 85
79 179 59
79 199 89
79 212 15
79 88 76
79 218 24
79 227 81
79 233 34
79 106 41
79 239 61
79 112 15
79 244 34
79 245 77
80 123 84
80 187 32
80 147 38
80 165 99
80 195 87
80 106 6
80 119 71
80 143 19
80 209 67
80 82 21
80 99 83
80 120 56
80 154 60
80 253 48
81 258 24
81 134 31
81 263 53
81 139 7
81 273 5
81 274 21
81 156 77
81 285 70
81 160 86
81 289 51
81 169 38
81 174 13
81 201 80
81 83 37
81 86 36
81 217 21
81 93 36
81 145 88
81 111 1
81 112 66
81 241 62
81 276 59
81 122 74
82 256 84
82 260 51
82 262 55
82 270 94
82 109 54
82 287 5
82 163 57
82 169 56
82 190 89
82 207 21
82 85 0
82 216 79
82 89 13
82 101 89
82 104 9
82 108 9
82 237 37
82 245 65
82 121 68
82 252 18
83 132 15
83 134 31
83 137 19
83 138 45
83 141 37
83 274 54
83 276 34
83 153 96
83 286 5
83 289 51
83 262 44
83 170 49
83 299 35
83 197 77
83 198 93
83 208 83
83 209 49
83 214 28
83 93 17
83 223 66
83 251 18
83 102 72
83 103 46
83 113 18
83 117 92
83 123 66
83 125 39
84 256 29
84 259 62
84 165 84
84 106 42
84 143 52
84 269 70
84 271 42
84 99 15
84 266 64
84 114 11
84 163 100
84 151 96
84 89 26
84 122 76
84 91 39
84 221 24
84 94 52
85 128 11
85 86 47
85 268 41
85 153 72
85 160 25
85 162 24
85 292 90
85 293 90
85 168 55
85 173 85
85 197 94
85 199 49
85 214 32
85 219 1
85 224 100
85 232 55
85 234 59
85 112 8
86 130 26
86 136 30
86 275 55
86 150 89
86 153 47
86 155 30
86 176 49
86 286 28
86 210 4
86 91 93
86 96 27
86 106 57
86 120 49
86 254 46
87 192 85
87 225 58
87 297 50
87 107 90
87 237 73
87 205 1
87 275 34
87 117 77
87 169 51
87 184 76
87 228 82
87 283 62
87 253 64
88 277 68
88 262 31
88 149 34
88 153 65
88 158 40
88 288 2
88 171 54
88 138 91
88 266 93
88 214 17
88 92 71
88 93 5
88 166 6
88 230 61
88 188 68
88 239 21
89 259 97
89 132 72
89 151 46
89 146 90
89 147 76
89 278 27
89 280 31
89 281 24
89 154 4
89 164 35
89 175 90
89 198 35
89 200 16
89 204 40
89 211 54
89 109 96
89 119 36
89 120 33
89 125 4
90 132 71
90 266 10
90 267 44
90 140 51
90 275 56
90 280 3
90 175 86
90 285 82
90 166 45
90 291 98
90 174 71
90 179 96
90 163 88
90 220 50
90 222 17
90 95 10
90 233 8
90 239 74
90 147 76
90 246 55
90 119 79
90 251 14
91 258 33
91 134 59
91 137 70
91 266 12
91 145 59
91 275 86
91 150 27
91 285 13
91 293 44
91 294 90
91 192 55
91 198 83
91 210 48
91 211 75
91 213 62
91 216 2
91 219 99
91 101 100
91 273 68
91 108 42
91 112 4
91 113 44
91 247 18
91 254 81
92 256 51
92 259 72
92 262 14
92 268 17
92 145 100
92 153 92
92 160 20
92 289 15
92 164 73
92 298 0
92 174 29
92 192 28
92 202 48
92 207 45
92 214 69
92 292 79
92 166 68
92 102 55
92 232 65
92 235 50
92 113 10
92 116 6
92 251 46
92 126 91
93 141 5
93 278 26
93 282 46
93 166 79
93 168 12
93 190 19
93 201 85
93 206 91
93 212 35
93 217 61
93 95 21
93 224 80
93 106 15
93 255 71
93 126 0
93 127 22
94 139 24
94 270 69
94 273 6
94 156 29
94 159 90
94 298 59
94 178 9
94 182 46
94 215 33
94 227 71
94 232 76
94 107 59
94 109 57
94 241 22
94 127 28
95 142 5
95 282 57
95 156 56
95 285 41
95 166 31
95 170 53
95 299 72
95 179 45
95 181 2
95 96 9
95 195 65
95 196 64
95 199 56
95 202 7
95 210 9
95 216 50
95 220 29
95 224 100
95 103 96
95 168 47
95 243 26
95 245 48
95 252 23
96 130 85
96 136 68
96 269 6
96 143 84
96 148 60
96 281 14
96 154 21
96 167 88
96 264 86
96 182 6
96 188 42
96 193 42
96 194 88
96 196 93
96 199 35
96 208 2
96 163 59
96 212 59
96 216 68
96 97 86
96 108 13
96 238 3
96 118 88
97 257 25
97 135 85
97 138 81
97 272 33
97 278 82
97 282 85
97 164 96
97 293 3
97 191 30
97 202 21
97 209 56
97 292 22
97 103 79
97 105 21
97 116 49
97 119 16
97 249 45
97 127 63
97 124 78
97 125 80
97 255 60
98 263 22
98 272 34
98 151 88
98 159 98
98 163 95
98 294 1
98 295 94
98 173 85
98 183 99
98 191 86
98 200 73
98 185 9
98 227 65
98 238 5
98 114 63
98 124 93
99 259 1
99 138 86
99 268 41
99 271 17
99 148 97
99 291 82
99 293 33
99 180 99
99 194 67
99 196 78
99 200 51
99 205 68
99 209 20
99 210 74
99 215 14
99 226 34
99 102 51
99 237 75
99 112 20
99 248 26
99 121 8
99 250 56
100 131 57
100 135 3
100 144 73
100 279 0
100 152 33
100 284 8
100 171 47
100 173 22
100 193 29
100 208 76
100 213 73
100 224 24
100 103 6
100 104 70
100 108 100
100 245 45
100 123 66
101 137 61
101 274 68
101 148 91
101 289 62
101 162 24
101 299 55
101 177 43
101 181 28
101 188 4
101 189 21
101 197 80
101 218 42
101 225 52
101 244 31
101 121 95
101 250 34
101 127 99
102 151 6
102 157 28
102 287 99
102 164 53
102 294 12
102 175 77
102 186 73
102 192 48
102 215 46
102 232 79
102 110 62
102 104 11
102 116 73
102 249 68
103 130 95
103 268 31
103 144 76
103 148 60
103 277 14
103 157 96
103 296 21
103 297 82
103 173 24
103 266 72
103 205 76
103 215 79
103 217 1
103 219 70
103 236 46
103 125 6
103 119 30
103 250 5
103 253 92
104 256 99
104 262 97
104 264 79
104 265 32
104 141 23
104 270 43
104 283 74
104 160 64
104 289 11
104 166 80
104 297 66
104 174 73
104 177 51
104 179 25
104 198 78
104 202 21
104 216 89
104 294 2
104 110 75
104 116 69
104 122 88
105 256 60
105 266 27
105 140 78
105 143 75
105 272 15
105 146 64
105 275 66
105 280 85
105 159 89
105 161 60
105 293 70
105 196 63
105 205 92
105 207 61
105 210 60
105 211 93
105 212 98
105 247 85
106 135 23
106 138 9
106 140 33
106 147 60
106 277 76
106 280 81
106 287 25
106 292 4
106 129 7
106 172 96
106 174 20
106 175 0
106 176 40
106 188 94
106 192 8
106 257 57
106 144 27
106 229 16
106 232 50
106 233 44
106 108 20
106 111 22
106 250 43
106 123 32
107 149 41
107 136 26
107 269 44
107 271 22
107 274 74
107 277 36
107 152 10
107 153 69
107 155 19
107 158 54
107 160 96
107 161 35
107 290 16
107 292 79
107 169 10
107 174 48
107 180 34
107 185 96
107 201 9
107 221 80
107 231 56
107 232 51
107 234 77
107 119 0
107 125 72
107 255 60
108 257 42
108 263 48
108 137 73
108 141 14
108 271 26
108 153 8
108 158 61
108 160 5
108 200 88
108 204 71
108 228 64
108 226 71
108 239 7
108 112 20
108 245 38
108 250 45
108 255 90
108 127 77
109 256 33
109 129 82
109 130 35
109 131 0
109 267 4
109 281 6
109 287 50
109 291 53
109 292 59
109 293 72
109 174 70
109 179 57
109 184 78
109 198 3
109 202 21
109 203 12
109 211 81
109 230 92
109 232 46
109 235 55
109 249 81
110 258 50
110 261 1
110 144 92
110 148 81
110 281 71
110 159 60
110 290 56
110 155 77
110 164 6
110 293 21
110 295 39
110 173 51
110 285 81
110 194 23
110 197 3
110 198 25
110 214 35
110 237 32
110 276 7
110 255 66
111 138 72
111 269 40
111 274 70
111 278 81
111 152 15
111 157 60
111 165 90
111 170 64
111 180 76
111 204 47
111 205 96
111 208 52
111 222 72
111 230 2
112 134 46
112 288 10
112 162 34
112 291 18
112 298 72
112 199 27
112 208 5
112 223 77
112 243 76
112 118 94
112 254 16
113 143 52
113 274 34
113 149 43
113 153 30
113 286 49
113 170 66
113 173 56
113 156 0
113 220 26
113 234 48
113 237 42
113 255 51
114 256 26
114 130 71
114 139 87
114 274 90
114 147 60
114 151 52
114 281 49
114 154 71
114 284 99
114 287 99
114 177 89
114 180 58
114 193 88
114 246 74
114 200 73
114 205 43
114 219 7
114 225 85
114 226 18
114 118 10
114 121 70
114 123 76
115 256 14
115 261 26
115 262 82
115 142 22
115 274 57
115 148 68
115 161 59
115 298 65
115 171 96
115 138 75
115 203 18
115 269 58
115 226 78
115 234 7
115 239 8
115 242 83
115 244 57
115 122 3
115 255 4
116 265 19
116 183 73
116 175 85
116 251 84
116 190 27
116 168 80
116 125 63
116 254 23
117 265 45
117 151 2
117 152 96
117 167 63
117 170 63
117 175 41
117 184 46
117 197 87
117 198 48
117 202 74
117 210 11
117 236 35
117 247 85
117 251 30
118 133 26
118 137 58
118 146 63
118 278 62
118 279 84
118 260 75
118 160 93
118 291 13
118 169 29
118 173 99
118 178 67
118 186 77
118 196 81
118 199 90
118 121 41
118 223 2
118 228 29
118 229 18
118 235 26
118 237 73
118 249 70
118 251 81
119 258 71
119 279 60
119 157 52
119 169 40
119 299 5
119 179 72
119 196 58
119 209 69
119 214 80
119 217 34
119 233 82
119 239 81
119 243 55
119 244 79
119 246 41
119 121 84
120 259 42
120 134 38
120 269 87
120 276 79
120 158 49
120 163 49
120 175 9
120 190 17
120 208 77
120 209 15
120 223 85
120 233 25
120 241 96
120 125 32
121 260 7
121 150 67
121 280 20
121 132 23
121 159 78
121 167 48
121 296 95
121 297 28
121 192 81
121 193 60
121 196 36
121 209 49
121 213 19
121 248 71
121 125 61
122 129 24
122 134 70
122 273 96
122 196 24
122 285 58
122 292 13
122 294 48
122 173 49
122 191 70
122 193 94
122 195 10
122 198 17
122 204 43
122 209 47
122 210 9
122 234 59
123 133 32
123 145 49
123 274 3
123 147 51
123 281 0
123 158 60
123 289 66
123 167 19
123 170 93
123 209 79
123 208 32
123 241 100
124 139 25
124 283 70
124 282 14
124 296 44
124 297 53
124 157 92
124 177 61
124 183 43
124 185 100
124 199 5
124 210 3
124 226 28
124 127 22
125 268 80
125 165 51
125 171 35
125 177 29
125 179 40
125 140 78
125 189 74
125 242 60
125 254 23
125 255 36
126 299 51
126 268 28
126 272 30
126 161 21
126 171 53
126 175 40
126 177 47
126 180 91
126 192 98
126 199 74
126 200 74
126 202 26
126 211 52
126 224 14
126 187 51
126 250 24
126 252 88
127 129 96
127 266 13
127 140 22
127 281 51
127 163 50
127 168 54
127 221 44
127 187 76
127 201 5
127 204 35
127 291 86
127 226 0
128 213 74
128 251 39
128 165 95
128 295 18
128 138 80
128 194 9
128 272 69
128 211 61
128 180 55
128 157 73
128 190 3
129 133 52
129 140 93
129 149 42
129 152 21
129 282 100
129 158 81
129 182 24
129 198 28
129 228 84
129 229 0
129 252 74
130 260 54
130 266 47
130 274 62
130 149 20
130 282 96
130 158 30
130 288 35
130 175 83
130 184 3
130 203 4
130 205 13
130 212 75
130 222 30
130 223 15
130 189 75
130 255 1
131 269 10
131 150 99
131 153 29
131 158 85
131 163 1
131 294 5
131 175 39
131 189 16
131 225 76
131 241 76
131 242 52
131 246 62
132 256 2
132 259 66
132 266 60
132 143 27
132 179 97
132 147 31
132 217 70
132 282 16
132 160 85
132 291 52
132 292 54
132 298 77
132 182 35
132 207 79
132 213 86
132 214 5
132 230 61
132 241 17
132 246 44
132 254 42
133 256 84
133 259 15
133 134 73
133 145 28
133 148 22
133 152 0
133 154 96
133 169 79
133 176 1
133 180 97
133 235 37
133 237 20
133 147 35
133 248 28
134 135 8
134 142 49
134 275 31
134 161 60
134 291 5
134 293 39
134 296 40
134 172 67
134 178 65
134 189 29
134 208 74
134 213 34
134 214 59
134 248 67
134 254 47
135 235 8
135 199 23
135 296 46
135 240 65
135 174 61
135 144 4
135 211 68
135 181 28
135 182 55
135 282 48
135 157 32
135 287 33
136 272 28
136 151 86
136 282 72
136 283 50
136 285 24
136 185 59
136 197 10
136 210 42
136 211 70
136 213 12
136 231 41
136 252 86
136 255 7
137 261 74
137 271 47
137 272 61
137 285 85
137 291 87
137 168 17
137 171 14
137 174 80
137 185 24
137 205 84
137 207 87
137 212 75
137 226 82
137 235 28
137 242 91
137 244 24
137 255 57
138 273 34
138 239 23
138 161 65
138 189 8
138 225 13
138 207 60
138 213 99
138 216 49
138 221 51
138 242 75
138 243 90
139 267 2
139 174 4
139 278 89
139 153 66
139 157 3
139 158 63
139 288 31
139 164 30
139 295 33
139 298 12
139 191 62
139 204 3
139 221 88
139 231 98
139 232 54
139 250 90
140 256 51
140 263 91
140 280 48
140 275 44
140 277 7
140 154 40
140 283 33
140 172 28
140 187 56
140 207 7
140 228 69
140 232 46
140 242 47
140 244 6
140 248 46
141 257 32
141 262 37
141 264 65
141 144 96
141 147 38
141 148 1
141 152 81
141 281 75
141 167 39
141 169 35
141 170 46
141 173 49
141 194 60
141 200 78
141 204 6
141 272 40
141 247 70
141 252 96
142 161 46
142 162 91
142 293 0
142 289 75
142 202 44
142 210 65
142 244 98
142 246 62
142 235 63
142 220 56
142 234 70
143 144 50
143 287 24
143 293 89
143 168 44
143 173 29
143 199 20
143 236 13
143 239 50
143 248 61
144 150 81
144 267 71
144 160 9
144 294 87
144 297 67
144 286 42
144 194 94
144 199 3
144 242 18
144 253 27
144 255 64
145 262 57
145 265 81
145 271 55
145 148 89
145 283 65
145 287 96
145 172 25
145 180 49
145 161 27
145 205 98
145 217 18
145 218 73
145 224 50
145 251 23
145 253 27
145 254 89
146 256 64
146 264 14
146 277 29
146 150 94
146 154 20
146 173 82
146 194 15
146 255 1
146 251 36
146 254 84
146 149 73
147 258 50
147 217 45
147 282 53
147 155 57
147 176 22
147 212 74
147 185 3
147 225 68
147 226 82
147 232 50
147 245 22
148 274 67
148 151 35
148 281 12
148 284 51
148 261 59
148 160 41
148 161 27
148 177 24
148 186 64
148 200 14
148 211 82
148 220 56
148 227 28
148 235 79
148 241 1
148 251 94
149 261 86
149 266 66
149 276 91
149 152 93
149 160 33
149 292 9
149 168 76
149 299 71
149 187 87
149 208 40
149 234 62
149 240 77
149 245 39
149 253 53
149 277 69
150 152 94
150 285 4
150 288 57
150 292 29
150 294 83
150 296 55
150 169 18
150 182 17
150 188 11
150 196 42
150 204 81
150 215 38
150 239 61
151 259 49
151 279 28
151 287 5
151 160 82
151 177 50
151 176 54
151 183 68
151 210 86
151 219 22
151 238 12
151 240 35
151 248 80
152 159 0
152 288 35
152 291 99
152 175 40
152 176 88
152 200 89
152 206 57
152 217 57
152 227 72
152 246 87
153 263 21
153 266 96
153 270 29
153 271 99
153 282 45
153 290 35
153 167 1
153 170 34
153 173 97
153 190 24
153 216 16
153 224 49
153 230 74
153 233 40
153 237 42
153 244 59
153 248 8
154 264 2
154 275 94
154 284 87
154 292 82
154 293 23
154 183 78
154 198 48
154 215 48
154 221 72
154 228 34
154 251 47
155 261 52
155 270 63
155 279 36
155 281 26
155 159 67
155 169 9
155 180 84
155 186 77
155 206 56
155 224 31
155 230 54
155 237 67
155 253 51
156 259 73
156 280 3
156 177 14
156 178 39
156 223 82
156 203 39
156 204 62
156 241 0
156 248 68
156 251 70
156 252 1
157 269 7
157 290 75
157 168 87
157 297 61
157 173 35
157 181 82
157 183 51
157 203 59
157 237 22
157 238 86
157 253 16
158 164 18
158 297 75
158 177 17
158 187 10
158 193 84
158 203 43
158 204 50
158 213 88
158 233 64
158 237 97
158 239 51
158 248 53
158 254 82
159 270 3
159 277 64
159 288 76
159 165 10
159 172 66
159 176 20
159 186 18
159 190 35
159 253 97
160 270 74
160 277 47
160 280 39
160 289 26
160 178 46
160 179 37
160 188 99
160 198 82
160 201 30
160 205 3
160 210 46
160 221 47
160 209 54
160 240 65
160 241 46
161 268 4
161 271 28
161 164 78
161 188 77
161 266 99
161 190 27
161 197 79
161 216 52
161 230 84
161 254 94
162 260 49
162 263 76
162 268 72
162 165 77
162 173 1
162 190 82
162 194 35
162 214 35
162 225 99
162 238 4
162 249 52
163 264 49
163 259 68
163 276 96
163 289 18
163 292 59
163 294 36
163 214 43
163 217 59
163 227 29
163 246 56
164 259 66
164 288 34
164 292 46
164 298 5
164 172 68
164 174 69
164 178 47
164 208 5
164 214 43
164 233 53
164 242 44
164 253 17
165 229 66
165 201 37
165 172 18
165 284 12
165 244 15
165 188 12
165 191 37
166 259 87
166 267 30
166 272 55
166 273 90
166 281 88
166 168 93
166 177 88
166 184 1
166 200 53
166 204 49
166 209 98
166 268 3
166 253 84
167 258 2
167 260 81
167 280 91
167 282 37
167 290 31
167 299 84
167 180 9
167 182 71
167 185 81
167 189 72
167 194 91
167 199 26
167 203 90
167 218 52
167 228 94
167 247 99
167 248 46
167 249 45
167 250 22
168 259 77
168 268 64
168 256 87
168 293 29
168 191 77
168 208 86
168 211 44
168 226 39
168 229 86
168 232 18
168 189 63
168 254 18
169 256 20
169 282 23
169 292 95
169 295 79
169 176 4
169 184 59
169 187 80
169 206 64
169 214 80
169 217 81
169 219 44
169 224 49
169 226 75
169 210 88
169 253 11
170 257 40
170 263 34
170 266 37
170 283 25
170 289 97
170 190 55
170 196 8
170 214 53
170 226 42
170 227 14
170 244 86
170 248 24
171 192 20
171 276 45
171 248 78
172 258 31
172 259 82
172 175 60
172 179 73
172 191 85
172 195 75
172 218 69
172 223 13
172 239 18
172 246 62
172 252 97
173 262 76
173 266 86
173 280 9
173 231 2
173 241 52
173 183 74
173 195 46
173 209 38
173 235 8
173 251 39
174 235 64
174 267 6
174 293 38
174 294 29
174 178 31
174 182 30
174 201 12
174 210 80
174 215 68
174 219 86
174 224 81
174 229 58
174 231 94
174 234 80
174 236 42
174 253 37
174 250 8
175 291 57
175 244 65
175 205 23
175 211 60
175 185 79
175 221 43
175 230 60
175 240 29
175 247 97
175 254 75
176 265 59
176 276 57
176 289 91
176 297 21
176 195 56
176 216 31
176 220 61
176 221 0
176 231 8
176 242 67
176 243 87
176 247 90
176 248 80
176 250 8
177 257 44
177 269 71
177 275 49
177 287 22
177 291 29
177 298 66
177 186 37
177 192 12
177 203 51
177 205 98
177 227 25
177 234 26
177 235 29
177 255 44
178 278 32
178 296 63
178 233 87
178 182 67
178 286 65
178 181 16
179 259 63
179 237 23
179 278 64
179 286 85
179 186 46
179 196 94
179 206 4
179 227 38
179 240 52
179 251 75
180 262 94
180 256 35
180 290 60
180 198 26
180 210 92
180 220 0
180 223 78
180 224 78
180 228 66
180 234 45
181 224 19
181 289 96
181 265 8
181 241 2
181 185 34
181 199 26
181 255 19
182 239 71
182 285 34
182 295 50
182 188 7
182 190 41
182 213 46
182 221 92
182 230 47
182 233 54
182 189 13
182 253 4
182 254 47
183 294 99
183 296 25
183 226 22
183 258 47
183 238 61
183 240 19
183 210 83
183 248 7
183 249 83
183 190 46
184 263 38
184 264 27
184 272 74
184 278 46
184 287 97
184 188 62
184 197 58
184 204 91
184 220 87
184 226 4
184 230 60
184 231 67
184 235 32
184 240 87
184 241 24
184 242 32
184 297 47
185 266 80
185 283 6
185 291 82
185 296 59
185 210 12
185 240 52
186 260 93
186 261 26
186 262 29
186 296 22
186 188 80
186 191 18
186 205 100
186 212 58
186 228 48
186 244 56
186 276 18
186 253 1
187 261 84
187 286 31
187 193 30
187 211 66
187 217 30
187 239 74
187 249 35
187 255 17
188 269 24
188 278 91
188 294 81
188 298 63
188 202 84
188 206 21
188 217 1
188 218 44
188 220 52
188 240 86
188 245 96
188 248 29
189 266 12
189 270 69
189 271 81
189 291 56
189 262 40
189 192 37
189 217 32
189 239 81
189 242 19
190 262 25
190 277 100
190 285 98
190 297 7
190 209 6
190 213 81
190 227 40
190 236 76
190 244 75
190 247 18
191 258 44
191 260 3
191 263 0
191 264 73
191 265 93
191 270 47
191 285 81
191 283 94
191 294 29
191 194 64
191 200 29
191 210 12
191 231 40
191 235 47
192 259 61
192 282 13
192 291 80
192 198 65
192 218 19
192 221 78
192 228 78
192 248 46
192 253 80
193 262 31
193 273 92
193 277 89
193 205 60
193 230 58
193 235 96
193 242 49
193 243 19
193 251 56
193 253 9
194 267 12
194 273 25
194 291 65
194 296 36
194 203 47
194 207 53
194 213 77
194 227 35
194 229 100
194 231 54
194 236 87
194 240 36
194 249 9
195 200 87
195 201 99
195 210 2
195 220 1
195 250 9
195 227 30
195 238 37
196 262 74
196 268 60
196 297 42
196 202 91
196 216 52
196 219 41
196 221 74
196 293 82
196 224 73
196 225 71
196 228 41
196 238 39
196 244 92
197 267 62
197 285 51
197 298 81
197 199 74
197 212 86
197 216 71
197 230 44
197 250 100
198 266 23
198 284 67
198 204 28
198 206 76
198 214 89
198 221 19
198 234 35
198 240 88
199 258 97
199 264 61
199 280 80
199 285 34
199 263 64
199 207 74
199 232 63
199 248 47
200 273 14
200 293 40
200 269 65
200 214 42
200 235 8
200 250 46
201 256 66
201 259 0
201 265 89
201 205 93
201 221 92
201 209 2
201 251 78
202 273 11
202 280 70
202 295 3
202 225 100
202 239 38
203 266 49
203 267 85
203 282 25
203 283 99
203 292 10
203 204 49
203 206 76
203 210 76
203 214 57
203 220 45
203 232 56
203 241 5
203 243 84
203 249 64
204 279 49
204 221 87
204 227 83
204 233 55
204 248 70
204 252 89
205 206 38
205 223 6
205 240 13
205 241 12
205 249 82
206 229 24
206 231 1
206 266 6
206 280 60
206 247 29
206 217 89
207 257 42
207 261 98
207 279 69
207 286 91
207 288 88
207 290 9
207 291 63
207 212 26
207 223 15
207 239 87
207 242 53
208 268 6
208 285 33
208 288 64
208 213 15
208 221 93
208 243 14
209 212 54
209 220 2
209 232 52
209 233 98
209 252 43
210 278 74
210 281 97
210 289 87
210 264 42
210 240 76
210 244 22
210 254 45
211 277 0
211 293 8
211 298 86
211 229 24
211 233 25
211 242 18
211 276 1
211 255 92
212 294 33
212 299 61
212 268 16
212 290 61
212 216 57
212 284 12
213 290 86
213 292 81
213 298 76
213 217 84
213 224 43
213 225 94
213 235 84
213 242 26
214 281 75
214 293 52
214 223 36
214 231 52
214 249 64
214 255 81
215 278 58
215 270 98
215 274 56
215 294 83
215 225 28
215 226 18
215 238 79
215 252 92
216 261 67
216 290 76
216 295 19
216 231 48
216 275 48
216 249 67
216 250 53
216 253 8
216 255 17
217 256 87
217 260 32
217 270 29
217 292 1
217 293 64
217 297 78
217 227 56
217 233 70
218 262 72
218 272 20
218 276 31
218 278 34
218 296 2
218 219 33
218 228 30
218 243 43
218 253 96
219 276 48
219 295 77
219 233 24
219 252 47
220 263 61
220 264 0
220 275 95
220 276 41
220 282 20
220 299 28
220 222 39
220 232 83
220 239 76
220 242 87
220 243 94
220 244 99
221 269 71
221 297 18
221 266 6
221 229 88
221 233 97
221 236 78
221 243 69
221 248 62
221 252 32
222 288 58
222 231 77
222 264 37
222 267 14
223 260 42
223 268 28
223 288 81
223 289 44
223 234 25
223 241 16
224 260 44
224 266 48
224 268 17
224 277 95
224 281 85
224 284 49
224 290 44
224 299 19
224 293 82
224 230 9
225 264 71
225 292 73
225 241 73
225 253 97
226 274 3
227 258 67
227 260 34
227 269 74
227 297 11
227 229 27
227 230 50
227 235 61
227 242 15
227 250 13
227 298 69
228 266 24
228 272 26
228 246 85
228 244 67
228 250 35
229 290 0
229 296 88
229 235 91
229 237 35
229 242 57
229 243 12
229 244 88
229 247 49
230 231 21
230 248 62
230 241 12
231 257 99
231 263 86
231 287 87
231 233 44
232 258 59
232 270 76
232 280 80
232 283 21
232 297 60
232 288 79
232 267 2
232 233 38
232 248 82
232 255 63
233 262 70
233 270 21
233 276 52
233 294 17
233 243 73
233 244 22
234 259 7
234 281 50
234 239 38
234 240 54
235 294 91
235 248 45
236 240 92
236 286 11
236 248 64
236 249 58
236 254 60
237 292 87
237 254 58
238 265 79
238 258 55
239 254 79
240 266 62
240 268 91
240 270 45
240 287 20
240 298 100
240 252 26
241 258 31
241 286 85
241 294 44
241 245 78
241 253 26
242 258 48
243 265 6
243 275 40
243 276 76
243 279 84
243 288 67
244 256 34
244 287 63
244 295 56
244 296 50
245 257 18
245 296 18
245 252 3
245 251 15
246 276 51
246 279 23
246 267 20
246 271 95
246 250 41
246 254 16
247 270 83
247 274 94
247 296 25
247 248 99
247 250 49
248 257 76
248 264 49
248 266 41
248 274 72
248 276 82
248 282 14
248 292 70
248 294 89
248 255 87
249 259 47
249 264 96
249 272 13
249 282 3
249 291 60
250 256 99
250 268 8
250 279 5
251 263 70
252 262 63
252 264 98
252 270 1
252 278 19
252 280 84
252 288 9
252 293 47
252 296 49
253 264 52
253 270 53
253 281 39
253 286 38
253 289 23
253 291 90
253 298 12
253 274 80
253 254 39
254 256 59
255 260 11
255 263 98
255 273 95
255 280 38
256 274 48
256 283 95
256 284 21
256 285 90
256 290 8
257 288 35
257 278 80
257 259 2
258 283 13
258 287 94
258 296 88
259 262 58
259 263 16
259 264 68
259 289 94
260 266 37
260 287 96
261 264 76
261 282 7
261 284 33
262 275 35
262 293 72
263 264 34
263 276 11
263 292 5
263 273 25
263 268 79
264 272 50
264 273 76
264 286 11
264 297 56
265 283 31
265 299 42
266 273 56
266 281 98
266 296 39
266 299 61
266 270 1
267 289 72
268 281 93
268 283 52
268 298 51
270 274 2
270 291 91
270 293 75
270 298 36
271 272 60
271 275 97
271 283 65
271 288 52
271 290 96
271 292 83
271 294 16
271 299 32
271 287 55
272 279 16
272 283 32
272 292 9
272 293 90
272 297 69
273 284 52
275 296 48
276 289 70
277 298 71
279 296 13
280 294 46
281 282 55
281 295 63
281 297 51
281 299 38
282 290 66
283 287 38
283 291 65
284 285 46
284 286 14
284 288 15
284 292 55
285 288 7
286 290 78
288 292 80
289 290 32
289 293 55
289 297 8
292 294 41
296 297 37
297 298 43
