300 4000
0 58 25
0 160 6
0 34 59
0 259 58
0 147 74
0 233 46
0 234 75
0 235 11
0 44 74
0 47 11
0 112 7
0 209 17
0 274 68
0 275 20
0 276 70
0 115 24
0 169 62
0 154 67
0 27 25
0 253 40
0 63 36
1 129 15
1 260 54
1 265 41
1 142 62
1 271 55
1 25 77
1 28 18
1 158 87
1 289 18
1 162 17
1 163 73
1 45 9
1 175 32
1 176 22
1 54 1
1 186 75
1 187 77
1 70 65
1 161 31
1 73 15
1 74 22
1 77 13
1 219 18
1 58 73
1 96 11
1 231 71
1 232 100
1 234 67
1 104 43
1 247 84
1 253 12
2 132 92
2 263 72
2 139 74
2 140 62
2 14 52
2 17 27
2 19 35
2 284 31
2 168 26
2 92 16
2 42 36
2 46 89
2 175 54
2 56 86
2 190 78
2 64 67
2 66 31
2 196 22
2 200 96
2 74 79
2 82 89
2 211 35
2 213 51
2 220 66
2 222 48
2 96 87
2 106 55
2 120 25
2 126 32
3 257 53
3 129 70
3 15 28
3 151 14
3 280 54
3 153 24
3 282 3
3 31 70
3 91 11
3 36 84
3 296 63
3 42 43
3 48 92
3 67 27
3 78 37
3 81 35
3 85 74
3 271 45
3 229 13
3 103 24
3 237 57
3 120 35
3 121 97
3 124 22
4 136 50
4 15 99
4 272 53
4 147 33
4 280 6
4 26 40
4 154 78
4 160 22
4 39 22
4 173 66
4 177 66
4 178 7
4 55 96
4 59 3
4 288 92
4 204 56
4 226 94
4 219 12
4 98 55
4 235 26
4 237 93
4 111 49
4 114 49
4 253 96
5 262 33
5 8 21
5 138 67
5 142 42
5 279 53
5 287 45
5 34 66
5 292 97
5 166 69
5 296 9
5 46 84
5 176 96
5 178 91
5 52 42
5 61 34
5 72 1
5 201 94
5 75 58
5 222 53
5 225 4
5 98 56
5 102 52
5 235 62
5 245 66
5 246 66
5 251 93
5 254 69
6 107 93
6 132 63
6 133 7
6 263 10
6 265 45
6 139 83
6 19 10
6 276 44
6 159 84
6 288 45
6 161 57
6 290 60
6 41 3
6 299 8
6 47 67
6 178 16
6 52 82
6 60 46
6 61 50
6 193 93
6 198 13
6 74 65
6 209 30
6 86 47
6 88 83
6 103 33
6 234 92
6 235 7
6 109 1
6 110 9
6 240 3
6 118 41
7 264 51
7 265 45
7 11 34
7 144 28
7 18 57
7 152 88
7 154 96
7 155 36
7 28 92
7 31 89
7 35 67
7 292 6
7 166 17
7 296 39
7 174 70
7 52 21
7 60 83
7 213 25
7 86 48
7 36 74
7 218 84
7 220 73
7 93 35
7 108 59
7 113 16
8 256 8
8 262 49
8 135 53
8 264 8
8 266 76
8 267 62
8 13 37
8 273 8
8 286 26
8 37 21
8 49 59
8 178 60
8 222 93
8 182 31
8 56 9
8 185 46
8 187 13
8 189 3
8 62 98
8 63 62
8 65 53
8 200 69
8 209 22
8 211 45
8 88 8
8 92 12
8 94 64
8 102 13
8 145 34
8 105 22
8 113 20
8 114 29
8 10 86
8 124 75
9 131 19
9 133 71
9 135 77
9 137 69
9 144 7
9 145 45
9 278 75
9 217 79
9 157 56
9 34 51
9 36 11
9 167 58
9 168 58
9 54 88
9 56 88
9 189 25
9 62 23
9 68 48
9 88 0
9 292 77
9 218 82
9 216 47
9 221 74
9 224 65
9 225 69
9 234 71
9 244 97
10 260 62
10 273 76
10 147 74
10 25 40
10 28 81
10 157 61
10 288 40
10 163 97
10 164 13
10 173 0
10 47 24
10 196 38
10 71 46
10 200 45
10 203 83
10 81 46
10 93 17
10 233 26
10 111 15
10 246 66
10 119 68
10 251 29
10 253 40
10 126 32
11 258 10
11 43 33
11 151 65
11 130 48
11 270 91
11 15 84
11 19 73
11 279 96
11 24 35
11 282 55
11 159 23
11 288 76
11 169 66
11 171 68
11 50 46
11 182 80
11 200 92
11 78 79
11 89 57
11 92 3
11 93 63
11 225 37
11 106 79
11 235 92
11 108 65
11 109 71
11 239 32
11 247 23
11 123 86
12 128 58
12 65 55
12 226 97
12 68 11
12 165 40
12 102 88
12 167 59
12 204 44
12 138 39
12 76 79
12 112 73
12 146 71
12 83 72
12 216 100
12 154 57
13 261 54
13 266 78
13 141 22
13 153 88
13 157 63
13 159 12
13 34 18
13 165 23
13 167 4
13 53 100
13 54 43
13 57 62
13 70 97
13 195 56
13 246 66
13 198 27
13 290 55
13 211 0
13 84 70
13 90 52
13 93 3
13 228 68
13 230 83
13 236 40
13 118 59
13 248 83
14 132 91
14 134 30
14 267 51
14 268 54
14 143 21
14 18 96
14 291 95
14 298 95
14 173 35
14 47 29
14 186 61
14 60 70
14 65 54
14 209 12
14 82 23
14 87 74
14 217 77
14 95 63
14 96 43
14 225 24
14 229 72
14 240 34
14 242 56
14 249 97
14 254 45
15 130 26
15 17 54
15 261 48
15 135 89
15 137 93
15 258 20
15 270 9
15 143 100
15 16 36
15 145 34
15 146 20
15 31 53
15 289 23
15 297 76
15 171 93
15 173 81
15 174 62
15 180 44
15 66 87
15 203 54
15 75 55
15 210 35
15 85 46
15 217 3
15 272 47
15 231 17
15 232 53
15 109 88
15 112 98
15 243 53
15 117 86
16 288 76
16 129 68
16 258 62
16 229 52
16 294 3
16 168 67
16 297 3
16 268 41
16 114 84
16 184 79
16 143 39
16 240 77
16 152 41
16 242 10
16 53 71
16 280 3
16 186 53
16 250 72
16 85 78
17 288 46
17 129 46
17 162 3
17 115 25
17 38 69
17 296 74
17 73 58
17 203 40
17 34 12
17 77 8
17 168 8
17 51 7
17 150 90
17 279 41
17 265 7
17 221 76
17 247 8
18 129 40
18 260 43
18 139 51
18 20 87
18 154 63
18 155 61
18 33 59
18 39 82
18 263 68
18 178 78
18 58 47
18 63 61
18 64 77
18 198 44
18 74 50
18 204 13
18 80 42
18 213 33
18 216 57
18 221 29
18 223 65
18 97 4
18 230 75
18 241 7
18 247 25
18 124 100
18 254 31
18 85 8
19 133 11
19 142 50
19 274 31
19 150 65
19 280 81
19 35 48
19 164 76
19 38 68
19 296 65
19 299 2
19 181 73
19 187 100
19 64 67
19 70 2
19 83 51
19 36 28
19 225 83
19 98 79
19 105 92
19 108 69
19 245 97
19 247 15
19 249 7
20 257 34
20 258 24
20 259 5
20 136 60
20 274 0
20 280 53
20 25 44
20 297 80
20 189 9
20 62 59
20 65 36
20 66 62
20 210 31
20 213 79
20 89 63
20 95 31
20 227 37
20 230 84
20 106 91
20 113 10
20 244 98
20 246 66
20 120 44
20 251 60
21 130 51
21 259 39
21 134 21
21 274 44
21 131 18
21 24 44
21 25 98
21 155 20
21 284 21
21 287 28
21 36 5
21 165 81
21 299 66
21 174 75
21 49 50
21 179 72
21 188 17
21 61 0
21 211 77
21 212 74
21 223 4
21 238 70
21 111 72
21 248 6
21 249 61
21 250 63
21 123 97
21 126 78
22 149 20
22 257 65
22 279 84
22 140 59
22 141 69
22 142 88
22 276 66
22 277 15
22 23 47
22 155 15
22 35 62
22 165 88
22 167 74
22 43 0
22 44 67
22 46 86
22 50 85
22 51 47
22 189 97
22 63 32
22 205 23
22 214 51
22 222 67
22 97 96
22 101 88
22 104 51
22 239 55
22 112 10
22 250 84
22 127 29
23 257 27
23 260 96
23 134 52
23 143 24
23 275 52
23 151 79
23 153 50
23 286 29
23 295 33
23 297 53
23 173 12
23 46 37
23 175 24
23 176 41
23 49 35
23 50 12
23 52 17
23 181 52
23 56 68
23 185 66
23 197 42
23 73 80
23 77 19
23 82 49
23 83 2
23 226 48
23 230 46
23 103 21
23 104 40
23 242 60
23 211 11
23 116 4
24 129 61
24 133 14
24 262 56
24 268 98
24 141 51
24 237 51
24 150 67
24 27 47
24 157 53
24 134 62
24 38 79
24 167 60
24 40 86
24 47 18
24 53 42
24 55 28
24 189 95
24 68 69
24 202 19
24 79 61
24 82 87
24 215 92
24 88 22
24 92 64
24 96 16
24 102 44
24 103 87
24 233 30
24 235 65
24 109 92
24 240 70
24 115 97
24 254 83
25 130 48
25 299 85
25 135 26
25 264 55
25 268 10
25 270 32
25 278 27
25 155 71
25 285 74
25 286 65
25 34 92
25 35 33
25 39 82
25 169 58
25 43 6
25 182 47
25 194 65
25 98 89
25 103 64
25 231 55
25 240 70
25 248 52
25 127 51
26 128 51
26 164 67
26 293 11
26 167 76
26 188 77
26 74 100
26 183 37
26 238 73
26 189 90
26 48 87
26 248 12
26 148 75
26 279 8
26 120 41
26 281 4
26 139 88
26 155 24
26 284 29
26 29 65
26 169 36
27 259 11
27 132 54
27 266 32
27 161 91
27 41 59
27 50 61
27 178 1
27 179 66
27 52 6
27 54 61
27 184 89
27 189 87
27 75 67
27 207 78
27 81 75
27 210 24
27 91 81
27 100 71
27 231 78
27 105 11
27 110 69
27 121 98
27 254 61
28 261 50
28 268 84
28 144 41
28 275 7
28 154 24
28 291 36
28 292 51
28 172 67
28 173 15
28 175 50
28 176 49
28 177 55
28 54 73
28 187 46
28 266 10
28 63 49
28 79 83
28 224 70
28 105 39
28 253 53
28 240 52
28 245 80
28 249 60
28 123 95
28 125 83
29 256 0
29 258 72
29 266 35
29 277 49
29 152 27
29 286 34
29 289 68
29 290 89
29 189 40
29 64 50
29 77 38
29 81 64
29 89 84
29 92 43
29 93 91
29 95 78
29 228 83
29 235 82
29 114 79
29 118 26
29 119 65
29 249 19
29 124 31
29 253 68
30 132 78
30 261 79
30 134 50
30 136 32
30 150 86
30 155 26
30 156 76
30 289 49
30 36 23
30 293 82
30 294 17
30 39 35
30 296 69
30 173 98
30 175 4
30 51 83
30 74 77
30 62 6
30 224 3
30 69 31
30 70 12
30 161 60
30 202 99
30 205 73
30 209 43
30 211 30
30 220 83
30 221 15
30 96 29
30 102 78
30 235 43
30 118 89
31 134 19
31 141 22
31 275 61
31 151 59
31 291 43
31 36 57
31 296 1
31 182 34
31 183 36
31 184 58
31 60 42
31 192 45
31 65 27
31 55 67
31 208 26
31 56 97
31 92 44
31 233 44
31 119 78
32 235 32
32 134 11
32 276 67
32 157 17
32 289 51
32 44 78
32 52 68
32 181 90
32 55 21
32 61 56
32 62 80
32 210 5
32 211 53
32 84 87
32 213 88
32 89 5
32 93 23
32 226 21
32 107 61
32 82 28
32 253 60
32 244 78
32 251 43
32 125 83
32 85 97
33 256 22
33 128 39
33 134 89
33 264 63
33 148 80
33 154 41
33 286 57
33 295 71
33 298 43
33 179 55
33 188 5
33 66 98
33 75 5
33 218 69
33 93 75
33 100 37
33 106 72
33 111 87
33 243 8
33 244 82
33 119 40
33 120 41
34 278 46
34 288 8
34 290 19
34 36 31
34 175 58
34 176 70
34 137 79
34 58 1
34 188 42
34 190 23
34 164 7
34 118 55
34 70 18
34 77 96
34 80 7
34 217 88
34 91 11
34 243 26
34 246 8
35 128 11
35 131 4
35 262 61
35 139 68
35 271 2
35 283 94
35 42 53
35 176 56
35 184 36
35 57 76
35 58 92
35 59 68
35 207 13
35 83 32
35 84 33
35 91 35
35 224 4
35 227 45
35 229 35
35 109 12
36 273 8
36 275 56
36 277 97
36 285 43
36 170 18
36 46 98
36 53 44
36 185 2
36 159 96
36 181 76
36 192 1
36 200 23
36 219 57
36 231 69
36 104 60
36 174 24
36 243 94
36 254 15
37 108 54
37 151 97
37 146 9
37 279 98
37 284 3
37 159 25
37 294 40
37 39 85
37 171 21
37 173 76
37 47 87
37 48 51
37 194 78
37 247 75
37 77 39
37 83 35
37 213 87
37 216 20
37 91 8
37 220 43
37 102 47
37 233 34
37 236 67
37 109 73
37 110 48
37 113 10
37 246 78
37 119 2
37 248 30
38 246 75
38 290 87
38 155 39
38 228 41
38 182 34
38 198 26
38 295 36
38 129 60
38 206 11
38 239 92
38 146 26
38 115 4
38 84 35
38 278 52
38 251 89
38 156 72
38 62 47
39 267 45
39 142 52
39 147 7
39 152 34
39 161 28
39 167 55
39 49 8
39 53 41
39 57 1
39 95 58
39 66 81
39 196 46
39 72 95
39 73 100
39 76 49
39 207 32
39 84 41
39 88 88
39 89 43
39 223 44
39 233 95
39 235 54
39 108 24
39 240 59
39 243 88
39 118 87
39 124 57
40 258 63
40 131 18
40 260 4
40 145 27
40 151 25
40 282 21
40 155 27
40 288 49
40 296 26
40 43 26
40 44 17
40 174 8
40 51 51
40 180 18
40 182 88
40 183 97
40 62 54
40 192 53
40 193 14
40 76 52
40 208 7
40 213 69
40 87 14
40 90 71
40 221 79
40 222 11
40 108 96
40 249 58
40 123 79
40 253 64
40 127 60
41 132 57
41 136 61
41 266 38
41 139 1
41 282 66
41 285 27
41 158 45
41 289 79
41 291 32
41 294 33
41 297 32
41 47 9
41 53 96
41 55 21
41 70 43
41 200 9
41 74 89
41 75 66
41 80 7
41 83 95
41 213 38
41 93 83
41 226 60
41 236 33
41 243 75
42 256 85
42 192 34
42 227 69
42 164 33
42 166 71
42 225 55
42 269 1
42 238 7
42 61 73
42 272 87
42 148 86
42 53 41
42 219 21
42 151 70
42 155 98
42 285 34
42 94 1
43 257 94
43 260 29
43 143 44
43 272 72
43 278 87
43 280 16
43 166 28
43 298 0
43 172 99
43 47 63
43 48 94
43 49 98
43 179 7
43 188 58
43 65 62
43 195 94
43 69 2
43 72 8
43 212 73
43 214 84
43 91 49
43 144 7
43 229 95
44 179 81
44 150 53
44 161 63
44 298 25
44 175 2
44 49 6
44 51 60
44 180 21
44 56 48
44 202 63
44 67 26
44 197 0
44 74 76
44 203 3
44 208 78
44 210 45
44 234 36
44 235 79
44 108 66
45 132 41
45 277 62
45 153 95
45 286 70
45 168 87
45 298 15
45 173 84
45 47 53
45 49 80
45 185 44
45 62 62
45 69 25
45 254 81
45 212 18
45 93 55
45 226 71
45 229 71
45 232 71
45 104 41
45 245 45
45 122 59
45 126 13
46 128 61
46 131 79
46 138 51
46 268 86
46 130 53
46 271 80
46 272 76
46 280 59
46 196 14
46 159 81
46 170 47
46 175 49
46 57 22
46 188 2
46 68 50
46 201 28
46 204 45
46 95 65
46 144 91
46 109 38
46 111 8
46 76 57
46 243 59
46 245 53
46 246 81
46 120 21
46 249 7
47 265 2
47 139 0
47 274 46
47 149 2
47 155 33
47 49 21
47 179 43
47 63 23
47 201 12
47 76 58
47 206 23
47 83 68
47 88 9
47 100 77
47 240 54
47 114 44
47 247 24
47 254 55
48 257 23
48 197 27
48 165 8
48 296 14
48 92 91
48 210 44
48 174 28
48 145 38
48 178 24
48 107 82
48 171 98
48 118 90
48 297 66
48 89 14
48 127 74
48 156 58
48 189 100
49 261 24
49 262 6
49 268 93
49 142 36
49 153 62
49 290 98
49 163 68
49 134 34
49 68 8
49 70 96
49 74 49
49 204 4
49 223 10
49 224 57
49 111 87
49 250 5
49 126 60
49 149 17
50 257 86
50 134 49
50 263 0
50 265 29
50 280 45
50 152 93
50 158 74
50 168 17
50 171 21
50 184 38
50 66 58
50 195 62
50 70 32
50 129 36
50 76 49
50 98 69
50 105 93
50 234 94
50 237 25
50 242 78
50 117 42
50 121 63
50 255 64
50 125 14
50 127 54
51 150 94
51 263 36
51 267 56
51 142 56
51 272 3
51 284 58
51 160 34
51 161 5
51 163 37
51 169 19
51 178 80
51 53 20
51 184 18
51 60 62
51 64 12
51 73 95
51 205 56
51 77 98
51 80 27
51 156 88
51 85 95
51 218 71
51 219 69
51 107 48
51 236 83
51 114 43
51 118 47
51 122 17
51 127 65
52 130 1
52 264 31
52 266 60
52 88 96
52 157 91
52 287 53
52 293 38
52 171 28
52 285 47
52 182 23
52 192 27
52 193 66
52 209 89
52 82 84
52 83 33
52 216 46
52 217 18
52 92 4
52 94 70
52 228 14
52 244 54
52 248 6
52 121 31
53 142 9
53 146 11
53 217 71
53 157 90
53 286 75
53 168 61
53 170 28
53 174 21
53 176 62
53 177 91
53 185 65
53 191 27
53 65 88
53 70 27
53 82 76
53 215 4
53 89 65
53 91 51
53 272 4
53 251 82
53 103 76
53 238 50
53 239 97
53 118 20
53 297 27
53 249 58
53 123 22
53 252 19
53 253 75
54 256 95
54 258 36
54 259 82
54 134 44
54 135 48
54 137 77
54 67 12
54 148 77
54 149 18
54 152 56
54 153 42
54 155 3
54 284 11
54 165 11
54 174 99
54 177 84
54 195 59
54 68 83
54 73 6
54 209 23
54 225 21
54 227 13
54 229 63
54 111 96
55 140 93
55 279 11
55 218 43
55 295 33
55 297 45
55 179 9
55 194 51
55 198 22
55 268 49
55 85 47
55 217 44
55 90 93
55 100 92
55 232 21
55 233 100
55 245 23
55 252 97
56 133 76
56 262 29
56 263 62
56 137 8
56 151 64
56 147 7
56 282 3
56 161 4
56 171 70
56 191 81
56 195 91
56 83 83
56 219 25
56 106 29
56 114 52
56 117 12
56 127 87
57 131 4
57 260 13
57 261 25
57 264 74
57 217 36
57 285 39
57 287 81
57 174 100
57 178 25
57 58 37
57 60 50
57 195 64
57 74 60
57 77 2
57 205 61
57 84 68
57 88 71
57 89 9
57 79 54
57 95 62
57 99 21
57 247 54
57 127 2
58 150 28
58 134 37
58 136 55
58 270 62
58 143 71
58 278 70
58 155 99
58 162 83
58 180 34
58 184 2
58 62 0
58 193 38
58 66 32
58 290 4
58 214 83
58 91 72
58 100 43
58 236 1
58 110 8
58 116 54
58 125 18
59 64 79
59 195 2
59 292 73
59 69 22
59 296 100
59 105 16
59 169 48
59 168 85
59 114 18
59 243 23
59 148 89
59 246 95
59 215 92
59 153 18
59 68 71
59 218 13
59 250 53
59 63 61
60 268 49
60 217 72
60 161 69
60 290 36
60 189 32
60 64 91
60 195 92
60 70 42
60 200 43
60 162 33
60 205 96
60 85 79
60 216 37
60 89 10
60 90 90
60 223 99
60 97 81
60 228 6
60 230 24
60 106 64
60 122 63
60 126 11
61 137 70
61 144 82
61 145 19
61 278 85
61 282 1
61 155 44
61 133 12
61 262 48
61 220 36
61 179 32
61 190 94
61 194 8
61 196 33
61 198 19
61 205 45
61 92 30
61 96 91
61 97 92
61 234 69
61 121 47
62 257 11
62 261 8
62 262 83
62 264 73
62 139 80
62 269 79
62 142 54
62 274 44
62 277 73
62 154 17
62 165 37
62 295 18
62 175 35
62 185 41
62 199 82
62 206 56
62 80 93
62 81 49
62 210 21
62 89 5
62 223 7
62 96 48
62 238 28
62 240 29
62 119 24
62 124 90
63 139 68
63 275 20
63 175 31
63 160 0
63 296 75
63 284 93
63 178 98
63 180 24
63 186 75
63 64 17
63 288 61
63 194 94
63 197 80
63 73 64
63 203 27
63 84 34
63 220 93
63 223 2
63 224 26
63 97 17
63 227 95
63 100 75
63 233 64
63 108 77
63 126 60
64 256 7
64 264 1
64 140 71
64 269 58
64 276 64
64 287 26
64 164 78
64 168 28
64 298 61
64 185 10
64 66 35
64 195 66
64 200 76
64 203 9
64 204 55
64 208 72
64 296 100
64 251 35
64 170 45
65 131 80
65 139 29
65 275 20
65 282 11
65 284 73
65 294 82
65 172 61
65 177 34
65 191 56
65 96 8
65 74 75
65 75 53
65 205 32
65 207 59
65 211 53
65 212 26
65 91 26
65 224 51
65 227 48
65 233 50
65 236 65
65 247 34
66 265 62
66 280 1
66 160 1
66 162 16
66 164 54
66 166 73
66 295 97
66 176 73
66 190 41
66 67 23
66 69 76
66 72 59
66 76 22
66 77 40
66 205 74
66 87 4
66 90 76
66 143 44
66 223 24
66 99 53
66 122 57
66 255 3
67 257 18
67 266 1
67 158 92
67 166 95
67 170 42
67 176 15
67 193 84
67 98 93
67 80 20
67 214 80
67 90 13
67 220 54
67 94 99
67 96 40
67 226 44
67 103 65
67 109 9
67 110 73
67 239 30
67 116 49
67 252 75
68 129 24
68 145 39
68 152 55
68 175 61
68 273 70
68 192 74
68 71 8
68 140 40
68 202 2
68 76 12
68 210 100
68 84 26
68 103 6
68 232 59
68 112 90
68 242 50
68 254 13
68 127 2
69 260 70
69 134 51
69 264 43
69 270 65
69 145 28
69 274 18
69 154 36
69 158 80
69 166 87
69 168 25
69 297 13
69 174 73
69 184 95
69 71 14
69 75 19
69 232 4
69 233 24
69 109 93
69 245 93
69 252 55
70 129 54
70 134 93
70 268 40
70 272 14
70 147 93
70 276 68
70 280 66
70 285 29
70 170 30
70 171 18
70 179 64
70 184 94
70 200 70
70 73 61
70 80 24
70 210 54
70 86 67
70 90 92
70 92 39
70 221 98
70 226 10
70 227 79
70 188 18
70 106 24
70 112 50
70 248 52
70 126 57
71 129 94
71 259 81
71 229 61
71 80 36
71 203 8
71 144 98
71 82 77
71 212 94
71 183 22
71 184 50
71 217 47
71 218 47
71 283 51
71 189 61
71 261 62
72 288 47
72 193 51
72 209 53
72 104 33
72 110 84
72 78 87
72 93 86
72 136 71
72 146 80
72 213 69
72 238 36
72 186 95
72 270 5
72 156 41
72 157 63
73 257 77
73 135 15
73 144 66
73 147 70
73 148 72
73 156 16
73 157 55
73 288 63
73 289 77
73 163 88
73 165 67
73 296 42
73 175 12
73 180 31
73 212 45
73 90 19
73 98 75
73 100 26
73 233 74
73 109 97
73 113 3
73 243 32
73 126 51
74 256 39
74 259 65
74 270 65
74 148 35
74 149 62
74 280 57
74 161 99
74 296 25
74 297 88
74 185 78
74 192 74
74 194 54
74 205 2
74 83 33
74 99 31
74 274 54
74 110 5
74 114 27
74 120 11
74 122 5
75 136 71
75 267 75
75 268 40
75 278 77
75 285 79
75 158 16
75 288 48
75 292 16
75 169 63
75 298 78
75 176 47
75 189 11
75 91 68
75 93 89
75 94 96
75 224 17
75 233 32
75 114 76
75 116 2
76 263 6
76 264 25
76 142 28
76 143 67
76 279 40
76 283 58
76 156 88
76 240 94
76 170 4
76 189 41
76 193 26
76 201 30
76 203 87
76 77 33
76 208 67
76 210 10
76 232 23
76 167 54
76 237 23
76 112 4
76 242 75
76 116 89
76 246 3
76 122 19
76 252 88
77 133 10
77 139 51
77 142 11
77 272 67
77 150 27
77 279 44
77 160 81
77 187 53
77 190 50
77 194 95
77 269 76
77 208 8
77 86 4
77 251 66
77 230 23
77 119 81
77 123 65
77 252 98
78 256 49
78 292 93
78 166 30
78 103 27
78 233 25
78 172 2
78 270 99
78 112 73
78 209 31
78 116 40
78 149 14
78 87 5
78 183 20
78 282 49
78 188 73
78 221 49
78 286 3
78 191 79
79 259 75
79 134 13
79 263 65
79 268 12
79 274 50
79 278 32
79 279 31
79 153 94
79 159 37
79 288 65
79 162 14
79 163 21
79 296 43
79 188 62
79 192 21
79 213 11
79 87 32
79 95 90
79 109 74
79 116 86
79 118 47
79 255 27
80 144 90
80 149 85
80 152 75
80 170 43
80 175 94
80 181 79
80 189 18
80 201 4
80 203 55
80 90 75
80 220 10
80 225 8
80 107 13
80 236 2
80 109 5
80 113 23
80 117 20
80 120 36
80 252 25
81 259 27
81 143 87
81 273 10
81 277 46
81 157 18
81 159 55
81 160 3
81 162 24
81 167 36
81 176 66
81 183 91
81 209 42
81 215 97
81 93 7
81 225 95
81 105 51
81 250 44
81 126 27
82 263 79
82 139 0
82 148 75
82 278 96
82 282 43
82 155 16
82 285 17
82 286 83
82 159 98
82 188 36
82 189 12
82 267 50
82 85 66
82 89 4
82 93 9
82 226 29
82 102 78
82 232 6
82 107 88
82 239 56
82 240 88
82 241 50
82 121 55
82 124 9
83 256 67
83 133 7
83 137 89
83 266 69
83 139 1
83 145 2
83 147 34
83 154 90
83 155 63
83 287 63
83 172 94
83 182 95
83 188 95
83 245 45
83 193 44
83 204 35
83 215 74
83 223 18
83 107 75
83 117 36
83 250 30
83 254 46
84 256 15
84 130 65
84 132 17
84 265 47
84 148 11
84 277 25
84 287 14
84 294 42
84 176 10
84 196 24
84 88 69
84 92 39
84 100 93
84 229 88
84 237 32
84 241 65
84 245 31
85 256 85
85 128 47
85 141 97
85 273 42
85 147 84
85 166 31
85 299 66
85 172 20
85 184 5
85 191 0
85 193 16
85 89 98
85 92 3
85 102 35
85 230 42
85 232 2
85 108 7
85 243 69
86 192 0
86 214 94
86 227 30
86 132 43
86 138 36
86 199 92
86 108 64
86 142 35
86 272 91
86 244 53
86 118 42
86 218 69
86 156 79
86 222 21
87 261 82
87 263 99
87 143 27
87 144 91
87 277 4
87 152 56
87 155 12
87 159 59
87 289 57
87 188 32
87 190 61
87 193 58
87 210 9
87 215 28
87 88 51
87 94 87
87 230 32
87 102 10
87 103 84
87 104 66
87 236 21
87 254 26
88 107 33
88 260 37
88 269 49
88 155 27
88 287 59
88 293 62
88 295 52
88 298 48
88 183 1
88 185 58
88 188 61
88 206 82
88 207 60
88 208 14
88 210 13
88 211 67
88 97 49
88 105 45
88 236 30
88 244 66
88 170 41
89 260 37
89 132 95
89 288 8
89 175 42
89 179 1
89 202 52
89 216 60
89 224 39
89 227 62
89 104 94
89 106 40
89 236 93
90 133 56
90 268 92
90 274 86
90 279 64
90 239 33
90 159 25
90 294 20
90 297 63
90 171 94
90 181 47
90 168 42
90 188 33
90 189 57
90 245 14
90 195 43
90 183 95
90 218 86
90 223 76
90 111 85
90 113 67
90 117 12
90 121 30
91 136 84
91 141 82
91 142 72
91 274 76
91 275 33
91 269 69
91 163 83
91 164 59
91 167 64
91 296 39
91 169 79
91 174 3
91 175 29
91 200 96
91 205 62
91 207 16
91 208 79
91 95 92
91 224 17
91 230 46
91 109 29
91 241 72
92 257 27
92 131 53
92 134 77
92 263 1
92 141 62
92 144 83
92 275 63
92 279 46
92 160 60
92 163 76
92 135 12
92 181 47
92 182 29
92 193 7
92 213 87
92 218 98
92 227 41
92 233 57
92 115 95
92 244 1
92 117 79
92 250 37
93 258 20
93 139 99
93 237 39
93 273 31
93 154 74
93 283 67
93 284 41
93 165 9
93 166 40
93 297 76
93 135 89
93 176 47
93 187 90
93 138 2
93 190 90
93 191 88
93 96 68
93 294 28
93 233 30
93 235 0
93 109 6
93 189 26
93 242 82
93 253 87
94 259 2
94 134 44
94 138 0
94 143 72
94 284 0
94 165 47
94 172 65
94 175 92
94 178 14
94 181 44
94 95 79
94 200 6
94 202 23
94 203 60
94 293 48
94 230 54
94 238 58
94 244 22
94 118 60
94 247 8
95 128 45
95 265 79
95 267 100
95 269 14
95 145 1
95 275 3
95 156 29
95 162 2
95 171 76
95 175 56
95 198 58
95 204 24
95 98 40
95 226 60
95 230 57
95 147 19
96 133 100
96 263 85
96 139 5
96 140 54
96 141 69
96 290 53
96 294 96
96 167 45
96 297 74
96 187 50
96 268 27
96 203 68
96 216 75
96 217 27
96 230 4
96 231 62
96 234 81
96 242 49
96 243 74
97 128 100
97 151 29
97 157 18
97 161 2
97 170 88
97 175 67
97 182 3
97 196 77
97 201 71
97 203 43
97 204 75
97 223 4
97 98 51
97 102 27
97 232 27
97 114 25
97 244 34
97 120 19
98 144 6
98 151 90
98 284 18
98 157 75
98 159 37
98 160 66
98 289 90
98 113 98
98 298 60
98 171 9
98 178 17
98 175 13
98 182 63
98 203 39
98 103 59
98 105 75
98 234 63
98 241 37
99 129 63
99 131 73
99 230 67
99 200 70
99 226 0
99 213 17
99 108 33
99 258 61
99 174 5
99 176 35
99 286 89
99 191 92
99 280 33
99 283 57
99 220 66
99 159 90
99 190 91
99 181 92
100 130 51
100 132 34
100 268 5
100 175 27
100 279 74
100 155 12
100 292 35
100 293 50
100 166 73
100 169 11
100 170 44
100 171 71
100 188 91
100 195 80
100 202 73
100 214 17
100 215 64
100 164 6
100 225 72
100 103 19
100 235 23
100 120 30
101 161 1
101 278 27
101 123 6
101 260 36
101 197 2
101 294 72
101 200 49
101 107 25
101 111 74
101 240 44
101 179 0
101 249 40
101 282 32
101 155 2
101 124 99
101 254 11
102 299 64
102 267 50
102 268 69
102 141 80
102 153 21
102 283 25
102 287 43
102 289 80
102 297 42
102 171 31
102 264 50
102 183 51
102 199 75
102 107 90
102 248 80
102 126 0
103 136 80
103 138 9
103 142 6
103 145 89
103 276 49
103 282 83
103 157 65
103 288 10
103 291 80
103 169 42
103 174 47
103 175 38
103 182 71
103 207 50
103 213 32
103 217 8
103 104 74
103 233 39
103 239 75
103 113 45
103 243 26
103 119 88
103 250 62
104 259 64
104 264 17
104 273 92
104 147 75
104 156 100
104 296 6
104 170 98
104 179 9
104 186 74
104 187 15
104 214 40
104 234 54
104 231 64
104 108 95
104 237 72
104 240 0
104 275 38
104 120 86
104 123 99
104 255 61
105 128 4
105 131 25
105 269 80
105 153 83
105 282 16
105 157 37
105 296 94
105 181 6
105 183 88
105 184 54
105 192 73
105 222 14
105 227 95
105 120 66
105 250 15
105 251 58
105 126 71
106 264 24
106 265 0
106 268 9
106 158 55
106 160 69
106 182 17
106 196 45
106 210 100
106 224 21
106 232 72
106 110 2
106 240 34
106 246 80
106 248 51
106 251 94
106 252 39
106 255 95
107 131 88
107 259 100
107 184 5
107 223 21
107 195 24
107 207 15
107 208 16
107 212 52
107 225 51
107 187 61
107 228 26
107 229 26
107 231 96
107 235 25
107 108 37
107 241 33
107 114 87
107 117 19
107 247 61
107 249 63
107 126 17
107 255 19
108 256 25
108 129 64
108 261 45
108 288 55
108 162 37
108 291 25
108 299 59
108 184 29
108 190 12
108 199 21
108 200 4
108 203 3
108 245 5
108 252 73
109 256 100
109 264 96
109 152 86
109 276 32
109 161 59
109 165 75
109 294 79
109 167 6
109 299 27
109 181 96
109 182 42
109 198 96
109 203 58
109 206 33
109 232 11
109 237 12
109 112 14
109 255 59
110 132 21
110 261 32
110 269 16
110 143 78
110 272 93
110 149 11
110 280 13
110 157 43
110 292 93
110 262 49
110 167 21
110 297 18
110 299 42
110 172 58
110 178 57
110 187 8
110 209 24
110 215 92
110 144 60
110 231 84
111 133 3
111 148 76
111 278 52
111 283 55
111 157 18
111 158 35
111 287 10
111 162 48
111 170 55
111 178 1
111 195 25
111 199 92
111 205 86
111 230 28
111 120 94
111 127 78
112 259 41
112 260 46
112 148 4
112 288 32
112 174 40
112 181 86
112 188 75
112 197 64
112 199 81
112 200 80
112 223 17
112 239 60
112 118 38
113 256 59
113 258 28
113 131 34
113 132 34
113 262 97
113 268 66
113 270 38
113 143 3
113 272 66
113 259 80
113 277 81
113 280 93
113 282 85
113 155 20
113 156 24
113 285 26
113 296 48
113 169 48
113 199 67
113 209 84
113 247 1
113 122 36
113 255 96
113 127 98
114 257 19
114 133 9
114 262 86
114 135 81
114 272 7
114 149 87
114 260 77
114 284 40
114 165 12
114 173 18
114 191 58
114 195 74
114 211 34
114 214 49
114 220 89
114 234 34
114 120 64
114 252 89
114 126 17
115 258 81
115 133 47
115 140 82
115 144 64
115 146 77
115 154 76
115 158 81
115 163 14
115 164 36
115 297 48
115 171 57
115 173 79
115 180 63
115 199 18
115 207 25
115 215 15
115 233 87
115 252 62
116 131 37
116 260 80
116 264 97
116 137 30
116 266 18
116 273 58
116 274 40
116 147 23
116 152 19
116 285 21
116 291 94
116 165 13
116 296 89
116 201 74
116 211 88
116 220 48
116 225 28
116 231 18
116 240 4
116 275 81
116 246 80
116 119 45
116 250 66
117 134 93
117 137 95
117 146 42
117 155 32
117 167 36
117 291 10
117 241 66
117 296 100
117 185 82
117 196 97
117 202 42
117 228 66
117 168 47
117 243 88
117 118 68
117 248 35
117 123 20
118 263 53
118 264 23
118 143 10
118 147 72
118 280 52
118 287 96
118 293 88
118 167 56
118 296 95
118 184 47
118 227 41
118 247 32
118 122 37
119 259 99
119 141 1
119 143 43
119 145 89
119 160 50
119 163 38
119 166 65
119 182 92
119 184 67
119 187 78
119 161 55
119 208 91
119 221 26
119 234 9
119 250 66
119 251 28
120 263 98
120 275 20
120 165 23
120 174 67
120 179 51
120 189 96
120 190 46
120 198 34
120 124 93
120 255 86
121 260 72
121 266 43
121 140 93
121 148 17
121 282 81
121 284 87
121 288 80
121 155 9
121 169 13
121 176 30
121 178 5
121 220 19
121 226 86
121 236 96
121 125 62
122 253 97
122 224 68
122 227 5
122 220 73
122 263 98
122 259 15
122 239 58
122 240 28
122 180 52
122 154 6
122 188 24
122 202 67
122 255 11
123 131 20
123 260 97
123 133 15
123 134 3
123 135 0
123 266 38
123 140 99
123 271 54
123 276 90
123 279 28
123 288 31
123 165 72
123 175 76
123 178 14
123 179 34
123 199 56
123 201 59
123 206 92
123 223 69
123 225 43
123 248 19
124 128 86
124 130 26
124 260 4
124 140 99
124 269 51
124 142 6
124 272 97
124 150 41
124 279 80
124 280 20
124 289 38
124 293 98
124 294 81
124 173 55
124 175 57
124 178 0
124 181 63
124 186 18
124 187 69
124 189 50
124 199 29
124 202 95
124 205 12
124 206 43
124 227 29
124 229 62
124 230 33
124 231 59
124 234 9
124 258 60
125 230 81
125 284 0
125 266 54
125 236 90
125 237 63
125 272 63
125 189 0
125 255 62
126 257 34
126 133 72
126 259 20
126 155 50
126 165 46
126 167 5
126 168 47
126 299 30
126 215 3
126 217 0
126 230 4
126 235 32
126 247 49
127 266 79
127 143 29
127 145 43
127 148 37
127 279 17
127 155 28
127 287 49
127 288 81
127 290 80
127 164 33
127 169 74
127 175 93
127 243 30
127 250 98
127 251 65
128 259 47
128 264 74
128 142 55
128 149 64
128 156 34
128 287 63
128 292 83
128 295 80
128 171 70
128 173 10
128 185 52
128 140 14
128 206 53
128 214 93
128 216 37
128 220 37
128 243 84
129 139 35
129 153 58
129 287 63
129 290 9
129 295 48
129 191 22
129 193 84
129 197 84
129 221 0
129 225 84
129 228 17
129 230 38
129 273 63
129 233 96
129 235 38
129 237 1
129 239 46
130 264 55
130 266 52
130 271 52
130 145 81
130 279 55
130 284 45
130 285 76
130 292 96
130 175 35
130 178 1
130 189 0
130 192 2
130 209 4
130 238 24
130 246 62
131 136 95
131 141 71
131 174 3
131 286 91
131 172 89
131 181 17
131 186 100
131 204 84
131 233 31
131 226 50
131 231 5
131 236 68
131 239 18
131 244 96
131 247 29
131 250 3
131 251 34
132 258 49
132 260 81
132 133 22
132 214 13
132 283 67
132 165 86
132 298 86
132 185 60
132 191 32
132 203 84
132 291 12
132 220 65
132 221 70
132 223 65
132 293 94
132 233 56
132 235 12
132 237 25
132 170 14
132 254 53
133 147 60
133 152 97
133 154 41
133 239 100
133 287 99
133 166 55
133 170 28
133 179 45
133 190 32
133 203 85
133 206 33
133 212 48
133 214 22
133 228 40
133 237 13
134 264 95
134 142 73
134 274 28
134 147 94
134 285 60
134 166 7
134 296 9
134 195 96
134 208 91
134 215 58
134 248 81
135 291 20
135 146 43
135 297 48
135 279 7
135 242 92
135 240 62
135 237 69
135 181 95
135 153 85
135 185 41
136 187 89
136 147 17
136 262 75
136 248 12
136 150 51
136 169 20
136 184 89
136 185 63
136 260 45
137 268 54
137 272 33
137 154 35
137 296 67
137 179 25
137 180 13
137 181 62
137 202 100
137 205 30
137 218 99
137 225 74
137 230 13
137 237 71
138 227 95
138 196 80
138 167 69
138 275 54
138 204 30
138 202 50
138 236 16
138 163 95
138 147 10
138 254 42
138 247 11
138 186 45
138 283 97
138 223 46
139 155 31
139 158 28
139 170 19
139 182 46
139 194 82
139 196 50
139 200 68
139 209 84
139 221 63
139 235 90
140 265 8
140 271 45
140 282 68
140 158 92
140 292 41
140 293 44
140 296 76
140 181 96
140 192 65
140 202 78
140 207 32
140 214 11
140 228 78
141 143 35
141 153 50
141 285 9
141 159 26
141 165 43
141 168 11
141 183 62
141 199 12
141 208 51
141 211 51
141 248 21
142 179 40
142 263 72
142 266 62
142 267 91
142 274 63
142 276 3
142 282 88
142 285 6
142 219 0
142 299 83
142 178 94
142 211 35
142 250 90
142 253 7
143 273 53
143 275 0
143 278 26
143 283 1
143 167 70
143 171 8
143 203 21
143 234 71
143 249 53
143 255 45
144 266 14
144 153 47
144 162 26
144 294 21
144 156 65
144 170 81
144 176 77
144 191 23
144 201 51
144 204 33
144 212 46
144 216 18
144 218 56
144 219 91
144 229 25
144 231 53
144 251 20
145 256 72
145 257 49
145 258 45
145 272 98
145 151 20
145 196 45
145 166 57
145 295 1
145 297 67
145 170 76
145 184 1
145 223 91
145 203 91
145 271 76
145 248 20
146 285 49
146 286 27
146 293 68
146 296 81
146 180 6
146 184 74
146 186 67
146 189 35
146 191 28
146 192 69
146 200 2
146 205 81
146 227 67
146 166 74
146 239 2
146 240 97
146 241 66
146 251 52
147 256 23
147 257 9
147 148 72
147 149 56
147 287 13
147 184 81
147 219 82
147 224 38
147 228 97
147 234 9
147 251 89
148 259 32
148 261 10
148 153 57
148 239 4
148 160 32
148 169 92
148 172 91
148 243 56
148 189 77
148 182 32
148 199 39
148 204 100
148 205 91
148 275 28
148 245 69
148 253 46
149 261 79
149 265 42
149 272 67
149 273 16
149 279 85
149 160 12
149 161 65
149 293 30
149 170 74
149 177 66
149 185 25
149 191 90
149 207 47
149 165 49
149 225 17
149 228 41
149 253 33
150 188 86
150 278 22
150 261 27
150 264 43
150 297 63
150 267 40
150 254 95
150 178 56
150 213 95
150 152 87
150 187 20
151 257 1
151 265 23
151 268 22
151 277 65
151 289 3
151 174 91
151 180 9
151 187 12
151 192 26
151 199 71
151 200 81
151 201 51
151 214 67
151 227 81
152 153 85
152 196 52
152 163 34
152 299 14
152 157 50
152 182 46
152 202 49
152 213 65
152 221 16
152 248 95
153 262 6
153 259 78
153 276 30
153 155 83
153 296 58
153 192 95
153 206 13
153 230 56
153 238 53
154 259 100
154 266 48
154 269 80
154 270 94
154 271 85
154 287 72
154 173 1
154 174 6
154 176 33
154 178 94
154 268 41
154 211 55
154 214 59
154 216 59
154 250 66
154 222 75
154 225 91
154 235 74
154 274 27
154 254 70
155 263 10
155 157 25
155 159 83
155 168 29
155 174 36
155 201 23
155 219 99
155 231 49
155 251 63
155 298 62
156 261 96
156 264 91
156 276 99
156 283 49
156 159 54
156 163 62
156 176 35
156 206 97
156 210 82
156 214 3
156 221 19
156 225 9
156 272 49
156 247 31
157 257 40
157 283 37
157 168 69
157 169 18
157 177 22
157 193 19
157 206 84
157 224 75
157 232 84
157 237 12
157 249 30
157 200 64
157 254 53
158 291 16
158 299 98
158 176 45
158 183 95
158 186 72
158 191 16
158 198 42
158 203 100
158 218 22
158 226 92
158 228 2
158 236 2
158 210 90
158 240 22
158 245 100
159 268 90
159 282 77
159 184 56
159 196 52
159 202 20
159 213 77
159 217 49
159 219 68
159 221 55
159 226 3
159 234 3
159 236 50
159 245 12
159 249 46
159 253 65
160 262 79
160 272 89
160 296 59
160 208 60
160 230 67
160 232 94
160 241 28
160 191 84
160 254 86
161 256 18
161 278 15
161 279 38
161 170 43
161 191 42
161 239 33
161 253 77
162 272 40
162 285 40
162 165 41
162 295 52
162 168 100
162 299 44
162 182 21
162 190 21
162 224 90
162 228 86
162 240 48
162 249 66
162 252 53
163 257 3
163 262 57
163 275 69
163 289 15
163 167 68
163 170 80
163 180 5
163 198 51
163 207 76
163 235 80
163 244 97
163 245 34
163 252 28
164 240 72
164 289 9
164 275 91
164 224 27
164 256 61
164 208 47
164 241 63
164 279 67
164 280 82
165 256 52
165 271 91
165 280 86
165 283 54
165 284 81
165 169 52
165 187 8
165 210 27
165 220 77
165 223 70
165 246 27
166 194 84
166 274 38
166 286 84
166 289 31
166 181 27
166 187 19
166 192 74
166 195 17
166 196 92
166 242 57
166 250 83
166 253 93
167 283 97
167 172 32
167 177 100
167 178 84
167 180 70
167 188 47
167 189 30
167 196 88
167 210 6
167 219 77
168 270 5
168 286 47
168 283 86
168 176 69
168 179 7
168 182 80
168 189 43
168 181 48
168 219 47
168 232 26
168 241 99
168 244 19
169 265 62
169 273 99
169 297 97
169 202 82
169 212 17
169 276 5
170 279 21
170 287 32
170 196 96
170 206 37
170 211 91
170 226 12
170 230 17
170 235 82
171 278 38
171 280 62
171 288 11
171 179 69
171 184 22
171 200 65
171 220 30
171 235 55
171 251 17
172 243 67
172 277 30
172 262 58
172 202 13
172 204 25
172 240 30
172 177 70
172 212 96
172 217 9
172 255 98
173 276 48
173 285 88
173 289 6
173 299 29
173 198 5
173 212 75
173 270 84
173 238 62
173 245 13
173 252 99
173 253 34
174 259 95
174 271 23
174 200 83
174 204 59
174 208 81
174 224 31
174 242 99
174 245 14
175 268 36
175 285 62
175 200 75
175 202 56
175 210 55
175 237 85
175 241 34
175 254 70
176 261 45
176 274 32
176 286 70
176 288 93
176 292 21
176 180 30
176 185 37
176 188 85
176 193 100
176 200 62
176 202 97
176 206 60
176 210 68
176 219 45
176 254 93
177 224 2
177 263 55
177 231 19
177 299 64
177 253 98
177 280 43
177 274 11
177 248 66
177 251 98
178 265 54
178 299 71
178 222 76
178 182 29
178 183 47
178 194 19
178 202 36
178 233 0
179 256 45
179 259 67
179 262 9
179 265 88
179 288 72
179 297 28
179 299 16
179 195 17
179 200 64
179 208 42
179 241 10
179 249 32
180 293 6
180 187 10
180 194 76
180 200 46
180 201 56
180 215 5
180 219 63
180 224 28
180 235 35
180 245 77
180 248 15
181 264 22
181 270 97
181 281 33
181 218 70
181 290 64
181 294 95
181 222 8
181 188 30
181 212 71
181 229 38
181 230 6
181 236 79
182 237 30
182 277 86
182 285 9
182 294 65
182 189 39
182 247 89
182 219 81
182 227 50
183 261 41
183 274 82
183 294 85
183 196 96
183 202 92
183 205 63
183 207 37
183 225 1
183 229 34
183 235 24
183 239 92
183 245 57
184 256 3
184 266 18
184 270 46
184 274 71
184 277 98
184 284 11
184 294 78
184 298 30
184 190 94
184 191 80
184 192 16
184 194 76
184 202 24
184 233 56
184 223 27
184 225 54
184 239 63
185 287 51
185 297 62
185 194 0
185 203 25
185 206 15
185 223 11
185 224 34
185 225 87
186 272 48
186 273 2
186 259 19
186 291 65
186 297 66
186 298 44
186 225 75
186 228 100
186 236 19
186 239 67
186 240 30
186 241 88
186 248 7
187 273 37
187 277 48
187 292 67
187 191 17
187 193 52
187 195 5
187 196 8
187 206 45
187 212 7
188 281 61
188 286 16
188 287 45
188 292 95
188 293 48
188 199 97
188 201 57
188 216 30
188 229 0
188 241 24
188 254 82
189 298 54
189 204 37
189 206 67
189 245 19
189 249 88
190 267 88
190 268 22
190 269 95
190 294 91
190 200 26
190 203 28
190 209 63
190 212 99
190 228 68
190 233 73
190 234 83
190 236 36
190 246 26
191 258 97
191 259 67
191 268 59
191 273 74
191 281 80
191 282 71
191 283 93
191 285 52
191 292 95
191 296 16
191 198 14
191 222 52
192 257 87
192 264 89
192 265 38
192 269 88
192 273 3
192 277 28
192 286 28
192 221 63
192 249 75
193 279 88
193 268 96
193 237 48
193 207 74
193 240 81
193 225 10
194 196 15
194 244 55
194 232 5
194 204 15
194 272 71
194 241 31
194 249 63
194 253 91
195 265 81
195 270 92
195 239 67
195 293 56
195 205 83
195 207 23
195 209 23
195 227 73
195 228 22
195 224 19
195 230 57
196 256 76
196 271 24
196 285 83
196 292 67
196 203 56
196 217 33
196 218 87
196 254 62
197 293 32
197 296 2
197 221 97
198 259 86
198 270 57
198 237 60
198 291 62
198 274 93
198 299 82
198 269 73
198 212 56
198 220 99
198 225 73
198 228 78
198 240 26
198 242 12
198 251 46
198 253 82
199 260 92
199 214 71
199 269 75
199 271 83
199 281 71
199 285 37
199 286 93
199 290 26
199 291 4
199 299 0
199 243 74
199 210 2
199 215 7
199 238 7
199 242 73
200 299 92
200 277 18
200 278 84
200 281 79
200 294 49
200 204 34
200 267 62
200 218 3
200 238 70
200 240 13
201 288 46
201 261 41
201 205 75
201 257 13
201 253 37
201 254 56
201 255 58
202 256 57
202 260 91
202 269 65
202 279 100
202 224 13
202 244 22
202 245 14
203 258 46
203 265 17
203 282 44
203 211 75
203 218 60
203 233 29
203 234 80
203 238 54
203 247 33
203 254 25
204 270 59
204 286 14
205 257 3
205 292 6
205 295 23
205 207 69
205 211 44
205 223 60
205 237 35
205 238 82
206 259 37
206 284 15
206 212 40
206 219 18
207 264 84
207 277 70
207 287 20
207 299 17
207 211 9
207 210 78
208 264 6
208 291 94
208 262 6
208 247 15
208 227 33
208 230 80
209 263 50
209 266 17
209 278 10
209 291 60
209 213 73
209 219 24
209 220 54
209 222 9
209 225 66
209 234 9
209 235 97
209 246 74
210 213 4
210 219 69
210 220 96
210 222 28
210 223 53
210 227 32
210 229 46
210 231 48
210 232 78
210 295 47
211 266 97
211 272 17
211 258 62
211 231 81
211 277 3
212 270 51
212 274 13
212 278 78
212 285 51
212 213 51
212 271 20
212 222 10
212 233 67
212 237 27
212 242 29
212 246 0
212 251 61
213 217 16
213 222 55
213 229 51
213 230 2
213 233 21
213 236 70
213 237 60
213 245 12
213 252 83
214 274 68
214 290 32
214 295 31
214 299 34
214 228 85
214 231 18
214 251 35
215 291 74
215 272 57
215 228 87
215 282 3
215 222 62
216 228 37
216 284 21
216 247 26
216 281 62
216 218 50
217 272 90
217 294 14
217 218 72
217 228 76
217 241 30
218 261 48
218 262 73
218 263 20
218 274 30
218 293 9
218 219 28
218 235 77
219 267 16
219 278 8
219 288 1
219 290 33
219 293 36
219 225 18
219 229 33
219 238 98
219 244 49
220 271 98
220 281 78
220 260 93
220 289 78
220 290 56
220 224 55
220 225 33
220 240 4
220 245 27
220 251 34
221 259 47
221 230 22
221 269 56
221 285 3
221 254 35
222 258 95
222 260 55
222 272 16
222 276 50
222 283 94
222 284 28
222 287 27
222 292 51
222 294 47
222 299 29
222 231 88
222 236 9
222 251 62
223 258 16
223 261 80
223 263 46
223 285 35
223 292 5
223 299 73
223 226 77
223 231 59
223 236 63
224 266 40
224 284 66
224 241 0
224 248 28
225 268 95
225 289 98
225 295 23
225 238 77
225 240 82
225 250 1
226 266 49
226 267 66
226 269 52
226 275 55
226 282 6
226 291 14
226 228 87
226 244 21
226 253 52
227 273 3
227 237 77
227 254 11
228 260 78
228 267 8
228 235 35
228 236 19
228 239 72
228 247 57
229 277 27
230 258 23
230 278 19
230 284 83
230 286 53
230 241 88
231 259 74
231 264 95
231 273 20
231 289 6
231 292 69
231 293 85
232 258 81
232 290 36
232 292 51
232 296 80
232 285 44
232 243 19
233 269 9
233 291 97
233 294 85
233 243 57
233 239 4
233 254 37
234 270 95
234 271 30
234 275 65
234 285 60
235 274 54
235 260 55
235 244 40
235 250 81
236 258 68
236 262 98
236 270 28
236 281 2
236 282 24
236 249 83
236 239 37
237 256 56
237 263 3
237 269 21
237 271 12
237 290 86
237 291 53
237 297 98
237 257 8
237 244 57
238 266 59
238 269 100
238 275 82
238 284 10
238 293 13
238 255 16
239 260 85
239 263 19
239 273 74
239 278 58
239 297 4
239 274 37
239 276 42
239 254 56
240 271 24
241 256 62
241 268 95
241 278 85
241 281 25
241 282 56
241 291 77
241 248 26
241 249 77
241 250 70
241 251 48
242 256 56
242 267 49
242 269 38
242 280 11
243 257 59
243 265 7
243 273 33
243 282 29
244 267 74
244 291 79
244 254 55
245 257 50
245 265 83
245 274 29
245 276 70
245 294 63
245 295 92
245 298 76
245 246 21
245 251 77
245 255 8
246 263 75
246 271 63
246 273 46
246 283 24
247 269 0
247 278 24
247 295 7
247 267 19
247 251 26
248 264 92
248 266 45
248 268 30
248 274 44
248 286 20
248 290 31
249 260 9
249 298 91
249 252 59
250 259 86
250 268 16
250 269 97
250 274 96
250 285 8
250 286 6
250 293 80
250 275 44
251 258 36
251 263 71
251 273 93
251 290 74
252 298 17
253 262 11
253 278 75
253 292 32
254 284 97
254 289 31
254 293 81
254 297 44
254 270 71
254 255 52
255 270 92
256 258 55
256 273 47
257 270 22
257 283 95
257 295 48
258 271 78
258 276 69
259 299 16
260 262 10
260 263 15
260 283 14
260 287 15
261 278 92
262 279 64
262 283 24
262 286 12
262 287 48
262 293 18
263 267 17
263 278 55
263 294 97
263 298 25
264 268 2
264 276 45
264 290 54
265 266 27
265 276 10
265 292 73
265 293 14
265 294 49
266 275 30
266 292 16
267 271 51
267 299 13
268 277 24
268 294 83
269 280 56
269 288 33
270 291 49
271 281 2
271 292 21
272 279 96
272 285 99
272 287 75
272 292 41
273 279 22
273 296 91
274 289 21
274 277 56
276 281 81
277 297 23
279 283 21
279 295 71
281 294 94
281 298 86
283 289 60
283 299 12
284 289 66
284 295 2
285 291 62
285 299 26
286 287 16
286 291 11
286 299 39
287 295 71
290 292 36
290 294 50
290 297 35
291 295 39
293 297 59
293 299 3
