300 4000
0 7 62
0 10 44
0 271 23
0 273 45
0 18 84
0 153 83
0 284 100
0 32 84
0 161 48
0 164 33
0 37 64
0 297 51
0 185 67
0 193 68
0 196 45
0 212 50
0 86 95
0 216 43
0 36 45
0 230 81
0 109 99
0 238 67
0 243 19
0 120 6
1 256 39
1 262 23
1 135 6
1 264 49
1 271 2
1 17 78
1 148 87
1 281 50
1 286 29
1 31 30
1 291 15
1 164 75
1 42 69
1 47 60
1 176 53
1 136 57
1 54 21
1 55 22
1 57 4
1 189 58
1 71 63
1 200 61
1 201 14
1 74 36
1 208 37
1 83 15
1 216 26
1 95 23
1 99 63
1 104 50
1 105 95
1 109 81
1 8 6
1 123 76
1 255 33
2 256 36
2 260 14
2 134 63
2 7 78
2 141 94
2 273 93
2 146 29
2 282 65
2 28 2
2 33 97
2 165 51
2 181 57
2 57 98
2 195 65
2 198 78
2 76 35
2 204 17
2 83 11
2 93 71
2 94 45
2 98 44
2 231 57
2 112 57
2 113 61
2 114 35
2 246 51
3 128 40
3 43 39
3 260 61
3 261 47
3 262 63
3 8 73
3 10 92
3 12 68
3 145 40
3 19 52
3 283 18
3 159 94
3 32 98
3 33 81
3 27 80
3 165 36
3 294 99
3 297 8
3 299 78
3 174 68
3 178 36
3 51 88
3 54 46
3 56 14
3 64 45
3 160 99
3 73 54
3 83 26
3 88 39
3 228 59
3 234 16
3 107 18
3 110 11
4 261 3
4 273 47
4 274 16
4 276 25
4 25 33
4 155 11
4 35 57
4 167 68
4 169 69
4 27 17
4 283 5
4 189 22
4 193 93
4 69 42
4 206 43
4 80 21
4 208 60
4 226 43
4 99 83
4 103 52
4 119 79
4 126 91
5 149 95
5 192 15
5 67 1
5 195 4
5 197 17
5 232 100
5 140 17
5 234 14
5 139 11
5 172 90
5 173 9
5 77 74
5 99 47
5 147 63
5 21 87
5 23 1
5 47 59
5 126 77
5 223 23
6 279 23
6 18 9
6 147 83
6 23 64
6 280 35
6 29 86
6 292 87
6 293 74
6 166 99
6 44 69
6 177 34
6 62 60
6 191 65
6 65 44
6 195 37
6 197 52
6 203 27
6 210 63
6 211 74
6 87 72
6 95 63
6 230 47
6 105 50
6 111 40
6 245 27
6 249 60
7 261 15
7 137 32
7 147 20
7 21 47
7 151 9
7 156 93
7 157 81
7 158 64
7 110 93
7 164 63
7 299 87
7 177 3
7 53 60
7 54 65
7 58 85
7 59 35
7 224 31
7 194 98
7 68 65
7 197 12
7 200 36
7 208 2
7 83 96
7 85 86
7 88 21
7 96 55
7 233 80
7 109 31
7 238 93
7 239 81
7 245 88
7 120 10
7 250 32
7 123 14
7 255 30
8 261 82
8 136 0
8 15 18
8 272 8
8 149 58
8 26 40
8 160 74
8 162 35
8 36 90
8 40 21
8 43 22
8 174 97
8 177 77
8 183 86
8 62 9
8 64 22
8 71 63
8 55 3
8 77 13
8 208 13
8 164 5
8 220 3
8 98 39
8 228 56
8 106 4
8 296 76
8 244 86
8 251 38
8 124 8
9 130 44
9 268 31
9 13 97
9 152 18
9 283 58
9 30 18
9 31 71
9 38 9
9 298 5
9 172 11
9 179 63
9 183 47
9 62 44
9 65 76
9 194 80
9 69 72
9 74 67
9 141 31
9 209 45
9 210 13
9 84 10
9 221 29
9 95 12
9 96 40
9 228 48
9 294 59
9 103 80
9 114 62
9 244 15
10 142 27
10 271 0
10 145 33
10 28 50
10 298 22
10 172 14
10 48 11
10 65 80
10 68 48
10 76 33
10 212 86
10 85 72
10 87 26
10 225 60
10 233 23
10 236 97
10 111 22
10 118 81
10 251 61
10 213 33
11 261 45
11 135 60
11 12 22
11 23 46
11 179 89
11 154 8
11 289 71
11 291 23
11 29 11
11 51 27
11 181 47
11 55 53
11 188 21
11 190 15
11 191 15
11 161 45
11 200 2
11 210 45
11 90 49
11 219 32
11 220 60
11 238 66
12 258 54
12 260 72
12 135 9
12 136 38
12 137 98
12 140 46
12 142 68
12 15 62
12 272 93
12 24 72
12 292 2
12 38 93
12 66 11
12 195 79
12 75 61
12 139 6
12 216 10
12 221 14
12 100 60
12 235 97
12 236 72
12 239 54
12 123 76
13 256 3
13 134 46
13 268 31
13 270 15
13 274 46
13 150 86
13 152 14
13 25 16
13 27 66
13 30 98
13 287 17
13 299 19
13 53 31
13 182 15
13 59 94
13 62 91
13 67 84
13 70 68
13 204 12
13 77 69
13 78 75
13 88 29
13 219 32
13 92 19
13 99 93
13 107 15
13 108 30
13 117 16
13 253 98
13 255 97
14 133 20
14 268 30
14 275 99
14 20 28
14 150 48
14 156 83
14 288 17
14 294 39
14 295 48
14 168 9
14 172 68
14 179 9
14 52 89
14 54 28
14 60 40
14 65 91
14 200 24
14 81 54
14 211 11
14 227 79
14 106 7
14 167 70
14 119 16
15 264 88
15 267 65
15 146 55
15 25 61
15 288 60
15 293 99
15 180 37
15 184 61
15 62 19
15 63 53
15 32 47
15 72 83
15 207 52
15 84 51
15 93 44
15 97 94
15 98 55
15 103 92
15 234 26
15 243 70
15 245 18
15 246 82
15 250 67
15 251 69
15 125 83
16 134 42
16 271 42
16 150 31
16 30 71
16 31 19
16 262 98
16 296 52
16 176 65
16 178 20
16 56 56
16 186 24
16 61 89
16 191 95
16 196 92
16 198 55
16 72 4
16 205 10
16 210 11
16 58 52
16 229 83
16 237 37
16 40 59
16 116 5
16 253 26
17 130 90
17 97 60
17 104 4
17 83 92
17 140 85
17 151 86
17 78 21
17 143 92
17 51 56
17 117 70
17 279 90
17 217 8
17 186 35
17 249 44
17 220 14
17 257 10
17 30 85
17 63 25
18 259 83
18 265 36
18 149 28
18 278 29
18 153 1
18 282 22
18 155 80
18 288 29
18 290 84
18 41 87
18 45 65
18 48 98
18 178 18
18 179 71
18 53 19
18 56 44
18 185 33
18 60 92
18 63 51
18 192 99
18 32 1
18 194 39
18 196 12
18 246 4
18 72 5
18 202 24
18 207 70
18 81 54
18 86 92
18 221 41
18 99 10
18 233 33
18 239 16
18 116 60
18 118 0
19 257 46
19 260 10
19 275 37
19 149 100
19 279 79
19 283 2
19 35 25
19 296 62
19 179 94
19 181 11
19 186 64
19 61 19
19 66 65
19 69 16
19 198 29
19 200 11
19 204 93
19 206 32
19 81 1
19 100 49
19 235 94
19 108 78
19 242 24
19 248 45
19 122 1
19 253 63
19 254 76
20 137 82
20 266 5
20 145 88
20 275 25
20 21 37
20 151 50
20 163 21
20 37 78
20 242 9
20 176 27
20 52 86
20 55 48
20 56 93
20 189 64
20 192 38
20 202 56
20 83 17
20 220 1
20 221 30
20 229 6
20 232 57
20 237 33
20 114 76
20 211 38
20 244 39
20 117 23
20 121 49
20 250 55
20 252 6
21 266 52
21 142 52
21 25 78
21 154 36
21 156 3
21 158 12
21 293 23
21 295 81
21 168 37
21 174 80
21 53 78
21 57 18
21 58 19
21 195 39
21 77 4
21 208 79
21 211 99
21 186 94
21 221 100
21 95 42
21 227 89
21 115 78
22 133 43
22 267 2
22 268 21
22 145 49
22 288 37
22 161 35
22 292 22
22 37 49
22 299 18
22 185 6
22 64 80
22 74 60
22 78 62
22 90 15
22 100 70
22 104 91
22 237 13
22 113 61
22 115 10
22 245 51
22 250 66
22 127 86
23 128 89
23 132 94
23 137 6
23 140 54
23 159 31
23 37 81
23 190 8
23 192 18
23 194 37
23 201 59
23 75 65
23 79 91
23 208 32
23 211 21
23 222 4
23 229 29
23 102 36
23 231 33
23 239 69
23 241 56
23 243 61
23 244 18
24 137 16
24 149 82
24 154 89
24 31 25
24 292 79
24 37 34
24 294 38
24 167 77
24 171 10
24 175 85
24 177 35
24 50 29
24 56 52
24 190 64
24 71 81
24 78 59
24 210 42
24 91 63
24 230 60
24 238 5
24 249 82
24 123 53
24 125 66
24 277 20
25 134 19
25 265 67
25 138 56
25 152 15
25 31 96
25 169 36
25 42 47
25 175 24
25 51 58
25 60 32
25 200 3
25 73 77
25 76 81
25 81 66
25 83 76
25 86 7
25 217 65
25 91 56
25 98 87
25 231 72
25 238 82
25 240 44
25 246 17
25 122 16
26 131 42
26 134 44
26 144 28
26 150 51
26 27 29
26 159 51
26 289 8
26 164 18
26 184 28
26 62 45
26 66 31
26 72 43
26 76 60
26 83 75
26 217 4
26 222 58
26 229 27
26 238 26
26 239 73
26 116 93
26 252 6
26 127 97
27 256 10
27 130 82
27 259 91
27 266 22
27 149 17
27 34 57
27 37 49
27 58 81
27 59 29
27 192 70
27 195 80
27 198 18
27 79 31
27 85 9
27 229 9
27 102 25
27 109 79
27 253 58
27 241 86
27 120 48
27 250 99
27 125 12
28 264 28
28 139 25
28 272 69
28 278 19
28 156 55
28 292 100
28 168 71
28 41 51
28 52 12
28 296 93
28 267 5
28 69 47
28 79 22
28 85 63
28 284 90
28 223 51
28 227 51
28 108 4
28 241 22
28 246 26
28 252 94
29 134 57
29 141 62
29 271 18
29 269 37
29 150 24
29 282 58
29 31 68
29 289 55
29 162 57
29 291 24
29 164 54
29 293 23
29 294 20
29 167 14
29 298 85
29 45 79
29 181 51
29 183 58
29 56 1
29 66 15
29 195 73
29 197 43
29 79 10
29 97 82
29 232 59
29 245 66
29 119 32
29 252 79
30 134 32
30 267 29
30 282 5
30 285 30
30 158 15
30 160 18
30 289 94
30 36 80
30 168 99
30 171 23
30 45 83
30 46 96
30 47 94
30 52 86
30 60 1
30 190 68
30 65 61
30 198 85
30 210 3
30 92 18
30 98 45
30 230 21
30 188 4
30 115 8
30 233 70
30 248 93
31 135 51
31 264 62
31 194 36
31 142 70
31 146 56
31 279 57
31 284 41
31 287 79
31 168 46
31 43 73
31 47 70
31 55 37
31 64 80
31 66 52
31 201 51
31 79 31
31 249 5
31 96 27
31 137 57
32 135 95
32 139 59
32 141 10
32 285 99
32 34 29
32 36 9
32 295 32
32 168 40
32 178 23
32 51 5
32 53 44
32 182 8
32 184 21
32 95 7
32 192 50
32 76 88
32 77 54
32 79 70
32 214 39
32 216 71
32 220 76
32 223 68
32 102 11
32 246 14
32 249 68
32 126 36
33 140 3
33 271 62
33 147 43
33 277 65
33 36 56
33 166 84
33 46 91
33 176 51
33 195 13
33 198 56
33 199 33
33 207 28
33 80 35
33 81 68
33 86 68
33 87 63
33 218 25
33 109 52
33 114 86
33 243 66
33 244 84
33 252 56
34 129 37
34 130 83
34 260 39
34 265 41
34 267 29
34 269 78
34 147 19
34 149 60
34 278 32
34 37 56
34 166 76
34 169 77
34 42 78
34 44 38
34 175 67
34 177 35
34 50 78
34 180 46
34 186 44
34 68 2
34 74 44
34 207 93
34 220 0
34 94 62
34 95 88
34 228 59
34 236 55
34 114 52
34 122 82
35 230 64
35 133 15
35 260 30
35 42 94
35 140 84
35 269 74
35 288 15
35 81 15
35 51 80
35 182 25
35 281 68
35 248 10
35 153 65
35 58 83
35 255 33
35 285 46
35 126 20
35 293 59
36 128 7
36 138 5
36 139 70
36 154 38
36 284 67
36 41 2
36 74 14
36 71 61
36 202 25
36 83 31
36 222 21
36 95 34
36 107 44
36 237 99
36 242 3
36 246 40
36 252 18
37 261 89
37 290 41
37 239 48
37 149 7
37 53 99
37 186 48
37 190 45
37 192 37
37 193 27
37 66 96
37 196 96
37 71 7
37 201 14
37 74 89
37 77 20
37 78 52
37 208 100
37 82 41
37 84 100
37 213 27
37 222 49
37 105 52
37 111 75
37 255 96
38 256 39
38 129 77
38 259 91
38 134 57
38 142 4
38 282 54
38 291 44
38 293 61
38 168 40
38 42 69
38 176 99
38 177 81
38 187 44
38 189 52
38 196 50
38 69 63
38 95 70
38 229 38
38 111 0
38 240 77
38 120 13
38 125 22
38 254 20
39 257 31
39 118 6
39 193 89
39 136 30
39 266 44
39 55 0
39 109 1
39 270 73
39 80 71
39 242 98
39 179 13
39 182 93
39 183 12
39 88 74
39 217 72
40 66 66
40 168 88
40 176 75
40 49 98
40 182 7
40 56 54
40 188 41
40 192 62
40 193 30
40 194 8
40 198 31
40 71 55
40 80 23
40 82 14
40 213 65
40 100 10
40 229 59
40 232 8
40 109 2
40 104 31
40 246 7
40 264 40
41 265 50
41 267 88
41 268 61
41 279 84
41 152 26
41 154 22
41 282 73
41 290 85
41 168 71
41 170 99
41 44 53
41 48 91
41 52 44
41 53 97
41 55 3
41 56 36
41 61 46
41 190 38
41 66 29
41 68 29
41 71 12
41 204 90
41 208 93
41 211 53
41 85 59
41 95 42
41 229 31
41 107 51
41 238 21
41 189 66
42 256 14
42 258 55
42 265 99
42 279 57
42 284 87
42 285 46
42 158 35
42 159 85
42 160 22
42 162 4
42 167 25
42 168 61
42 299 98
42 181 70
42 184 88
42 75 76
42 77 25
42 208 22
42 81 7
42 87 100
42 166 84
42 111 68
42 240 64
42 123 50
42 254 4
43 145 91
43 276 82
43 152 45
43 156 44
43 162 49
43 292 31
43 171 80
43 253 7
43 54 32
43 202 23
43 98 13
43 90 34
43 91 2
43 101 52
43 221 53
43 95 75
43 226 50
43 229 6
43 110 68
43 111 55
43 112 79
43 113 69
43 115 57
43 122 15
43 125 34
44 162 35
44 203 59
44 165 20
44 135 63
44 177 9
44 262 93
44 66 67
44 226 77
44 113 95
44 213 84
44 248 84
44 217 83
44 186 55
44 125 39
44 62 8
44 191 80
45 64 3
45 258 7
45 262 36
45 265 98
45 159 66
45 291 42
45 165 59
45 171 16
45 172 16
45 157 6
45 51 49
45 52 87
45 191 18
45 192 82
45 66 4
45 202 9
45 163 37
45 86 59
45 93 23
45 95 8
45 97 86
45 233 86
45 111 62
45 125 15
46 262 58
46 263 8
46 267 65
46 275 9
46 281 66
46 166 28
46 167 83
46 297 100
46 298 97
46 135 29
46 180 28
46 74 94
46 80 19
46 214 54
46 218 36
46 99 91
46 230 45
46 233 3
46 236 62
46 111 41
46 240 13
46 244 55
46 245 21
46 120 78
47 65 4
47 201 73
47 134 78
47 231 87
47 296 98
47 161 10
47 109 35
47 77 40
47 48 78
47 293 21
47 205 96
47 51 68
47 279 19
47 185 28
47 186 86
47 101 20
47 285 59
48 259 1
48 280 71
48 147 70
48 152 98
48 281 91
48 288 52
48 168 4
48 177 4
48 50 77
48 179 40
48 183 49
48 189 42
48 194 59
48 195 89
48 118 87
48 78 95
48 82 42
48 83 92
48 217 44
48 225 69
48 232 0
48 111 10
48 113 26
48 246 22
48 250 35
49 256 81
49 129 28
49 258 45
49 259 1
49 135 42
49 140 98
49 158 0
49 161 72
49 290 21
49 291 8
49 298 28
49 177 11
49 184 55
49 187 53
49 75 70
49 69 46
49 71 17
49 168 46
49 203 82
49 87 59
49 88 70
49 218 75
49 225 96
49 99 36
49 59 52
49 117 25
50 133 67
50 135 66
50 137 74
50 271 28
50 277 44
50 155 81
50 158 35
50 291 55
50 297 51
50 171 64
50 179 27
50 52 23
50 56 34
50 61 34
50 191 48
50 66 99
50 68 72
50 77 74
50 81 88
50 251 85
50 112 56
50 244 26
50 122 45
50 123 61
51 256 46
51 260 2
51 261 51
51 270 8
51 146 45
51 259 42
51 160 79
51 297 85
51 171 17
51 174 75
51 52 15
51 59 12
51 288 24
51 139 49
51 69 26
51 213 16
51 221 27
51 96 71
51 67 3
51 103 67
51 236 95
51 110 5
51 111 7
51 244 95
51 121 0
51 127 100
52 132 72
52 262 25
52 215 46
52 282 22
52 155 18
52 285 37
52 159 33
52 163 59
52 177 11
52 61 55
52 193 77
52 200 73
52 203 95
52 204 28
52 205 86
52 87 1
52 219 76
52 95 64
52 103 54
52 235 9
52 236 38
52 121 38
52 124 50
52 254 39
52 255 26
53 132 59
53 264 75
53 137 64
53 267 93
53 275 54
53 276 86
53 287 2
53 295 35
53 296 67
53 56 51
53 70 56
53 211 51
53 212 75
53 214 99
53 227 77
53 103 27
53 113 70
53 147 10
53 244 53
53 245 8
53 118 14
54 256 75
54 264 56
54 141 45
54 146 47
54 277 74
54 281 93
54 162 90
54 164 95
54 186 94
54 69 44
54 81 49
54 292 2
54 221 40
54 225 99
54 230 16
54 231 8
54 110 44
54 244 7
54 248 27
54 249 41
55 128 77
55 130 32
55 262 98
55 236 25
55 269 91
55 149 43
55 185 64
55 59 77
55 194 64
55 204 98
55 80 50
55 210 84
55 211 91
55 87 59
55 89 21
55 95 17
55 97 77
55 100 32
55 208 58
55 110 8
55 276 92
55 123 95
55 254 54
56 131 3
56 138 20
56 139 30
56 140 82
56 279 58
56 156 11
56 165 89
56 180 91
56 183 3
56 187 11
56 61 38
56 192 65
56 200 22
56 204 26
56 207 56
56 209 25
56 221 12
56 144 21
56 227 2
56 101 75
56 102 13
57 256 77
57 83 64
57 97 9
57 294 70
57 231 36
57 265 99
57 170 27
57 109 45
57 77 56
57 205 23
57 179 77
57 280 100
57 281 34
57 58 77
57 220 89
57 286 69
57 159 81
58 257 54
58 259 84
58 134 41
58 139 59
58 140 91
58 281 92
58 161 4
58 165 2
58 294 4
58 296 31
58 298 86
58 180 61
58 182 95
58 192 91
58 193 38
58 197 44
58 204 83
58 205 22
58 212 53
58 216 90
58 220 35
58 94 73
58 166 82
58 109 22
58 240 39
58 114 30
58 118 68
58 120 32
58 124 2
59 257 72
59 109 91
59 273 99
59 280 61
59 283 67
59 286 18
59 162 74
59 163 60
59 292 54
59 171 48
59 178 61
59 63 89
59 76 52
59 80 4
59 84 16
59 214 96
59 249 87
59 89 12
59 143 30
59 99 9
59 233 5
59 237 25
59 118 30
59 121 6
59 126 81
60 263 30
60 137 57
60 139 31
60 141 52
60 155 83
60 288 94
60 175 43
60 180 55
60 111 50
60 191 81
60 198 98
60 202 94
60 207 74
60 83 22
60 225 57
60 228 41
60 231 4
60 107 3
60 239 45
60 117 40
60 251 11
61 257 25
61 267 42
61 143 28
61 279 84
61 282 50
61 163 84
61 165 33
61 186 63
61 151 55
61 73 13
61 76 4
61 205 14
61 224 49
61 231 16
61 239 79
61 240 16
61 115 55
61 254 4
61 250 91
61 126 52
61 127 60
62 214 96
62 262 90
62 265 60
62 140 52
62 152 19
62 280 91
62 168 1
62 145 59
62 171 99
62 177 86
62 72 7
62 74 89
62 76 76
62 227 79
62 86 36
62 87 4
62 94 30
62 99 32
62 102 12
62 103 54
62 107 55
62 115 63
62 246 26
62 250 8
62 125 35
63 256 94
63 258 76
63 267 2
63 270 73
63 144 40
63 276 87
63 281 94
63 285 42
63 287 74
63 160 18
63 167 47
63 179 35
63 183 15
63 66 82
63 226 86
63 109 37
63 238 49
63 111 62
63 114 66
63 116 96
63 247 68
63 255 88
64 97 28
64 263 31
64 201 90
64 170 5
64 299 72
64 172 5
64 109 74
64 174 49
64 79 80
64 81 38
64 212 88
64 238 88
64 265 57
64 156 52
64 157 57
64 215 64
65 129 51
65 130 37
65 259 77
65 260 64
65 134 68
65 264 2
65 266 34
65 140 73
65 273 17
65 148 9
65 151 27
65 157 56
65 175 61
65 183 28
65 192 32
65 194 67
65 81 11
65 123 91
65 100 20
65 231 72
65 122 14
65 251 81
65 253 20
65 127 31
66 129 52
66 137 54
66 269 67
66 155 98
66 156 100
66 290 3
66 293 30
66 170 47
66 177 9
66 180 84
66 189 51
66 195 65
66 199 19
66 76 29
66 217 37
66 219 91
66 221 83
66 222 10
66 228 75
66 103 24
66 231 95
66 116 3
66 245 5
66 120 15
67 214 92
67 258 74
67 198 39
67 70 73
67 105 0
67 79 1
67 240 43
67 177 47
67 213 61
67 118 63
67 119 50
68 128 24
68 268 86
68 270 84
68 145 66
68 172 95
68 173 6
68 183 85
68 199 8
68 205 80
68 78 81
68 94 61
68 251 88
68 230 58
68 105 36
68 106 78
68 237 56
68 239 39
68 243 31
68 116 22
68 248 57
68 123 85
69 129 78
69 258 81
69 260 68
69 179 8
69 134 60
69 140 17
69 146 62
69 151 4
69 155 17
69 286 7
69 291 26
69 294 49
69 169 11
69 298 71
69 190 94
69 193 80
69 118 62
69 71 42
69 203 81
69 80 42
69 84 46
69 91 13
69 108 56
69 116 70
69 246 82
69 121 28
69 123 25
70 131 40
70 263 87
70 265 57
70 144 10
70 275 78
70 217 95
70 159 32
70 160 13
70 292 45
70 166 53
70 169 21
70 135 82
70 175 65
70 180 100
70 185 17
70 141 93
70 88 67
70 228 16
70 100 55
70 229 34
70 230 9
70 103 28
70 116 81
70 119 51
70 122 59
70 255 38
71 267 91
71 94 0
71 298 95
71 181 92
71 193 8
71 203 14
71 75 10
71 206 7
71 210 39
71 212 8
71 218 14
71 91 67
71 222 47
71 223 98
71 224 14
71 225 14
71 227 31
71 103 22
71 104 74
71 233 24
71 253 50
71 254 49
71 127 6
72 257 92
72 259 24
72 261 14
72 129 52
72 265 11
72 276 96
72 151 40
72 281 9
72 156 35
72 164 61
72 169 9
72 77 7
72 86 93
72 95 6
72 97 96
72 232 92
72 242 78
72 121 96
72 122 7
72 251 69
73 133 42
73 137 63
73 266 81
73 139 64
73 282 43
73 156 63
73 285 64
73 290 83
73 294 65
73 295 97
73 172 13
73 186 14
73 193 6
73 194 77
73 197 62
73 206 60
73 210 67
73 211 49
73 85 89
73 101 36
73 102 74
74 135 1
74 275 48
74 290 50
74 164 22
74 298 93
74 175 97
74 176 0
74 199 75
74 207 19
74 80 26
74 209 39
74 214 60
74 224 11
74 231 22
74 236 47
74 238 74
74 239 68
74 241 60
74 243 65
74 116 2
75 262 8
75 108 97
75 269 48
75 142 73
75 145 66
75 283 19
75 168 89
75 174 53
75 201 34
75 76 63
75 270 59
75 86 50
75 225 9
75 227 46
75 232 90
75 236 84
75 237 5
75 296 57
75 252 62
75 298 63
76 144 6
76 153 75
76 290 82
76 297 17
76 181 10
76 192 45
76 160 55
76 198 32
76 209 57
76 99 79
76 214 99
76 87 19
76 217 59
76 219 48
76 98 76
76 227 73
76 101 86
76 106 54
76 239 14
76 112 72
76 242 83
76 253 96
77 128 78
77 132 48
77 136 31
77 142 17
77 272 36
77 275 100
77 151 78
77 281 18
77 286 8
77 289 87
77 167 6
77 298 88
77 194 94
77 202 15
77 141 95
77 86 9
77 249 58
77 219 8
77 93 83
77 94 4
77 293 59
77 231 85
77 233 15
77 234 68
77 253 70
77 121 81
78 258 13
78 265 2
78 273 0
78 149 22
78 155 81
78 289 65
78 162 64
78 298 46
78 181 81
78 206 17
78 208 93
78 209 3
78 211 87
78 213 92
78 152 70
78 219 97
78 231 81
78 108 10
78 112 68
78 123 91
78 126 35
78 127 45
79 259 83
79 265 57
79 154 90
79 163 76
79 165 76
79 166 53
79 175 9
79 188 26
79 203 54
79 88 97
79 94 91
79 223 89
79 241 19
79 249 21
80 258 81
80 263 100
80 270 55
80 274 47
80 159 8
80 288 51
80 298 48
80 177 66
80 191 38
80 201 77
80 203 97
80 207 25
80 210 17
80 227 92
80 142 57
80 99 23
80 229 81
80 103 97
80 109 33
80 118 52
80 122 51
80 251 88
80 252 6
81 258 20
81 261 28
81 135 37
81 149 21
81 150 67
81 279 68
81 291 39
81 190 25
81 197 42
81 205 54
81 83 95
81 86 88
81 91 83
81 220 10
81 94 53
81 236 80
81 239 90
81 240 59
81 245 5
81 254 89
81 255 35
82 257 92
82 130 37
82 260 11
82 265 42
82 140 78
82 258 75
82 162 74
82 295 93
82 170 70
82 299 94
82 174 97
82 188 55
82 198 0
82 208 97
82 210 86
82 103 5
82 233 90
82 235 53
82 238 88
82 241 69
82 254 82
83 128 5
83 133 52
83 262 20
83 259 73
83 282 14
83 291 27
83 172 21
83 177 53
83 179 46
83 192 72
83 195 47
83 211 17
83 212 9
83 85 21
83 95 86
83 106 4
83 250 68
83 254 11
84 257 83
84 130 93
84 259 100
84 136 51
84 266 72
84 151 67
84 268 41
84 271 58
84 90 2
84 278 44
84 279 26
84 157 87
84 290 96
84 163 59
84 164 37
84 264 82
84 179 13
84 181 33
84 198 16
84 202 9
84 204 20
84 206 9
84 218 42
84 225 92
84 100 66
84 106 60
84 108 97
84 115 76
84 118 86
84 122 64
84 125 55
85 257 33
85 136 64
85 152 45
85 282 10
85 157 32
85 161 91
85 164 38
85 170 4
85 182 92
85 184 56
85 97 52
85 217 28
85 225 12
85 227 84
85 103 83
85 105 50
85 112 44
85 242 87
85 115 14
85 118 87
86 132 71
86 261 25
86 140 63
86 141 59
86 145 67
86 157 10
86 167 88
86 297 18
86 179 1
86 203 79
86 87 46
86 105 27
86 111 27
86 245 16
87 136 27
87 109 3
87 150 48
87 156 93
87 157 91
87 286 54
87 292 6
87 177 53
87 174 33
87 175 50
87 243 50
87 202 20
87 205 52
87 207 55
87 96 30
87 108 33
87 237 71
87 110 84
87 240 93
87 113 45
87 115 57
87 190 30
87 246 58
88 259 96
88 157 33
88 164 40
88 294 83
88 168 10
88 170 6
88 176 46
88 179 5
88 185 53
88 204 95
88 215 92
88 217 39
88 91 44
88 94 90
88 228 47
88 102 29
88 234 50
88 238 94
88 115 24
88 244 100
88 253 22
89 257 31
89 259 73
89 260 64
89 133 23
89 135 93
89 137 41
89 139 5
89 272 10
89 150 44
89 158 2
89 295 92
89 179 90
89 181 64
89 199 97
89 207 22
89 213 15
89 222 8
89 187 95
89 228 76
89 230 79
89 233 22
89 245 2
89 125 32
90 263 86
90 264 23
90 138 54
90 140 20
90 278 26
90 281 5
90 159 43
90 133 26
90 165 21
90 172 90
90 192 85
90 206 100
90 229 67
90 230 20
90 112 25
90 241 82
90 245 50
90 126 31
91 135 98
91 273 37
91 274 20
91 159 6
91 298 97
91 225 7
91 208 49
91 210 21
91 280 81
91 217 55
91 222 86
91 96 78
91 97 4
91 102 53
91 231 7
91 118 21
92 129 79
92 130 20
92 263 73
92 286 79
92 151 29
92 296 50
92 171 79
92 174 48
92 176 7
92 158 95
92 189 73
92 200 23
92 213 27
92 214 6
92 94 13
92 98 51
92 108 82
92 109 10
92 239 58
92 240 1
92 121 31
92 250 35
92 127 46
93 261 26
93 264 5
93 266 49
93 275 57
93 151 48
93 281 63
93 155 38
93 291 50
93 297 62
93 175 86
93 182 77
93 187 93
93 196 41
93 211 49
93 143 63
93 229 90
93 104 5
93 238 100
93 239 87
93 244 7
93 245 61
93 120 90
94 129 95
94 145 7
94 274 91
94 279 27
94 281 65
94 284 98
94 157 94
94 159 0
94 288 67
94 291 9
94 165 1
94 175 89
94 192 68
94 199 8
94 207 9
94 216 49
94 95 17
94 228 18
94 232 42
94 105 51
94 241 5
94 248 78
94 253 88
95 271 66
95 145 94
95 275 78
95 291 3
95 298 85
95 174 52
95 187 59
95 247 62
95 105 95
95 239 59
95 244 21
95 233 46
95 123 78
95 183 11
96 128 13
96 258 78
96 259 59
96 264 32
96 273 49
96 283 71
96 159 57
96 161 0
96 162 83
96 169 43
96 171 48
96 181 23
96 190 13
96 197 65
96 236 79
96 113 54
96 114 64
96 117 76
96 253 41
97 261 5
97 135 5
97 282 61
97 289 90
97 164 2
97 294 62
97 186 72
97 195 21
97 220 13
97 145 75
97 105 28
97 110 22
97 241 26
97 247 86
97 120 38
97 250 14
97 253 66
98 129 30
98 260 44
98 150 72
98 272 34
98 278 90
98 156 85
98 180 12
98 181 5
98 206 73
98 211 22
98 212 54
98 222 37
98 231 54
98 241 11
98 116 5
98 121 11
99 153 64
99 159 69
99 295 30
99 298 3
99 178 67
99 195 72
99 205 17
99 209 50
99 230 91
99 234 94
99 107 7
99 239 24
99 120 95
100 265 53
100 276 36
100 279 30
100 288 82
100 289 80
100 166 15
100 179 43
100 194 23
100 196 40
100 197 99
100 206 30
100 213 53
100 214 36
100 222 52
100 238 22
100 251 99
101 141 13
101 280 49
101 285 26
101 159 63
101 288 0
101 161 95
101 290 83
101 163 71
101 299 3
101 186 63
101 191 3
101 204 44
101 210 44
101 223 33
101 107 26
101 236 81
101 254 10
102 256 12
102 128 95
102 130 98
102 269 1
102 271 72
102 145 84
102 152 37
102 154 45
102 219 57
102 298 50
102 180 17
102 288 17
102 200 54
102 215 28
102 217 68
102 248 15
102 249 82
102 250 35
102 125 79
103 128 43
103 135 76
103 267 69
103 146 91
103 297 73
103 274 56
103 183 29
103 184 64
103 189 39
103 203 86
103 254 64
103 220 25
103 109 62
103 245 42
103 249 54
103 252 92
103 126 27
104 258 93
104 131 25
104 132 63
104 262 74
104 151 60
104 157 78
104 158 49
104 160 57
104 170 56
104 176 39
104 179 31
104 184 18
104 194 63
104 204 68
104 122 73
104 126 91
105 194 69
105 259 65
105 161 0
105 167 63
105 238 23
105 195 87
105 152 33
105 185 53
105 179 57
106 225 84
106 163 63
106 161 87
106 231 15
106 172 5
106 267 82
106 208 35
106 238 18
106 212 74
106 270 26
106 180 33
106 124 32
106 222 31
107 224 82
107 289 43
107 194 45
107 199 93
107 108 10
107 226 5
107 210 5
107 276 27
107 245 40
107 117 95
107 149 73
108 129 60
108 259 9
108 269 16
108 270 42
108 145 19
108 148 99
108 152 17
108 162 45
108 164 82
108 294 1
108 181 30
108 208 84
108 114 66
108 147 9
108 116 61
108 246 70
108 121 55
109 129 41
109 143 26
109 273 76
109 275 20
109 150 89
109 279 30
109 280 1
109 156 44
109 162 24
109 165 3
109 174 37
109 190 32
109 289 13
109 200 30
109 201 49
109 218 96
109 219 40
109 234 0
109 111 94
109 147 9
109 117 35
109 250 19
110 193 93
110 132 65
110 145 21
110 275 74
110 297 37
110 138 86
110 141 83
110 269 95
110 209 59
110 178 95
110 244 25
110 167 25
110 222 76
111 260 84
111 137 51
111 151 97
111 141 90
111 142 27
111 273 26
111 275 81
111 279 35
111 152 65
111 285 9
111 288 27
111 185 31
111 266 3
111 214 44
111 228 58
111 248 62
111 191 9
111 252 88
112 115 75
112 164 23
112 273 79
112 170 18
112 267 74
112 210 92
112 243 35
112 245 25
112 150 96
112 119 14
112 159 91
112 285 53
112 286 12
113 133 96
113 136 82
113 138 4
113 145 84
113 157 7
113 158 14
113 160 49
113 289 9
113 278 53
113 166 79
113 169 50
113 178 22
113 266 26
113 181 11
113 197 88
113 202 51
113 239 87
113 243 91
113 252 5
114 260 24
114 138 45
114 267 96
114 146 39
114 275 50
114 132 68
114 164 64
114 168 83
114 176 96
114 290 32
114 188 55
114 199 95
114 200 75
114 205 56
114 217 43
114 241 46
114 117 68
114 247 2
114 124 69
115 132 30
115 270 34
115 147 1
115 160 12
115 298 20
115 205 85
115 216 22
115 218 45
115 245 42
115 251 54
115 253 28
116 134 95
116 270 77
116 148 60
116 278 97
116 286 72
116 164 99
116 296 16
116 172 31
116 197 16
116 198 61
116 214 76
116 216 89
116 219 98
116 221 49
116 117 91
116 248 53
117 132 14
117 140 7
117 274 9
117 278 95
117 152 9
117 282 82
117 285 7
117 159 36
117 209 98
117 218 90
117 223 66
117 227 41
117 238 95
117 246 69
117 125 59
117 254 53
118 128 2
118 131 38
118 134 11
118 265 38
118 269 81
118 270 5
118 259 95
118 150 73
118 154 95
118 156 74
118 286 40
118 160 15
118 161 5
118 163 78
118 292 65
118 298 47
118 182 28
118 183 6
118 184 64
118 210 88
118 234 95
118 235 91
118 275 53
118 119 6
118 122 83
118 255 0
118 127 68
119 152 41
119 260 63
119 154 73
119 285 12
119 163 28
119 294 58
119 170 62
119 178 89
119 180 34
119 202 45
119 217 58
119 230 94
119 234 76
119 247 90
119 125 39
120 257 2
120 132 98
120 136 32
120 128 0
120 143 62
120 284 25
120 157 28
120 287 93
120 162 28
120 296 30
120 194 16
120 213 70
120 222 56
120 226 72
120 237 3
121 288 34
121 227 11
121 162 31
121 168 47
121 188 53
121 203 97
121 189 5
121 122 76
121 157 83
121 254 8
122 140 14
122 278 10
122 288 72
122 293 29
122 191 74
122 200 75
122 268 11
122 202 16
122 290 4
122 208 98
122 245 87
122 124 33
123 269 57
123 142 19
123 141 100
123 149 67
123 153 10
123 291 30
123 178 88
123 182 34
123 207 97
123 216 93
123 219 61
123 222 42
123 239 0
123 242 21
123 127 36
124 128 56
124 288 93
124 229 72
124 145 83
124 264 62
124 169 80
124 298 44
124 225 22
124 204 87
124 271 60
124 189 69
124 276 81
124 155 82
124 221 95
124 286 79
125 138 59
125 277 67
125 154 37
125 290 41
125 155 38
125 298 4
125 177 69
125 180 30
125 186 60
125 187 49
125 188 44
125 215 41
125 231 64
125 235 66
125 239 80
125 252 3
126 270 64
126 272 42
126 275 100
126 290 75
126 163 56
126 170 47
126 182 14
126 186 22
126 211 96
126 218 46
126 221 97
126 234 0
126 238 16
126 127 88
127 259 60
127 137 66
127 140 51
127 269 26
127 280 28
127 153 52
127 155 73
127 154 27
127 158 6
127 295 55
127 176 49
127 178 52
127 218 38
127 225 13
127 247 70
128 192 2
128 261 84
128 176 77
128 178 58
128 148 92
128 245 25
128 155 53
129 134 100
129 263 63
129 265 36
129 270 96
129 280 72
129 284 41
129 163 12
129 177 40
129 178 78
129 187 70
129 199 93
129 162 61
130 256 28
130 257 96
130 260 10
130 261 22
130 276 62
130 151 44
130 156 43
130 293 78
130 296 77
130 169 77
130 172 16
130 176 83
130 199 3
130 203 41
130 204 61
131 289 83
131 219 71
131 262 37
131 167 88
131 138 11
131 239 15
131 144 10
131 243 39
131 222 86
131 182 10
131 155 27
131 157 91
131 254 82
131 287 10
132 161 100
132 245 73
132 211 75
132 202 78
132 235 19
132 143 53
132 253 6
133 260 39
133 278 34
133 262 88
133 265 0
133 150 18
133 217 92
133 284 1
133 154 93
133 160 21
133 162 63
133 292 89
133 134 88
133 168 54
133 299 66
133 173 15
133 174 59
133 296 80
133 199 44
133 202 87
133 207 52
133 214 96
133 225 71
133 228 14
133 229 48
133 237 87
133 254 57
134 260 2
134 137 68
134 146 0
134 149 6
134 151 56
134 175 39
134 287 86
134 289 73
134 197 51
134 141 61
134 214 4
134 225 33
134 250 59
135 137 23
135 280 23
135 281 24
135 154 44
135 158 68
135 292 40
135 173 62
135 182 81
135 190 44
135 206 51
135 207 55
135 220 45
135 249 49
136 258 63
136 259 30
136 139 6
136 161 94
136 163 21
136 295 27
136 181 74
136 183 84
136 184 7
136 202 5
136 217 3
136 233 47
137 151 64
137 275 79
137 276 65
137 153 28
137 155 2
137 286 97
137 160 33
137 162 36
137 297 13
137 190 58
137 223 53
137 230 76
137 231 54
137 235 6
137 250 62
138 261 83
138 167 9
138 279 63
138 235 51
138 208 80
138 227 36
138 278 91
138 247 83
138 185 86
138 250 3
138 282 65
138 267 1
139 299 82
139 261 45
139 267 65
139 157 2
139 169 27
139 170 81
139 171 52
139 182 66
139 183 72
139 184 24
139 185 71
139 200 99
139 156 81
139 213 67
139 221 61
139 209 23
139 235 46
139 236 81
139 239 1
139 244 47
140 261 5
140 262 54
140 281 61
140 160 86
140 290 98
140 201 28
140 153 5
140 253 91
141 147 95
141 151 73
141 280 94
141 156 27
141 161 86
141 293 78
141 169 23
141 174 23
141 196 77
141 200 65
141 201 43
141 205 77
141 223 9
141 225 91
142 257 79
142 258 30
142 147 45
142 149 13
142 158 92
142 287 49
142 175 38
142 180 31
142 186 24
142 245 46
142 247 51
142 255 68
143 260 37
143 154 77
143 156 69
143 160 84
143 291 75
143 292 66
143 169 82
143 221 59
143 189 30
143 183 83
143 186 88
143 192 50
143 215 12
143 216 24
143 228 89
143 234 27
143 238 67
143 239 97
143 241 96
143 247 29
143 251 36
144 258 48
144 265 30
144 270 72
144 145 77
144 282 7
144 289 64
144 291 5
144 292 90
144 175 84
144 200 89
144 216 6
144 225 23
144 226 30
144 241 62
144 242 95
144 244 36
144 250 30
144 255 7
145 269 39
145 147 64
145 154 70
145 284 83
145 169 50
145 187 52
145 208 60
145 236 18
146 272 39
146 274 77
146 291 83
146 262 53
146 185 84
146 195 25
146 197 27
146 215 47
146 222 51
146 230 79
146 235 65
146 247 64
146 254 100
147 256 65
147 257 54
147 271 81
147 278 99
147 152 0
147 158 36
147 163 56
147 170 87
147 171 36
147 179 55
147 184 22
147 191 60
147 192 94
147 202 26
147 204 46
147 222 69
147 236 47
147 251 74
148 162 47
148 228 4
148 266 81
148 194 2
148 176 83
148 210 80
148 212 36
148 277 45
148 252 84
148 181 10
149 259 82
149 266 33
149 153 48
149 154 49
149 288 50
149 298 37
149 299 59
149 194 96
149 198 86
149 223 51
149 224 64
150 265 50
150 296 59
150 299 11
150 196 59
150 246 38
150 201 25
150 204 18
150 270 31
150 238 63
151 283 72
151 163 80
151 165 15
151 168 13
151 171 92
151 176 36
151 208 69
151 215 37
151 221 91
151 224 75
151 230 6
151 243 96
151 276 43
152 256 98
152 281 94
152 239 10
152 284 56
152 157 36
152 286 85
152 292 96
152 298 78
152 285 75
152 188 9
152 191 4
152 195 34
152 197 4
152 214 81
152 216 53
152 220 18
152 237 39
152 153 56
153 199 32
153 205 56
153 273 8
153 276 82
153 280 34
153 221 32
154 259 9
154 263 46
154 275 97
154 284 24
154 159 6
154 160 83
154 289 19
154 291 57
154 167 0
154 297 59
154 231 94
154 277 45
155 257 31
155 265 62
155 267 54
155 289 93
155 290 49
155 164 19
155 177 12
155 197 27
155 199 15
155 231 41
155 238 72
155 239 37
155 241 18
156 273 21
156 275 94
156 283 71
156 172 4
156 188 0
156 191 94
156 197 0
156 199 13
156 205 0
156 210 31
156 237 11
156 223 89
156 224 52
156 244 44
156 245 31
156 250 72
157 264 76
157 265 98
157 268 50
157 272 85
157 282 76
157 286 4
157 290 91
157 299 89
157 173 48
157 189 82
157 202 25
157 205 56
157 224 39
157 236 3
157 243 53
157 255 64
158 281 33
158 159 84
158 163 1
158 297 84
158 298 83
158 177 58
158 179 86
158 199 88
158 220 25
158 214 9
158 218 10
158 222 58
158 238 85
158 251 74
159 269 61
159 280 71
159 287 80
159 169 44
159 181 10
159 183 28
159 188 77
159 192 85
159 211 9
159 223 14
159 241 100
160 270 20
160 273 96
160 288 63
160 295 21
160 170 74
160 176 4
160 243 33
160 230 25
160 249 73
160 191 42
161 256 94
161 259 68
161 276 97
161 168 84
161 297 0
161 176 37
161 192 20
161 246 86
161 209 61
161 227 6
161 235 11
161 243 40
161 244 4
162 259 70
162 268 8
162 275 52
162 280 25
162 281 4
162 283 76
162 287 35
162 293 2
162 166 82
162 297 53
162 236 32
162 183 92
162 199 64
162 201 41
162 202 36
162 206 19
162 233 41
162 243 44
162 244 18
162 255 4
163 258 21
163 257 81
163 284 59
163 299 54
163 180 51
163 215 56
163 230 53
163 235 60
163 248 25
163 254 73
164 277 89
164 240 65
164 291 28
164 174 77
164 189 73
164 194 12
164 216 48
164 218 57
164 223 26
164 235 31
165 261 32
165 269 88
165 239 67
165 291 100
165 177 43
165 181 8
165 189 19
165 190 6
165 194 85
165 200 29
165 212 25
165 228 47
165 230 6
165 247 97
166 290 27
166 283 89
166 169 96
166 298 56
166 171 50
166 183 81
166 217 70
166 226 61
166 231 90
166 232 15
166 242 67
166 245 73
167 214 2
167 280 10
167 286 63
167 289 7
167 294 87
167 297 84
167 171 36
167 175 15
167 270 34
167 217 29
167 220 99
167 224 88
167 245 37
167 247 56
168 258 88
168 260 53
168 265 51
168 269 60
168 275 0
168 278 35
168 177 33
168 185 32
168 189 50
168 204 19
168 210 81
168 211 83
168 213 26
168 225 93
168 251 27
169 256 56
169 258 21
169 263 46
169 285 2
169 177 85
169 178 31
169 190 36
169 191 90
169 196 20
169 211 99
169 218 15
169 228 23
169 232 26
169 239 23
169 240 14
169 250 64
170 256 33
170 258 93
170 261 74
170 286 8
170 182 21
170 186 22
170 288 88
170 211 26
170 221 51
170 226 88
170 229 24
170 244 56
170 251 22
171 256 2
171 258 47
171 261 56
171 182 98
171 189 41
171 208 10
171 212 10
171 228 46
171 242 30
172 272 7
172 277 99
172 280 4
172 285 43
172 289 97
172 291 45
172 175 30
172 182 48
172 191 90
172 193 48
172 201 5
172 223 36
172 227 74
172 253 74
172 255 85
173 225 35
173 290 91
173 295 29
173 297 5
173 234 36
173 267 92
173 204 0
173 226 70
173 272 29
173 205 97
173 176 37
173 207 88
173 278 96
173 216 70
173 251 11
174 275 54
174 281 82
174 283 89
174 290 72
174 189 98
174 203 39
174 197 71
174 204 96
174 205 9
174 231 61
174 233 54
174 249 98
174 253 38
175 262 18
175 273 16
175 221 93
175 177 64
175 178 22
175 280 8
175 187 32
175 191 34
175 198 30
175 219 74
175 222 3
175 227 57
176 270 5
176 292 24
176 298 54
176 195 42
176 204 91
176 209 50
176 213 82
176 215 33
176 218 67
176 219 66
176 222 86
176 228 18
176 250 7
177 258 94
177 272 34
177 273 5
177 285 33
177 262 29
177 294 42
177 180 60
177 200 56
177 218 38
177 224 28
177 227 40
177 234 33
178 264 74
178 299 64
178 193 9
178 221 94
178 272 76
178 226 13
178 245 20
178 250 76
178 253 8
179 258 96
179 260 36
179 291 82
179 292 40
179 211 14
179 213 90
179 223 24
179 224 70
179 228 47
179 229 66
179 235 20
179 238 51
180 259 58
180 266 89
180 278 89
180 196 4
180 212 26
180 225 80
180 241 51
180 244 86
181 291 77
181 297 97
181 186 88
181 206 99
181 208 88
181 229 30
181 232 29
181 240 56
181 247 35
181 298 100
182 270 99
182 279 22
182 287 12
182 290 40
182 190 98
182 199 27
182 200 80
182 227 82
182 228 14
182 230 50
182 238 63
182 249 95
183 264 53
183 266 78
183 269 17
183 289 41
183 216 93
183 217 42
183 225 34
183 245 49
184 293 82
184 297 93
184 187 18
184 190 60
184 191 75
184 193 50
184 214 74
184 225 76
184 227 58
184 251 54
184 253 21
185 236 43
185 232 1
185 278 36
186 286 28
186 294 70
186 195 76
186 197 96
186 203 100
186 205 89
186 219 40
186 232 9
187 270 76
187 277 80
187 282 6
187 287 13
187 189 74
187 196 83
187 204 12
187 214 35
187 224 93
187 229 15
187 232 64
187 234 0
188 284 13
188 236 95
188 233 14
188 285 43
188 254 84
188 277 49
188 247 70
188 219 15
189 256 21
189 262 32
189 194 14
189 290 100
189 296 82
189 297 68
189 200 62
189 206 1
189 207 25
189 212 63
189 271 23
189 228 72
189 269 15
189 237 8
189 242 48
189 247 6
190 261 86
190 266 40
190 271 10
190 280 56
190 277 18
190 265 10
190 219 64
190 229 34
190 245 69
190 247 99
191 259 41
191 273 4
191 286 61
191 288 48
191 209 43
191 213 87
191 214 69
191 215 62
191 250 61
191 208 71
191 233 66
191 240 32
192 256 64
192 259 89
192 213 94
193 256 83
193 265 99
193 271 64
193 272 30
193 275 40
193 276 7
193 292 53
193 196 15
193 204 85
193 209 50
193 232 21
193 235 1
194 284 41
194 288 5
194 290 95
194 291 10
194 218 46
194 220 88
194 223 93
194 232 93
194 245 97
194 233 46
195 259 43
195 269 74
195 271 97
195 280 60
195 276 7
195 287 84
195 297 98
195 298 61
195 202 41
195 206 29
195 228 88
195 230 73
195 231 47
195 238 89
195 245 39
195 233 49
196 260 59
196 283 32
196 285 13
196 292 21
196 199 41
196 205 86
196 224 22
196 242 51
196 245 83
196 250 56
197 256 1
197 266 50
197 291 5
197 201 62
197 212 84
197 219 94
197 238 65
198 274 6
198 285 19
198 218 31
198 220 64
198 229 0
198 235 18
198 275 93
198 246 75
198 252 79
199 256 78
199 264 0
199 275 49
199 202 30
199 225 39
199 228 10
199 229 91
199 230 83
200 242 95
200 208 58
200 215 3
200 225 29
200 234 55
200 238 11
201 257 43
201 275 48
201 283 78
201 292 90
201 215 91
201 223 66
201 243 54
201 249 88
202 263 19
202 272 100
202 261 16
202 289 91
202 203 75
202 213 44
202 223 21
202 274 64
202 238 78
202 242 90
202 253 22
203 265 72
203 268 63
203 273 94
203 284 78
203 291 45
203 294 100
203 295 72
203 206 53
203 217 6
203 220 13
203 232 48
204 259 82
204 216 100
204 283 33
204 205 67
204 209 20
204 223 3
204 240 6
204 242 24
204 253 44
205 215 27
205 296 31
205 219 19
205 233 10
205 234 100
205 235 82
205 244 70
205 246 19
205 247 79
205 250 84
206 278 62
206 289 85
206 296 68
206 298 14
206 217 86
206 219 69
206 223 88
206 235 15
206 246 16
206 251 30
206 254 95
207 260 16
207 266 2
207 268 68
207 284 98
207 295 58
207 226 59
207 241 24
207 243 51
208 278 33
208 281 58
208 282 70
208 287 54
208 295 17
208 299 91
208 224 50
208 246 99
209 265 47
209 299 33
209 212 37
209 245 99
209 280 40
210 257 7
210 261 38
210 262 30
210 274 11
210 289 71
210 214 100
210 219 78
210 223 16
210 226 54
210 247 82
211 261 3
211 272 6
211 288 77
211 251 25
212 226 19
212 278 88
212 283 65
212 286 40
213 271 55
213 272 58
213 217 64
213 220 9
213 245 76
214 261 7
214 270 12
214 275 99
214 288 44
214 219 34
214 222 37
214 228 81
214 234 99
214 250 38
214 253 57
215 257 14
215 258 8
215 264 46
215 287 82
215 289 13
215 299 27
215 228 15
215 230 35
215 253 72
216 261 11
216 264 39
216 270 84
216 276 73
216 282 93
216 224 39
216 226 19
216 247 54
216 253 77
216 255 36
217 261 82
217 267 63
217 276 12
217 284 45
218 240 97
218 271 27
219 278 85
219 282 79
219 286 94
219 289 4
219 242 99
219 247 34
220 259 57
220 270 75
220 276 38
220 221 79
220 242 35
220 254 67
221 256 61
221 262 48
221 281 19
221 282 85
221 297 33
221 267 24
221 240 82
221 249 84
221 252 3
222 265 27
222 276 28
222 287 61
222 293 77
222 248 87
222 249 36
222 253 21
223 272 4
223 281 86
223 238 62
223 246 78
223 249 39
223 252 63
223 255 20
224 249 24
224 248 100
224 287 72
225 262 78
225 278 18
225 290 73
225 291 87
225 293 13
225 266 82
225 232 50
225 250 2
225 252 19
226 227 19
226 268 37
226 283 44
227 258 64
227 268 27
227 266 38
227 249 36
227 235 57
227 255 59
228 257 52
228 277 96
228 284 37
228 239 8
228 245 35
228 247 6
228 251 76
229 256 21
229 268 26
229 272 59
229 277 41
229 279 39
229 285 31
229 295 54
229 232 67
229 248 1
230 265 78
230 267 84
230 289 97
230 236 96
230 274 77
230 243 27
230 253 85
231 281 52
231 288 59
231 235 96
231 239 37
232 264 100
232 271 51
232 272 27
232 278 62
232 288 27
232 290 41
232 291 80
232 293 93
232 235 21
232 238 43
232 239 44
232 240 97
233 262 30
233 269 87
233 270 70
233 282 1
234 294 7
234 259 4
234 237 92
235 266 35
235 292 53
235 247 64
236 263 15
236 264 23
236 270 6
236 287 13
236 288 12
236 299 44
236 273 15
236 239 99
236 247 30
236 254 77
237 259 67
237 248 44
237 284 30
238 280 11
238 276 80
238 282 34
238 292 30
238 255 68
239 264 69
239 281 0
239 286 81
239 241 74
240 265 99
240 278 100
240 281 78
240 294 41
240 295 68
240 299 6
240 241 22
240 242 57
240 249 0
241 259 29
241 262 5
241 273 92
241 278 45
241 251 0
241 255 84
242 271 59
242 290 26
242 296 16
243 263 44
243 292 85
243 296 76
243 248 81
243 251 71
243 255 25
244 256 11
244 262 91
244 267 10
244 268 85
244 248 46
245 257 85
246 264 54
246 271 9
246 281 10
246 293 33
246 295 28
246 297 79
246 250 65
246 252 84
247 276 84
247 277 60
247 299 91
247 266 0
247 274 54
248 289 34
248 297 80
248 292 51
248 282 61
249 264 62
249 268 68
249 272 72
249 253 99
250 261 96
250 292 63
250 253 65
250 255 14
251 283 83
251 286 45
251 293 21
251 295 19
252 269 38
252 278 93
252 280 79
253 258 57
253 266 77
253 270 51
253 277 75
253 287 93
253 291 44
253 292 86
253 272 78
253 275 55
254 298 60
255 258 69
255 278 2
255 281 17
256 267 86
256 279 87
256 285 2
256 296 53
257 296 24
257 299 98
258 261 86
258 262 63
258 271 72
258 275 92
259 269 92
260 286 10
261 277 50
261 284 39
261 295 52
262 293 55
262 296 60
263 291 98
263 294 51
263 269 10
263 271 17
263 266 39
264 273 41
264 290 55
264 296 7
265 287 57
265 290 80
265 272 4
266 273 90
267 272 74
267 275 1
267 280 22
267 283 83
268 270 74
268 299 76
269 288 95
270 274 57
270 283 79
270 289 18
270 295 53
271 289 52
272 278 9
272 292 55
273 283 100
274 289 51
274 290 19
274 286 46
274 278 25
275 287 55
277 288 38
278 279 22
278 281 17
278 282 6
278 292 33
278 295 64
279 295 38
279 297 71
281 284 48
281 296 24
282 285 43
283 293 94
284 285 45
284 290 70
284 291 83
285 292 65
285 294 17
286 292 31
286 299 46
288 295 11
290 296 32
293 296 40
293 298 64
295 299 97
