300 4000
0 98 98
0 82 44
0 293 54
0 10 30
0 141 66
0 173 88
0 176 68
0 113 9
0 50 19
0 84 34
0 278 92
0 248 65
0 121 4
0 218 77
0 123 9
0 124 85
0 190 26
0 37 55
1 130 62
1 132 83
1 261 93
1 10 73
1 271 77
1 16 96
1 147 89
1 22 19
1 154 98
1 30 91
1 287 15
1 168 80
1 171 57
1 50 71
1 51 39
1 66 52
1 200 77
1 202 41
1 209 2
1 86 53
1 81 91
1 232 78
1 240 81
1 296 89
1 123 25
1 253 46
2 258 46
2 261 55
2 87 17
2 272 40
2 273 19
2 146 92
2 147 49
2 24 1
2 153 8
2 156 15
2 133 86
2 169 5
2 45 6
2 178 53
2 179 68
2 53 55
2 182 90
2 159 92
2 61 76
2 190 45
2 199 92
2 200 86
2 78 55
2 84 40
2 215 65
2 231 81
2 108 17
2 116 46
3 130 79
3 35 68
3 295 86
3 172 17
3 117 66
3 253 78
3 240 16
3 17 62
3 210 73
3 115 40
3 52 23
3 57 3
3 54 21
3 249 2
3 121 82
3 187 96
3 28 9
3 285 69
3 191 83
4 179 71
4 266 43
4 144 95
4 28 55
4 158 80
4 33 15
4 295 89
4 169 28
4 173 85
4 49 59
4 51 82
4 188 8
4 196 54
4 199 50
4 98 82
4 229 47
4 102 57
4 106 61
4 167 87
4 113 78
4 116 81
4 117 62
4 246 86
4 121 70
4 124 86
4 234 59
5 6 34
5 10 54
5 142 48
5 143 10
5 18 89
5 277 78
5 36 3
5 165 71
5 172 53
5 45 94
5 47 86
5 55 16
5 64 60
5 68 85
5 202 13
5 204 63
5 93 46
5 99 83
5 238 9
5 114 64
5 250 3
5 126 65
6 131 93
6 132 60
6 261 68
6 264 64
6 274 35
6 147 9
6 280 53
6 283 89
6 289 60
6 293 26
6 180 4
6 94 64
6 189 30
6 191 77
6 65 62
6 199 82
6 222 22
6 98 91
6 109 95
6 242 84
6 118 7
6 252 40
7 133 65
7 47 65
7 138 5
7 267 29
7 13 92
7 60 4
7 153 5
7 283 38
7 288 84
7 240 70
7 166 29
7 39 19
7 175 31
7 179 54
7 187 1
7 188 6
7 266 25
7 68 90
7 69 6
7 202 6
7 269 9
7 85 60
7 88 75
7 221 12
7 229 81
7 233 31
7 111 52
7 112 95
7 113 32
8 133 80
8 9 87
8 11 36
8 268 83
8 24 43
8 161 55
8 36 30
8 294 27
8 39 48
8 297 10
8 56 89
8 190 61
8 200 27
8 12 6
8 202 48
8 79 61
8 184 74
8 214 34
8 223 2
8 101 5
8 102 13
8 81 42
8 234 95
8 237 86
8 241 71
8 140 34
8 243 79
8 116 73
9 257 42
9 132 39
9 279 39
9 27 68
9 286 45
9 292 14
9 166 36
9 167 18
9 169 69
9 50 69
9 179 61
9 52 100
9 56 5
9 180 29
9 196 86
9 201 93
9 80 21
9 213 14
9 90 21
9 222 42
9 95 6
9 102 95
9 103 30
9 114 79
9 118 84
9 248 70
9 250 73
9 253 77
9 126 84
10 264 97
10 272 97
10 20 55
10 151 63
10 280 93
10 27 79
10 133 88
10 33 62
10 44 15
10 48 92
10 183 73
10 185 10
10 58 34
10 191 41
10 66 43
10 119 61
10 80 13
10 83 43
10 87 99
10 186 5
10 224 31
10 103 14
10 111 84
10 247 10
10 120 66
10 123 67
10 127 48
11 129 57
11 262 17
11 135 17
11 23 52
11 24 95
11 283 53
11 156 46
11 218 78
11 161 95
11 41 7
11 298 0
11 45 35
11 46 83
11 58 3
11 60 40
11 61 16
11 190 29
11 195 42
11 196 44
11 200 92
11 79 46
11 209 52
11 212 34
11 90 19
11 95 31
11 102 57
11 188 7
11 235 81
11 239 41
11 251 74
11 170 33
12 259 34
12 264 6
12 15 20
12 144 36
12 18 68
12 19 32
12 23 44
12 196 7
12 37 39
12 42 79
12 299 33
12 54 42
12 183 89
12 68 21
12 197 60
12 202 35
12 75 90
12 85 39
12 86 100
12 217 78
12 228 66
12 233 100
12 146 76
12 111 58
12 116 31
12 245 7
12 120 16
12 136 47
12 251 22
12 252 1
12 125 35
13 259 82
13 23 61
13 278 26
13 151 5
13 28 95
13 29 60
13 284 45
13 172 15
13 174 94
13 157 96
13 177 19
13 180 48
13 56 99
13 63 70
13 193 85
13 118 35
13 200 75
13 75 13
13 216 74
13 218 72
13 92 38
13 226 51
13 227 98
13 238 73
13 241 85
13 246 54
13 251 25
13 252 16
13 255 99
14 129 78
14 278 26
14 263 62
14 16 51
14 150 4
14 279 37
14 162 5
14 167 76
14 46 40
14 176 79
14 180 18
14 195 76
14 199 76
14 200 25
14 206 62
14 120 5
14 211 33
14 90 79
14 98 6
14 109 56
14 241 90
14 242 48
14 248 47
14 252 14
15 133 94
15 134 32
15 264 21
15 139 30
15 275 12
15 148 85
15 277 50
15 282 92
15 283 91
15 33 62
15 40 1
15 42 0
15 175 35
15 51 43
15 67 29
15 71 73
15 78 46
15 211 76
15 212 44
15 218 17
15 92 17
15 222 1
15 102 44
15 252 27
15 237 84
15 114 24
15 147 20
15 124 100
16 149 59
16 133 6
16 262 64
16 269 0
16 271 39
16 21 19
16 22 36
16 281 97
16 283 41
16 290 83
16 36 35
16 134 66
16 294 0
16 39 44
16 169 66
16 47 26
16 50 9
16 183 92
16 56 97
16 200 81
16 75 65
16 78 9
16 207 43
16 80 17
16 215 65
16 218 99
16 96 64
16 97 61
16 38 59
16 240 59
16 121 16
16 166 61
16 127 42
17 262 3
17 263 74
17 266 71
17 139 6
17 271 99
17 272 18
17 145 81
17 22 28
17 24 54
17 25 19
17 154 82
17 27 33
17 286 43
17 161 48
17 171 84
17 176 47
17 51 47
17 53 83
17 183 73
17 57 80
17 59 91
17 68 52
17 80 4
17 214 68
17 143 82
17 280 57
17 223 2
17 233 43
17 108 67
17 250 40
17 252 2
17 253 87
18 67 65
18 285 54
18 158 52
18 288 17
18 290 0
18 297 43
18 299 7
18 46 60
18 175 98
18 176 85
18 195 45
18 72 47
18 140 97
18 80 100
18 218 41
18 222 22
18 224 34
18 98 10
18 103 91
18 112 40
18 116 61
18 120 78
19 257 88
19 263 79
19 145 78
19 146 74
19 278 9
19 153 39
19 28 85
19 29 15
19 290 66
19 40 2
19 49 21
19 201 40
19 56 61
19 185 80
19 193 26
19 69 90
19 200 19
19 73 52
19 76 31
19 208 48
19 83 54
19 89 22
19 221 26
19 222 10
19 96 6
19 100 68
19 102 95
19 234 60
19 237 47
19 240 14
19 243 96
19 118 66
20 193 51
20 290 87
20 163 12
20 37 47
20 70 89
20 201 80
20 76 90
20 207 60
20 273 87
20 54 38
20 88 49
20 121 0
20 218 16
20 284 17
20 63 99
21 256 82
21 257 99
21 258 71
21 262 68
21 130 59
21 270 10
21 274 65
21 155 69
21 156 39
21 125 74
21 177 72
21 187 15
21 189 68
21 198 97
21 97 2
21 76 86
21 80 96
21 209 91
21 82 100
21 84 7
21 85 49
21 95 12
21 96 49
21 225 87
21 234 52
21 239 8
21 241 13
21 245 1
21 247 17
21 248 47
21 253 49
21 255 38
22 135 63
22 138 93
22 273 66
22 147 44
22 29 33
22 160 17
22 163 56
22 263 4
22 257 36
22 46 51
22 49 82
22 179 59
22 188 38
22 288 58
22 68 92
22 82 41
22 229 7
22 98 68
22 101 35
22 104 38
22 118 77
23 256 97
23 134 97
23 265 56
23 266 99
23 277 33
23 153 3
23 156 71
23 158 86
23 160 95
23 164 71
23 46 16
23 178 39
23 52 38
23 137 79
23 184 6
23 195 17
23 99 83
23 104 12
23 117 57
24 257 18
24 260 40
24 134 14
24 148 87
24 280 92
24 132 53
24 282 9
24 158 57
24 292 70
24 41 91
24 179 52
24 56 29
24 194 60
24 79 100
24 212 85
24 214 87
24 219 88
24 105 27
24 235 39
24 108 21
24 120 94
24 127 10
25 132 30
25 270 83
25 144 98
25 274 7
25 275 100
25 276 31
25 149 57
25 89 76
25 26 11
25 286 39
25 287 79
25 160 44
25 165 34
25 41 70
25 299 2
25 49 69
25 179 94
25 181 11
25 64 74
25 195 75
25 71 69
25 206 29
25 83 100
25 212 67
25 217 85
25 226 47
25 228 8
25 229 33
25 241 48
26 133 99
26 142 55
26 276 65
26 282 8
26 155 77
26 285 78
26 261 35
26 36 56
26 47 58
26 176 26
26 57 52
26 60 57
26 207 68
26 216 73
26 164 65
26 92 40
26 225 90
26 233 21
26 107 33
26 108 23
26 109 88
26 110 29
26 251 43
26 252 90
27 129 49
27 230 12
27 262 87
27 145 97
27 40 14
27 201 49
27 74 26
27 268 18
27 269 63
27 142 28
27 156 23
27 181 51
27 54 35
27 185 37
27 72 91
27 89 70
27 92 6
27 158 18
28 130 34
28 136 59
28 138 93
28 270 15
28 174 28
28 33 72
28 290 50
28 36 86
28 38 78
28 40 90
28 298 47
28 43 32
28 173 93
28 46 87
28 48 88
28 52 35
28 68 59
28 211 50
28 109 38
28 245 79
28 248 100
28 122 39
28 277 21
29 261 41
29 134 91
29 136 77
29 268 13
29 148 53
29 284 71
29 30 64
29 287 94
29 161 59
29 35 15
29 170 66
29 299 79
29 44 37
29 53 50
29 181 91
29 75 72
29 204 88
29 77 63
29 78 62
29 81 41
29 210 6
29 213 73
29 90 94
29 94 74
29 100 80
29 114 86
29 246 6
29 247 35
29 251 22
29 85 35
29 255 92
30 260 56
30 136 22
30 267 6
30 141 42
30 281 8
30 31 28
30 33 44
30 34 13
30 163 75
30 36 29
30 294 59
30 168 7
30 41 23
30 285 42
30 181 80
30 182 22
30 53 39
30 191 47
30 75 53
30 71 21
30 201 4
30 203 54
30 208 36
30 82 75
30 215 14
30 292 3
30 95 79
30 226 97
30 100 68
30 230 42
30 234 7
30 121 9
30 255 31
31 259 91
31 264 35
31 267 78
31 194 5
31 270 97
31 144 50
31 153 41
31 298 40
31 43 63
31 175 16
31 59 22
31 66 76
31 67 98
31 68 89
31 199 39
31 202 79
31 77 95
31 212 41
31 216 12
31 96 89
31 231 72
31 107 49
31 250 77
31 253 22
32 225 34
32 194 58
32 155 7
32 100 93
32 102 27
32 135 50
32 200 4
32 187 88
32 241 45
32 66 62
32 175 75
32 177 32
32 116 66
32 196 92
32 56 1
32 152 31
32 281 37
32 123 54
32 183 48
32 223 86
33 80 23
33 132 14
33 48 26
33 188 14
33 234 20
33 43 81
33 204 44
33 109 75
33 112 6
33 271 9
33 52 44
33 279 88
33 125 7
33 252 3
33 202 16
34 256 41
34 257 83
34 133 6
34 264 2
34 128 95
34 142 38
34 276 84
34 150 17
34 282 78
34 261 39
34 165 36
34 296 8
34 42 63
34 173 50
34 56 39
34 59 59
34 64 19
34 213 26
34 216 11
34 227 8
34 233 79
34 248 95
34 124 21
35 96 55
35 97 69
35 130 97
35 260 8
35 166 52
35 103 30
35 275 78
35 112 54
35 39 93
35 108 21
35 60 16
35 176 76
35 177 23
35 243 59
35 148 12
35 122 52
35 251 2
35 188 37
35 94 39
36 137 7
36 139 46
36 268 13
36 153 28
36 289 92
36 171 29
36 46 18
36 189 49
36 184 25
36 60 52
36 61 44
36 190 46
36 267 14
36 70 90
36 71 15
36 72 78
36 73 29
36 202 17
36 78 82
36 80 29
36 217 18
36 224 26
36 272 14
36 226 48
36 228 10
36 101 11
36 236 93
36 239 42
36 252 31
37 256 84
37 135 58
37 270 2
37 273 20
37 284 29
37 293 2
37 299 1
37 45 91
37 51 61
37 52 50
37 182 23
37 56 74
37 188 79
37 73 41
37 80 69
37 85 11
37 214 73
37 216 92
37 218 53
37 219 25
37 222 44
37 230 50
37 103 62
37 232 10
37 110 46
37 243 77
37 246 80
37 124 87
38 129 55
38 136 69
38 274 73
38 149 75
38 281 94
38 283 32
38 177 80
38 43 8
38 264 96
38 183 26
38 56 72
38 57 72
38 61 55
38 72 54
38 77 70
38 216 57
38 218 61
38 223 69
38 144 43
38 107 85
38 238 15
38 244 31
38 247 100
38 252 7
39 129 79
39 258 17
39 267 49
39 141 63
39 154 53
39 162 85
39 135 27
39 48 14
39 50 26
39 51 9
39 56 77
39 192 48
39 65 10
39 73 95
39 76 92
39 205 79
39 87 84
39 222 25
39 102 24
39 232 8
39 234 71
39 107 74
39 245 51
39 246 54
39 249 67
39 124 94
40 260 39
40 138 88
40 144 100
40 277 31
40 283 81
40 286 72
40 159 58
40 289 10
40 291 92
40 295 78
40 174 46
40 48 91
40 59 50
40 69 72
40 97 42
40 106 41
40 235 89
40 237 47
41 138 15
41 278 85
41 151 61
41 282 54
41 158 32
41 289 19
41 294 3
41 167 95
41 169 29
41 171 65
41 50 27
41 178 52
41 179 13
41 71 73
41 226 27
41 233 78
41 281 26
41 240 51
41 241 41
41 242 8
41 105 52
41 251 80
41 252 14
41 127 84
42 259 21
42 139 67
42 145 0
42 146 5
42 147 62
42 295 7
42 174 37
42 182 37
42 62 23
42 67 66
42 201 58
42 76 80
42 79 29
42 271 21
42 93 56
42 222 97
42 223 2
42 242 73
42 275 32
42 116 18
42 118 1
42 253 29
43 260 95
43 137 44
43 138 59
43 144 5
43 148 89
43 281 57
43 293 64
43 297 29
43 298 65
43 173 65
43 180 92
43 58 17
43 61 98
43 190 5
43 71 12
43 76 12
43 80 38
43 83 47
43 100 59
43 105 82
43 106 43
43 120 63
43 250 71
43 125 45
44 136 24
44 275 93
44 278 24
44 151 1
44 282 16
44 286 42
44 162 24
44 165 12
44 296 52
44 157 15
44 179 48
44 185 19
44 266 58
44 193 52
44 69 33
44 70 85
44 73 20
44 80 11
44 84 66
44 86 88
44 220 14
44 232 25
44 239 38
44 118 20
44 127 74
45 128 75
45 129 25
45 269 68
45 278 38
45 152 77
45 154 53
45 288 46
45 172 11
45 174 58
45 187 79
45 189 55
45 72 21
45 80 8
45 209 4
45 212 52
45 85 26
45 96 81
45 227 80
45 234 8
45 235 18
45 109 24
45 110 35
45 121 93
45 125 27
46 128 73
46 154 27
46 158 88
46 48 46
46 50 9
46 51 74
46 185 84
46 58 5
46 61 3
46 195 0
46 207 69
46 210 72
46 83 61
46 99 86
46 228 2
46 111 13
46 240 64
46 249 99
46 126 15
47 96 7
47 192 38
47 130 92
47 195 91
47 104 100
47 266 97
47 107 91
47 206 47
47 114 93
47 163 9
47 184 26
47 91 40
47 252 9
47 234 80
47 191 19
48 257 70
48 132 100
48 261 50
48 273 62
48 152 56
48 153 59
48 282 88
48 167 74
48 165 7
48 170 45
48 299 51
48 49 7
48 50 87
48 54 26
48 74 50
48 62 20
48 63 28
48 196 67
48 197 31
48 202 26
48 210 13
48 84 18
48 90 39
48 100 19
48 234 88
48 295 36
48 111 67
48 114 35
48 245 4
48 119 24
48 249 84
49 261 90
49 281 24
49 170 65
49 171 76
49 172 50
49 54 93
49 223 49
49 66 52
49 67 25
49 69 15
49 199 92
49 73 20
49 208 33
49 211 60
49 87 16
49 95 2
49 226 37
49 59 58
49 234 26
49 117 10
49 118 13
49 253 47
50 130 97
50 259 46
50 262 83
50 266 9
50 140 25
50 147 75
50 154 11
50 282 70
50 159 22
50 292 13
50 172 25
50 175 49
50 51 5
50 54 45
50 60 43
50 217 64
50 218 99
50 93 24
50 223 93
50 229 29
50 221 50
50 121 82
51 130 50
51 133 19
51 134 88
51 264 27
51 145 98
51 274 17
51 280 7
51 158 85
51 176 5
51 193 49
51 202 24
51 92 18
51 93 92
51 227 11
51 228 24
51 101 66
51 105 73
51 238 90
51 116 73
51 248 99
51 125 8
51 126 74
52 260 23
52 150 59
52 138 21
52 271 42
52 145 16
52 276 90
52 278 83
52 280 47
52 172 97
52 173 0
52 184 37
52 189 61
52 69 89
52 73 55
52 79 36
52 210 29
52 215 57
52 217 72
52 221 0
52 96 93
52 227 97
52 101 24
52 61 68
52 118 71
52 122 74
53 261 9
53 268 51
53 290 98
53 168 56
53 177 71
53 182 54
53 183 33
53 184 5
53 186 38
53 187 25
53 198 2
53 72 16
53 140 82
53 202 85
53 55 66
53 56 93
53 218 88
53 231 57
53 127 54
54 68 32
54 260 45
54 268 41
54 269 59
54 146 70
54 281 58
54 158 9
54 287 41
54 161 60
54 170 74
54 177 46
54 181 11
54 182 25
54 185 61
54 62 47
54 196 95
54 198 53
54 74 49
54 247 100
54 204 29
54 80 45
54 221 37
54 112 13
54 119 17
55 149 79
55 277 88
55 280 78
55 155 82
55 179 46
55 180 6
55 189 79
55 192 32
55 71 98
55 72 11
55 73 72
55 81 57
55 212 39
55 213 50
55 218 54
55 220 56
55 109 32
55 238 69
55 245 11
55 126 83
55 255 16
56 130 86
56 260 90
56 273 18
56 274 16
56 278 92
56 155 14
56 296 0
56 170 54
56 136 43
56 186 85
56 187 88
56 196 70
56 177 57
56 78 37
56 207 55
56 141 72
56 84 99
56 236 27
56 238 75
57 137 18
57 269 62
57 270 15
57 152 9
57 153 68
57 156 95
57 288 23
57 164 83
57 170 31
57 174 29
57 201 2
57 206 50
57 83 18
57 215 29
57 91 24
57 226 44
57 101 2
57 104 65
57 105 38
57 109 18
57 113 28
57 249 16
58 235 2
58 265 55
58 272 100
58 152 20
58 156 96
58 158 19
58 164 23
58 295 64
58 170 25
58 182 3
58 199 88
58 75 17
58 93 28
58 223 67
58 227 37
58 100 38
58 107 30
58 117 47
58 249 2
59 163 27
59 293 30
59 81 86
59 201 98
59 273 32
59 109 21
59 177 61
59 124 74
59 83 46
59 244 78
59 214 63
59 279 50
59 239 49
59 200 2
59 189 80
59 264 78
60 130 100
60 136 3
60 143 91
60 275 73
60 148 28
60 159 8
60 291 82
60 168 80
60 171 78
60 180 33
60 182 25
60 187 5
60 64 2
60 199 83
60 202 63
60 207 18
60 80 94
60 212 87
60 85 86
60 216 34
60 90 34
60 91 99
60 229 57
60 233 11
60 245 42
60 118 68
60 250 0
60 252 37
60 255 94
61 133 26
61 272 13
61 277 60
61 150 23
61 156 65
61 160 22
61 163 36
61 295 81
61 182 26
61 189 79
61 62 53
61 197 30
61 198 84
61 203 62
61 77 84
61 216 93
61 292 34
61 220 39
61 95 97
61 225 42
61 226 86
61 102 63
61 105 100
61 144 42
61 109 4
61 110 74
61 123 87
61 124 92
62 129 34
62 134 37
62 138 16
62 141 64
62 271 47
62 154 24
62 157 59
62 158 83
62 163 14
62 192 3
62 74 16
62 205 59
62 79 60
62 88 16
62 96 61
62 107 29
62 236 69
62 125 70
62 112 39
62 114 96
62 248 94
62 251 3
62 124 54
62 253 0
63 129 33
63 131 84
63 133 19
63 266 97
63 274 45
63 151 68
63 285 47
63 161 4
63 163 55
63 164 88
63 170 43
63 181 3
63 67 44
63 199 36
63 206 61
63 292 69
63 91 58
63 95 56
63 231 81
63 113 66
63 115 9
63 244 59
63 117 96
63 122 86
64 261 98
64 137 30
64 138 80
64 141 90
64 146 46
64 281 27
64 286 10
64 133 49
64 170 88
64 174 77
64 181 78
64 184 49
64 185 39
64 189 67
64 192 85
64 198 88
64 201 91
64 83 44
64 218 27
64 219 39
64 225 70
64 232 5
64 116 29
64 117 79
64 118 90
64 123 5
65 163 92
65 166 57
65 137 69
65 74 98
65 203 51
65 172 79
65 271 40
65 113 51
65 211 46
65 84 50
65 118 10
65 151 36
65 281 29
65 207 77
65 156 10
65 255 68
66 258 60
66 139 74
66 282 43
66 161 57
66 295 3
66 297 42
66 181 33
66 266 23
66 96 18
66 197 40
66 71 10
66 73 23
66 216 48
66 89 80
66 224 56
66 225 28
66 98 68
66 110 43
66 115 57
66 254 29
67 260 19
67 145 73
67 276 8
67 153 34
67 165 82
67 182 64
67 188 23
67 237 20
67 215 63
67 220 97
67 93 66
67 223 5
67 226 68
67 235 96
67 108 14
67 109 38
67 112 12
67 115 86
67 248 100
67 148 72
67 298 75
67 252 29
67 253 18
68 139 57
68 147 63
68 168 86
68 170 14
68 185 14
68 194 96
68 204 15
68 79 60
68 211 1
68 93 15
68 102 100
68 105 33
68 237 70
68 113 10
68 242 3
69 161 25
69 292 60
69 177 63
69 77 47
69 175 73
69 80 19
69 278 44
69 241 63
69 239 59
69 252 50
69 173 49
69 286 56
70 262 9
70 268 20
70 142 8
70 276 81
70 281 9
70 285 9
70 158 73
70 292 49
70 174 67
70 186 13
70 72 9
70 95 81
70 226 35
70 100 91
70 229 91
70 110 21
70 114 56
70 244 18
70 252 60
70 253 46
70 255 30
71 256 93
71 299 35
71 147 38
71 276 72
71 279 79
71 154 96
71 283 71
71 166 21
71 186 9
71 188 77
71 198 33
71 199 64
71 75 85
71 205 65
71 101 87
71 231 67
71 233 46
71 244 21
71 169 43
71 148 52
71 126 95
71 127 79
72 259 84
72 262 97
72 137 53
72 173 2
72 280 48
72 161 97
72 296 58
72 172 17
72 174 34
72 179 22
72 203 7
72 205 47
72 206 46
72 208 52
72 209 23
72 87 37
72 102 70
72 243 43
72 116 34
72 249 87
73 132 94
73 137 77
73 266 56
73 141 83
73 270 88
73 271 24
73 279 92
73 154 86
73 157 58
73 171 17
73 174 73
73 196 66
73 80 72
73 83 1
73 214 74
73 91 0
73 96 12
73 231 23
73 147 29
73 244 28
74 261 42
74 140 59
74 144 51
74 145 53
74 277 43
74 151 81
74 156 9
74 163 66
74 295 64
74 175 43
74 155 66
74 121 5
74 245 97
74 196 39
74 268 18
74 205 92
74 79 54
74 210 77
74 83 98
74 87 6
74 97 83
74 117 54
74 249 60
74 253 74
75 131 85
75 145 85
75 283 73
75 161 48
75 170 30
75 299 41
75 180 2
75 184 78
75 188 44
75 204 63
75 77 35
75 206 39
75 84 0
75 221 17
75 106 55
75 108 62
75 242 19
75 118 90
75 121 60
75 253 24
76 266 12
76 151 45
76 282 89
76 158 13
76 240 86
76 163 80
76 178 22
76 179 25
76 188 83
76 200 32
76 212 88
76 86 0
76 87 45
76 230 31
76 103 47
76 233 76
76 234 61
76 108 71
76 109 69
76 112 17
76 114 56
76 118 74
77 128 84
77 129 46
77 259 17
77 261 36
77 263 5
77 144 0
77 145 24
77 277 73
77 154 17
77 240 91
77 290 34
77 204 37
77 209 84
77 221 84
77 222 45
77 112 49
77 113 23
77 124 5
77 253 64
78 257 79
78 136 82
78 137 35
78 138 77
78 139 25
78 270 48
78 274 34
78 150 9
78 287 70
78 161 2
78 290 57
78 169 86
78 178 42
78 199 93
78 202 56
78 203 91
78 95 53
78 272 3
78 228 100
78 105 36
78 233 50
78 249 37
78 252 16
78 126 98
79 258 70
79 267 3
79 140 14
79 130 53
79 142 23
79 153 70
79 282 14
79 155 11
79 289 93
79 294 29
79 175 61
79 188 99
79 245 73
79 203 3
79 216 48
79 99 21
79 229 9
79 106 81
79 237 32
79 240 28
79 117 89
79 246 39
79 127 35
80 129 56
80 258 89
80 261 32
80 137 78
80 267 70
80 142 50
80 172 38
80 186 23
80 86 65
80 218 5
80 222 71
80 106 52
80 146 47
80 242 23
80 117 37
80 120 17
80 122 64
80 277 3
81 138 35
81 272 33
81 280 95
81 153 84
81 158 59
81 287 31
81 293 83
81 294 93
81 296 82
81 180 80
81 85 0
81 96 34
81 102 56
81 230 21
81 241 21
81 244 89
81 117 1
81 120 3
81 121 34
81 255 52
82 129 20
82 134 71
82 257 16
82 140 61
82 141 40
82 144 23
82 171 32
82 173 90
82 175 43
82 184 43
82 195 7
82 199 91
82 221 93
82 224 47
82 272 32
82 226 5
82 225 6
82 245 73
82 251 97
82 254 46
83 256 84
83 268 65
83 145 93
83 280 40
83 155 24
83 286 17
83 165 27
83 168 81
83 171 73
83 174 79
83 138 39
83 186 69
83 266 49
83 190 61
83 87 98
83 88 77
83 94 35
83 223 24
83 101 31
83 273 8
83 111 11
83 115 22
83 121 49
83 251 9
84 128 50
84 290 87
84 131 35
84 165 53
84 273 69
84 104 37
84 258 74
84 142 20
84 111 8
84 136 57
84 244 16
84 222 9
85 129 59
85 259 76
85 260 92
85 133 40
85 143 84
85 275 76
85 150 22
85 279 20
85 280 86
85 283 11
85 159 20
85 290 84
85 263 75
85 183 24
85 185 42
85 204 94
85 208 72
85 209 4
85 98 61
85 103 11
85 236 81
85 245 53
85 149 79
86 130 58
86 261 38
86 272 22
86 150 79
86 152 3
86 289 51
86 290 44
86 295 81
86 296 27
86 299 85
86 177 39
86 179 77
86 184 28
86 188 7
86 195 92
86 197 15
86 211 36
86 92 21
86 97 78
86 239 8
86 245 8
86 253 12
86 127 85
87 262 94
87 266 65
87 271 93
87 279 35
87 166 72
87 296 96
87 174 0
87 179 54
87 189 77
87 199 19
87 201 66
87 209 66
87 88 94
87 226 87
87 228 29
87 101 76
87 105 75
87 237 45
87 241 24
87 115 47
87 118 87
87 251 88
87 125 57
88 130 8
88 135 32
88 136 0
88 269 2
88 278 69
88 151 75
88 153 74
88 282 95
88 285 26
88 164 75
88 173 95
88 174 1
88 179 54
88 195 24
88 89 25
88 93 81
88 101 64
88 109 43
88 111 58
88 240 99
88 119 36
88 249 66
88 250 45
88 252 94
89 257 46
89 130 5
89 263 50
89 141 3
89 216 33
89 281 71
89 157 72
89 288 61
89 169 92
89 181 33
89 183 6
89 192 96
89 193 52
89 195 33
89 204 99
89 94 75
89 96 40
89 101 100
89 120 65
90 149 30
90 153 12
90 281 14
90 283 2
90 159 71
90 162 2
90 295 29
90 296 61
90 175 36
90 181 4
90 265 43
90 216 83
90 98 43
90 102 99
90 108 21
90 115 20
90 249 36
90 252 56
90 126 0
90 277 23
91 139 80
91 143 32
91 273 45
91 279 62
91 152 66
91 154 73
91 288 44
91 161 8
91 172 80
91 215 36
91 204 27
91 206 30
91 208 2
91 210 1
91 185 39
91 218 84
91 219 89
91 221 68
91 222 64
91 227 29
91 105 16
91 244 8
91 249 56
92 256 33
92 131 91
92 260 62
92 133 89
92 264 49
92 272 89
92 277 87
92 280 29
92 287 5
92 164 94
92 293 74
92 113 0
92 297 64
92 298 39
92 198 61
92 200 55
92 211 68
92 94 33
92 96 51
92 98 1
92 99 65
92 106 46
92 235 8
92 236 16
92 241 80
92 255 75
93 263 31
93 267 69
93 272 73
93 148 75
93 284 48
93 160 81
93 169 97
93 187 9
93 207 87
93 156 73
93 186 61
93 229 44
93 231 83
93 232 97
93 103 42
93 236 2
94 130 56
94 259 68
94 138 9
94 274 85
94 131 1
94 292 93
94 173 58
94 187 50
94 190 43
94 205 62
94 96 2
94 98 84
94 231 88
94 105 78
94 103 52
94 147 70
94 120 44
94 251 38
94 127 88
95 262 78
95 138 74
95 272 66
95 154 90
95 283 32
95 287 11
95 288 55
95 299 93
95 174 74
95 188 8
95 266 44
95 200 79
95 202 57
95 204 78
95 214 1
95 225 97
95 227 92
95 239 86
95 245 96
95 118 47
95 248 68
95 251 48
95 125 77
96 194 4
96 270 69
96 286 16
96 289 12
96 292 79
96 298 22
96 210 100
96 231 9
96 113 83
96 246 65
96 249 5
97 139 28
97 140 57
97 143 32
97 277 15
97 278 58
97 281 43
97 166 2
97 180 99
97 191 5
97 193 39
97 201 51
97 163 54
97 216 94
97 219 57
97 238 8
97 116 29
97 247 7
97 255 74
97 253 8
98 129 95
98 136 91
98 260 62
98 282 78
98 158 51
98 164 95
98 174 95
98 200 88
98 203 16
98 205 0
98 210 68
98 292 3
98 221 72
98 111 9
98 243 81
99 160 30
99 296 3
99 237 5
99 272 83
99 148 8
99 271 95
99 285 34
99 190 52
99 159 33
100 137 56
100 148 76
100 154 98
100 180 9
100 265 92
100 187 79
100 188 13
100 198 50
100 219 73
100 221 27
100 229 26
100 230 83
100 238 76
100 242 25
100 117 64
101 129 36
101 260 58
101 142 25
101 288 34
101 164 50
101 183 35
101 189 100
101 194 61
101 214 90
101 218 18
101 223 59
101 225 100
101 232 11
101 113 53
101 246 47
101 248 60
102 262 50
102 268 49
102 281 43
102 163 68
102 165 33
102 296 85
102 170 77
102 180 59
102 137 60
102 199 100
102 206 45
102 211 48
102 214 70
102 231 99
102 107 1
102 236 53
102 110 47
102 241 45
102 115 71
102 121 28
102 251 93
103 139 51
103 286 3
103 161 19
103 162 26
103 164 46
103 295 87
103 168 25
103 298 42
103 175 90
103 182 58
103 193 48
103 210 66
103 232 76
103 237 40
103 111 82
103 114 5
104 192 54
104 160 26
104 163 67
104 260 8
104 121 91
104 198 48
104 161 30
104 204 74
104 108 98
104 180 30
104 212 16
104 196 92
104 122 27
104 271 37
104 124 80
104 127 82
105 257 1
105 130 91
105 131 31
105 133 65
105 276 69
105 281 87
105 289 72
105 162 16
105 172 88
105 198 9
105 213 68
105 224 85
105 234 72
105 107 100
105 112 50
105 243 95
105 117 92
106 256 4
106 146 62
106 282 19
106 158 10
106 159 33
106 164 54
106 165 64
106 298 79
106 187 3
106 194 80
106 203 63
106 210 34
106 216 76
106 231 76
106 235 41
106 109 49
106 239 17
106 242 78
106 116 42
106 125 50
106 254 21
107 267 50
107 157 52
107 290 60
107 298 80
107 178 83
107 183 58
107 184 85
107 159 52
107 188 0
107 195 27
107 200 81
107 209 19
107 212 16
107 111 40
107 115 31
107 119 46
107 124 60
108 257 95
108 137 59
108 138 97
108 140 0
108 269 17
108 282 0
108 287 5
108 161 10
108 292 10
108 175 58
108 177 45
108 266 54
108 208 33
108 109 49
108 244 75
108 118 52
108 125 8
109 129 78
109 148 13
109 158 63
109 162 24
109 174 31
109 196 57
109 202 43
109 205 72
109 213 32
109 239 92
109 119 2
109 250 62
110 262 27
110 264 31
110 266 14
110 291 51
110 292 14
110 168 10
110 299 28
110 246 23
110 163 11
110 213 93
110 217 98
110 224 96
110 231 11
110 239 4
110 118 81
110 123 43
110 125 74
111 258 2
111 266 87
111 139 35
111 142 73
111 295 29
111 296 78
111 115 98
111 240 91
111 113 72
111 242 28
111 243 29
111 119 30
111 212 37
111 123 37
112 137 9
112 138 93
112 141 93
112 158 33
112 160 62
112 164 34
112 293 58
112 173 31
112 175 13
112 182 60
112 210 69
112 291 38
112 214 44
112 165 34
112 125 34
112 126 55
113 268 21
113 272 76
113 148 42
113 283 68
113 287 20
113 292 49
113 297 51
113 197 22
113 213 23
113 241 51
113 122 49
113 126 41
114 130 78
114 262 73
114 267 50
114 140 25
114 272 78
114 150 51
114 151 35
114 282 61
114 158 95
114 176 92
114 178 17
114 179 33
114 182 35
114 198 56
114 215 34
114 217 64
114 232 79
114 243 95
114 116 12
114 248 69
115 256 29
115 129 95
115 277 85
115 158 44
115 289 41
115 290 0
115 168 54
115 170 82
115 180 34
115 181 37
115 197 92
115 198 8
115 214 29
115 233 19
115 243 90
115 248 60
115 255 25
115 126 15
115 127 100
116 243 67
116 270 12
116 275 20
116 279 67
116 287 51
116 292 35
116 183 48
116 197 51
116 225 83
116 205 39
116 211 32
116 224 96
116 229 74
116 239 10
116 147 21
116 251 94
117 263 45
117 268 12
117 283 10
117 285 17
117 288 65
117 293 100
117 169 18
117 184 22
117 200 24
117 203 27
117 205 0
117 216 43
117 219 90
117 222 96
117 251 23
117 119 85
117 248 27
117 255 31
117 124 61
117 127 77
118 130 79
118 133 78
118 263 61
118 141 7
118 152 89
118 164 47
118 293 93
118 177 55
118 179 82
118 199 37
118 217 74
118 223 39
118 234 45
118 123 93
118 124 2
119 131 84
119 262 17
119 266 60
119 267 96
119 282 98
119 156 83
119 160 99
119 162 35
119 168 18
119 169 25
119 180 23
119 195 67
119 182 36
119 228 37
119 236 19
119 244 92
119 254 6
120 137 97
120 141 61
120 274 40
120 278 26
120 279 40
120 287 4
120 165 64
120 296 63
120 298 76
120 174 85
120 177 18
120 186 88
120 194 84
120 199 6
120 202 3
120 290 31
120 228 81
120 233 18
120 237 22
121 258 25
121 132 74
121 261 5
121 137 84
121 266 47
121 145 50
121 281 21
121 166 61
121 295 99
121 169 98
121 178 77
121 182 11
121 265 28
121 225 50
121 232 59
121 233 37
121 237 91
121 241 100
121 244 22
121 253 39
121 255 60
122 133 3
122 139 11
122 145 39
122 274 90
122 148 63
122 278 79
122 169 10
122 180 62
122 186 28
122 190 28
122 194 58
122 204 10
122 210 70
122 213 75
122 215 31
122 218 45
122 224 83
122 225 30
123 134 11
123 267 77
123 143 44
123 274 4
123 278 21
123 289 62
123 168 16
123 186 80
123 190 1
123 160 15
123 197 11
123 200 98
123 202 49
123 211 15
123 214 40
123 223 72
123 255 51
124 129 5
124 273 0
124 160 84
124 166 38
124 180 3
124 191 28
124 194 100
124 208 42
124 209 90
124 213 14
124 218 74
124 226 32
124 229 13
125 128 74
125 129 14
125 260 19
125 147 4
125 158 84
125 169 97
125 170 10
125 174 38
125 189 39
125 212 47
125 226 93
125 230 15
125 244 31
125 255 5
126 130 93
126 262 22
126 267 97
126 143 25
126 153 38
126 156 51
126 133 23
126 290 7
126 297 87
126 172 75
126 159 28
126 190 88
126 192 1
126 196 80
126 216 59
126 221 3
126 222 28
126 251 97
126 253 35
127 257 25
127 259 47
127 136 34
127 149 69
127 150 62
127 162 73
127 199 93
127 174 13
127 243 89
127 189 1
127 190 94
127 197 33
127 212 15
127 233 63
127 240 15
128 161 9
128 130 62
128 199 83
128 297 36
128 266 31
128 147 86
128 277 74
128 214 23
128 212 64
128 218 18
128 187 43
128 285 84
129 256 33
129 285 27
129 294 65
129 296 63
129 171 40
129 173 64
129 174 60
129 177 35
129 188 93
129 209 93
129 212 3
129 242 48
129 251 95
130 258 64
130 131 10
130 136 99
130 159 83
130 168 20
130 284 53
130 201 26
130 221 73
130 227 65
130 252 8
131 256 77
131 246 4
131 143 12
131 180 52
131 214 27
131 281 61
131 186 36
131 185 73
131 197 61
132 195 46
132 292 5
132 176 74
132 268 92
132 205 52
132 164 0
132 291 74
132 137 31
132 159 10
133 268 77
133 271 18
133 281 98
133 282 76
133 291 27
133 169 88
133 298 74
133 185 1
133 138 81
133 203 8
133 211 70
133 241 62
133 249 41
133 253 9
134 160 92
134 299 79
134 202 4
134 203 16
134 237 30
134 238 45
134 287 12
135 288 32
135 166 72
135 167 86
135 232 1
135 188 96
135 143 81
135 173 31
135 175 64
135 296 21
135 191 81
135 252 19
135 159 45
136 267 16
136 270 67
136 280 77
136 154 38
136 287 83
136 293 98
136 170 86
136 174 11
136 157 37
136 179 85
136 158 50
136 197 88
136 233 51
136 238 93
136 239 43
137 150 65
137 139 35
137 142 48
137 278 39
137 156 38
137 286 76
137 160 44
137 292 92
137 175 82
137 177 49
137 207 43
137 248 10
137 223 59
137 231 86
137 238 42
137 239 45
137 244 0
137 251 100
138 265 90
138 153 83
138 154 59
138 159 38
138 289 47
138 162 33
138 292 26
138 293 17
138 294 67
138 176 74
138 177 23
138 287 91
138 204 93
138 216 91
138 224 42
138 242 45
138 251 90
139 257 25
139 259 20
139 278 56
139 149 22
139 150 16
139 291 97
139 168 15
139 298 0
139 173 54
139 181 52
139 190 59
139 197 55
139 210 43
139 222 68
139 227 66
139 232 17
139 235 47
139 242 81
139 245 2
140 224 85
140 227 64
140 294 74
140 232 56
140 203 52
140 256 39
140 171 88
140 276 19
140 213 7
140 150 55
140 223 3
141 262 88
141 268 18
141 143 12
141 146 53
141 277 30
141 279 20
141 283 59
141 285 40
141 162 83
141 294 38
141 180 64
141 183 58
141 184 31
141 194 4
141 233 50
141 249 99
142 266 45
142 267 29
142 279 8
142 280 27
142 282 43
142 286 7
142 159 7
142 161 34
142 178 4
142 180 87
142 186 56
142 187 82
142 189 21
142 209 38
142 226 87
142 241 87
142 247 85
142 251 68
143 270 26
143 275 30
143 276 98
143 150 30
143 282 38
143 215 89
143 218 92
143 225 32
143 232 0
143 239 40
143 253 22
144 264 48
144 265 38
144 278 67
144 158 32
144 289 75
144 291 12
144 169 85
144 299 60
144 174 72
144 181 33
144 196 49
144 197 97
144 268 64
144 223 71
144 297 18
145 280 32
145 166 44
145 297 22
145 171 9
145 173 98
145 186 11
145 188 87
145 204 44
145 212 8
145 217 35
145 224 70
145 170 83
146 262 23
146 271 71
146 273 29
146 275 23
146 148 87
146 151 35
146 282 33
146 162 75
146 168 36
146 297 33
146 174 67
146 176 37
146 187 99
146 182 55
146 258 92
146 206 41
146 216 56
146 225 12
146 239 80
146 249 92
147 256 95
147 279 89
147 155 10
147 156 92
147 158 32
147 288 30
147 197 88
147 202 32
147 216 73
147 217 40
147 218 36
147 223 70
147 225 9
147 233 97
147 246 39
147 255 10
148 270 42
148 152 24
148 280 41
148 286 87
148 296 98
148 182 13
148 202 75
148 207 24
148 237 100
148 250 20
148 219 40
148 223 77
148 229 70
148 234 11
148 246 89
149 262 56
149 273 15
149 277 89
149 154 41
149 157 27
149 161 7
149 295 11
149 178 7
149 186 25
149 194 32
149 201 10
149 222 26
149 231 73
149 232 76
149 167 36
149 248 44
150 265 6
150 275 4
150 276 24
150 277 82
150 278 56
150 155 15
150 156 81
150 285 65
150 158 100
150 173 52
150 181 20
150 190 87
150 226 29
150 245 55
151 198 10
151 210 74
151 270 44
151 207 70
151 296 46
151 202 22
151 271 98
151 156 8
152 299 8
152 270 42
152 273 95
152 176 82
152 293 74
152 296 1
152 171 46
152 179 56
152 189 36
152 203 18
152 204 69
152 227 17
152 234 15
152 248 60
152 250 84
153 271 26
153 274 29
153 276 0
153 294 28
153 295 0
153 168 38
153 298 20
153 171 96
153 188 5
153 213 18
153 233 21
153 242 58
153 251 30
154 263 3
154 280 17
154 282 27
154 182 75
154 192 3
154 196 78
154 201 16
154 206 89
154 205 57
154 211 4
154 217 66
154 221 93
154 225 3
154 235 92
154 236 93
154 277 26
155 160 29
155 291 44
155 196 34
155 267 81
155 236 38
155 269 17
155 276 26
155 251 78
155 221 93
155 159 97
156 258 84
156 267 11
156 281 6
156 158 12
156 160 11
156 161 1
156 295 72
156 179 12
156 181 76
156 188 53
156 191 56
156 203 84
156 215 52
156 216 90
156 228 36
156 167 0
156 242 63
156 248 85
157 289 76
157 226 90
157 299 96
157 258 15
157 205 32
157 179 73
157 182 83
157 233 25
157 267 84
157 217 28
157 213 4
158 278 59
158 262 95
158 281 9
158 292 34
158 298 88
158 204 50
158 212 25
158 220 41
158 223 17
158 244 65
159 260 64
159 267 67
159 275 55
159 164 42
159 293 87
159 181 52
159 191 20
159 165 53
160 259 58
160 284 94
160 285 12
160 286 49
160 287 64
160 161 22
160 164 33
160 295 8
160 247 94
160 207 72
160 209 37
160 217 15
160 220 51
160 234 82
161 280 52
161 289 71
161 162 49
161 175 82
161 196 50
161 202 33
161 203 3
161 225 35
161 227 45
161 243 58
161 247 79
162 256 8
162 271 9
162 285 63
162 286 4
162 287 8
162 164 45
162 170 87
162 180 51
162 181 39
162 194 17
162 195 41
162 247 17
162 227 31
162 255 48
163 256 28
163 258 87
163 291 47
163 166 78
163 171 34
163 174 33
163 175 1
163 213 19
163 219 98
163 233 71
163 236 75
163 276 57
164 265 44
164 271 22
164 273 99
164 276 24
164 240 20
164 181 95
164 184 49
164 197 51
164 198 74
164 219 29
164 220 60
164 244 65
164 254 68
165 271 79
165 282 85
165 284 97
165 176 23
165 292 33
165 294 61
165 184 1
165 188 0
165 203 94
165 208 38
165 214 90
165 227 39
166 261 68
166 278 24
166 284 56
166 265 80
166 186 14
166 190 91
166 191 94
166 198 65
166 203 98
166 218 59
166 228 68
166 232 5
166 237 13
166 243 85
167 257 21
167 266 10
167 268 65
167 271 5
167 272 51
167 276 31
167 180 96
167 185 26
167 195 46
167 205 1
167 221 19
167 231 35
167 234 13
167 239 73
167 253 95
168 264 97
168 175 95
168 195 45
168 200 96
168 201 76
168 206 27
168 215 78
168 222 66
168 230 50
168 255 52
169 262 64
169 271 92
169 173 89
169 176 37
169 265 21
169 189 27
169 191 44
169 207 30
169 218 39
170 262 83
170 267 40
170 268 76
170 271 4
170 282 62
170 285 59
170 291 60
170 180 93
170 196 94
170 204 99
170 206 88
170 231 85
170 239 78
170 245 81
170 191 97
171 263 0
171 274 92
171 288 75
171 295 58
171 190 62
171 202 82
171 203 91
171 204 76
171 226 64
171 227 3
171 250 84
172 260 0
172 296 38
172 298 71
172 174 51
172 189 75
172 192 56
172 227 37
172 236 21
172 238 78
173 272 77
173 283 26
173 184 5
173 214 64
173 215 8
173 249 45
173 253 12
174 262 47
174 276 79
174 284 12
174 192 92
174 202 6
174 214 73
174 219 6
174 228 86
174 244 40
175 260 24
175 267 26
175 279 97
175 291 94
175 294 32
175 265 48
175 289 71
175 219 32
175 227 86
175 274 57
175 243 63
176 256 4
176 260 10
176 263 73
176 237 61
176 188 22
176 194 76
176 199 21
176 216 88
176 233 27
176 234 77
176 252 46
176 255 58
177 268 76
177 277 1
177 204 89
177 226 25
177 228 75
177 229 44
177 243 39
178 192 67
178 289 25
178 195 71
178 204 26
178 214 92
178 185 48
178 281 19
178 285 39
179 265 48
179 284 66
179 287 20
179 184 11
179 188 72
179 192 54
179 206 49
179 219 73
179 229 83
179 236 61
179 210 57
179 240 80
179 243 23
179 249 6
179 250 71
180 256 36
180 274 25
180 292 18
180 296 37
180 299 33
180 207 64
180 225 15
180 226 10
180 232 51
180 244 24
180 248 10
181 284 10
181 196 86
181 201 72
181 223 16
181 272 53
181 226 21
181 241 94
181 244 98
181 246 11
182 260 26
182 263 26
182 275 57
182 289 31
182 296 94
182 190 93
182 199 77
182 220 2
182 252 40
183 256 62
183 262 13
183 263 96
183 269 98
183 287 3
183 298 55
183 191 95
183 209 34
183 217 86
183 233 50
184 214 94
184 268 40
184 270 35
184 277 89
184 200 60
184 201 48
184 216 82
184 220 11
184 241 72
184 249 25
185 256 87
185 259 47
185 267 39
185 299 79
185 186 76
185 191 40
185 195 83
185 196 56
185 199 92
185 205 98
185 208 90
185 222 81
185 230 45
185 232 83
185 239 82
185 242 59
186 276 77
186 248 59
186 288 48
186 209 87
186 216 87
186 228 88
186 294 90
186 236 73
186 242 20
186 247 5
186 250 13
186 252 24
187 262 75
187 271 93
187 275 36
187 293 76
187 295 84
187 297 30
187 211 29
187 220 28
187 226 48
187 242 33
187 251 12
188 262 24
188 268 39
188 200 72
188 211 89
188 207 82
188 263 74
188 230 64
188 249 31
188 252 0
188 255 56
189 260 5
189 288 0
189 198 37
189 206 63
189 234 57
190 260 68
190 280 70
190 283 45
190 284 14
190 296 8
190 228 77
190 294 96
190 246 92
191 261 34
191 267 55
191 275 12
191 277 94
191 279 11
191 282 12
191 293 33
191 199 100
191 203 46
191 217 99
191 232 87
191 242 80
191 246 96
191 255 82
192 261 88
192 262 10
192 297 9
193 257 58
193 290 41
193 293 68
193 270 86
193 215 62
193 287 74
194 263 39
194 242 19
194 219 9
194 221 62
195 256 30
195 293 50
195 294 58
195 223 13
195 231 70
195 234 52
195 238 87
196 258 31
196 259 86
196 281 13
196 285 83
196 213 9
196 226 66
196 233 98
196 242 88
197 262 35
197 274 95
197 285 67
197 290 37
197 293 54
197 275 0
197 203 57
197 251 73
197 216 82
197 222 73
197 272 69
197 228 9
197 230 2
197 233 96
197 236 88
197 241 68
197 244 10
197 247 77
197 255 88
198 284 19
198 296 14
198 212 21
198 228 66
198 236 86
198 238 66
198 246 100
198 233 97
199 256 23
199 215 11
199 258 1
199 279 48
199 280 52
199 295 5
199 218 49
199 219 46
199 235 77
200 260 80
200 270 48
200 292 81
200 201 69
200 206 19
200 208 28
200 214 100
200 222 57
200 233 75
200 246 57
201 280 95
201 287 50
201 217 94
201 233 95
201 235 67
201 253 26
202 286 72
202 262 15
202 248 96
202 213 14
202 237 64
203 299 43
203 260 62
203 292 63
203 208 91
203 215 83
203 216 46
203 219 49
203 224 77
203 226 48
203 294 80
203 232 73
203 245 93
203 248 56
204 262 2
204 277 25
204 282 33
204 287 90
204 231 57
204 234 73
204 235 81
204 254 74
205 274 50
205 261 1
205 269 92
205 211 97
205 254 23
205 280 95
206 278 84
206 285 64
206 298 14
206 223 0
206 230 89
206 247 42
206 251 77
207 299 77
207 285 96
207 210 63
207 275 12
207 254 75
208 291 65
208 235 6
208 216 74
208 222 32
208 287 71
209 257 47
209 279 25
209 286 74
209 296 49
209 298 43
209 220 18
209 230 34
209 233 32
209 234 76
209 235 25
209 245 23
210 276 83
210 286 41
210 296 87
210 285 100
210 245 53
210 246 44
210 249 27
211 213 7
211 214 59
211 221 41
212 260 81
212 265 56
212 273 63
212 290 43
212 267 15
212 241 0
212 248 33
212 253 90
213 266 90
213 270 11
213 272 96
213 275 95
213 279 4
213 292 66
213 240 25
213 244 66
214 258 18
214 260 75
214 281 12
214 292 54
214 217 5
214 219 42
214 221 56
214 228 19
214 273 71
214 249 37
215 265 73
215 282 80
215 284 58
215 299 45
215 217 2
215 235 75
215 241 17
216 269 89
216 218 4
216 221 54
216 236 24
216 252 15
217 270 33
217 236 11
217 239 12
217 244 28
217 245 84
218 268 16
218 278 74
218 280 14
218 284 26
218 286 6
218 287 98
218 227 6
218 230 25
218 232 39
218 241 55
218 297 15
218 252 49
219 256 73
219 265 6
219 269 9
219 296 5
219 293 34
219 224 91
220 288 76
220 227 85
220 299 4
220 269 71
220 256 84
220 247 81
220 249 54
220 283 76
221 262 48
221 278 7
221 286 62
221 287 2
221 298 93
221 233 33
221 235 92
221 236 100
221 252 71
221 254 13
222 262 37
222 265 35
222 277 69
222 228 25
222 244 27
223 259 18
223 271 32
223 293 48
223 297 71
223 228 91
223 241 50
224 288 0
224 232 53
224 238 74
224 283 20
224 290 63
224 266 50
225 264 59
225 265 76
225 268 59
225 282 25
225 227 77
225 236 13
225 275 3
226 260 69
226 264 1
226 283 7
226 285 96
226 295 42
226 227 75
226 230 97
226 238 7
226 245 3
226 297 70
227 276 45
227 297 34
227 290 34
227 238 27
228 263 91
228 288 45
228 293 79
228 232 94
228 250 70
229 230 43
229 269 79
229 271 67
229 246 1
229 249 61
230 297 83
230 235 47
230 271 73
231 257 62
231 276 19
231 277 23
231 286 87
231 288 14
231 297 74
231 233 35
231 238 31
231 243 74
232 260 37
232 270 92
232 281 48
232 289 26
232 292 57
232 296 73
232 234 71
232 244 8
232 277 5
233 284 58
233 294 67
234 258 53
234 260 37
234 269 87
234 274 11
234 290 59
234 291 2
234 236 48
234 276 59
234 251 24
234 264 40
235 256 28
235 262 6
235 286 63
235 242 21
236 258 12
236 260 86
236 265 93
236 296 21
236 238 53
236 254 9
236 255 18
237 269 7
237 283 76
237 284 91
237 295 10
237 296 56
237 299 7
237 249 93
237 244 73
237 247 38
238 281 51
238 242 29
238 250 86
238 254 55
239 284 86
239 252 70
240 258 83
240 262 10
240 264 63
240 271 93
240 284 61
240 292 10
240 299 44
241 256 30
241 275 35
241 292 41
241 294 89
241 298 34
241 299 19
242 269 49
242 280 32
242 293 21
242 262 57
242 249 49
242 252 0
243 260 26
243 267 13
243 277 0
243 280 45
243 284 60
243 299 80
244 286 84
244 255 4
245 279 16
245 255 80
246 264 99
246 272 15
246 282 18
246 285 87
246 250 2
247 292 17
247 265 99
247 289 67
247 281 60
247 249 97
247 277 54
248 274 76
248 287 83
248 296 73
248 298 100
248 290 9
248 270 80
248 253 38
249 282 46
249 297 28
250 256 49
250 257 78
250 253 42
251 261 85
251 272 63
251 280 24
251 293 14
252 266 38
252 272 37
252 273 46
252 275 84
252 277 44
252 287 3
252 262 99
252 271 64
252 254 67
253 263 60
253 264 9
253 269 36
253 294 41
253 277 69
254 290 70
255 261 82
255 270 94
255 273 85
255 275 60
255 297 32
256 264 39
257 288 48
257 272 39
258 260 30
258 261 33
258 276 2
258 280 58
258 282 21
258 293 70
258 294 24
258 299 6
258 269 28
259 266 33
259 280 53
259 284 45
259 290 17
259 291 84
259 292 12
259 294 46
260 261 64
261 262 5
261 278 35
262 271 21
262 276 100
262 297 78
262 277 25
263 271 27
264 290 40
264 295 18
265 266 91
265 276 22
265 281 56
265 286 86
265 288 91
265 290 19
265 296 80
266 272 24
266 285 47
266 287 97
267 268 28
267 280 7
268 273 58
269 284 35
269 291 66
269 295 37
269 297 44
270 287 47
272 281 91
274 279 65
274 288 34
275 279 26
275 288 70
276 278 27
276 285 26
276 288 49
276 291 39
277 299 98
278 289 36
279 282 37
279 285 6
280 286 30
281 284 63
281 290 26
281 297 78
282 286 58
282 294 5
284 288 54
284 290 52
285 298 96
288 296 37
289 293 10
289 297 45
290 299 34
293 294 2
