300 4000
0 265 1
0 267 73
0 140 12
0 273 96
0 150 68
0 24 81
0 25 66
0 156 54
0 297 84
0 284 97
0 53 65
0 195 0
0 11 9
0 81 81
0 86 95
0 101 51
0 230 27
0 209 41
0 109 68
0 239 80
0 113 28
0 246 67
0 249 43
0 127 25
0 255 51
1 150 94
1 263 0
1 8 12
1 137 35
1 267 84
1 268 84
1 271 4
1 16 24
1 145 21
1 146 45
1 278 95
1 160 16
1 34 53
1 164 85
1 168 85
1 169 45
1 171 23
1 46 33
1 54 41
1 183 64
1 184 59
1 62 68
1 191 11
1 70 34
1 72 82
1 212 35
1 88 85
1 36 91
1 233 24
1 120 5
1 84 95
1 124 56
2 149 78
2 3 85
2 4 70
2 6 75
2 137 67
2 138 51
2 139 11
2 142 96
2 15 44
2 273 40
2 20 8
2 238 92
2 281 31
2 288 78
2 39 76
2 243 27
2 183 93
2 56 52
2 71 54
2 76 9
2 204 51
2 85 88
2 216 14
2 221 100
2 95 49
2 96 43
2 231 54
2 110 57
2 113 92
2 115 100
2 123 75
2 213 32
3 161 77
3 261 74
3 262 55
3 232 38
3 41 5
3 171 63
3 108 22
3 61 9
3 46 68
3 175 42
3 144 89
3 19 0
3 214 16
3 83 12
3 283 33
3 221 38
3 286 51
3 101 46
4 130 27
4 259 71
4 9 25
4 10 93
4 23 97
4 157 89
4 33 47
4 36 22
4 293 24
4 43 47
4 44 88
4 173 2
4 184 49
4 58 61
4 65 2
4 69 6
4 71 82
4 72 4
4 205 82
4 207 79
4 226 28
4 227 22
4 112 47
4 118 10
4 119 59
4 254 17
5 128 26
5 256 69
5 261 98
5 129 10
5 138 91
5 270 74
5 143 91
5 17 15
5 148 70
5 154 77
5 28 59
5 34 91
5 38 94
5 167 82
5 182 87
5 55 98
5 184 78
5 57 78
5 58 46
5 66 85
5 67 5
5 202 54
5 211 24
5 89 6
5 220 98
5 93 13
5 97 91
5 235 35
5 238 58
5 112 29
5 244 27
5 248 59
6 129 82
6 10 59
6 269 64
6 270 8
6 15 42
6 272 35
6 23 21
6 153 14
6 154 54
6 26 73
6 288 63
6 171 12
6 48 45
6 59 70
6 188 44
6 77 45
6 233 2
6 105 93
6 237 66
6 113 57
6 246 38
6 119 56
6 124 100
6 126 59
7 258 75
7 259 67
7 260 30
7 12 67
7 130 13
7 16 1
7 20 12
7 21 51
7 279 99
7 280 5
7 28 42
7 35 71
7 166 43
7 295 12
7 40 85
7 43 83
7 173 71
7 56 39
7 78 99
7 291 64
7 99 63
7 229 100
7 103 82
7 111 53
7 113 14
7 148 30
7 255 24
8 129 19
8 261 95
8 262 68
8 11 61
8 141 89
8 145 78
8 274 64
8 22 35
8 155 2
8 285 82
8 278 54
8 134 35
8 167 11
8 43 41
8 44 52
8 50 50
8 183 78
8 225 97
8 72 67
8 202 31
8 34 69
8 208 32
8 215 62
8 93 86
8 222 74
8 37 95
8 224 79
8 80 39
8 226 74
8 99 47
8 102 76
8 103 2
8 113 76
8 118 44
8 248 41
8 121 9
8 123 1
9 257 20
9 258 4
9 261 64
9 274 21
9 278 71
9 152 23
9 286 32
9 290 93
9 40 47
9 297 35
9 56 38
9 201 75
9 80 89
9 212 8
9 91 96
9 94 18
9 226 59
9 227 33
9 100 1
9 146 50
9 239 65
9 246 34
9 252 76
9 254 73
10 257 5
10 129 49
10 136 29
10 272 40
10 67 58
10 151 88
10 159 98
10 160 48
10 162 67
10 41 26
10 52 29
10 195 33
10 197 74
10 219 77
10 250 39
10 223 51
10 228 95
10 107 27
10 115 14
10 122 92
10 254 73
11 266 43
11 15 61
11 272 4
11 148 40
11 277 37
11 150 98
11 282 36
11 290 91
11 169 84
11 59 1
11 190 95
11 196 8
11 69 87
11 75 65
11 87 5
11 217 54
11 95 33
11 96 75
11 239 75
11 113 92
11 245 1
11 120 88
11 254 88
12 139 28
12 140 53
12 142 21
12 144 51
12 20 68
12 22 41
12 279 1
12 153 80
12 154 95
12 158 58
12 298 63
12 299 5
12 56 41
12 58 62
12 62 90
12 194 20
12 268 84
12 74 6
12 184 1
12 82 8
12 85 92
12 216 63
12 16 46
12 98 11
12 272 35
12 111 38
12 113 88
12 246 89
12 170 98
12 23 17
12 255 17
13 264 53
13 137 0
13 269 61
13 273 49
13 150 25
13 280 50
13 25 46
13 156 18
13 30 19
13 291 46
13 37 95
13 41 95
13 43 11
13 172 66
13 221 69
13 184 92
13 58 96
13 63 12
13 197 21
13 205 26
13 297 92
13 214 33
13 91 10
13 92 92
13 93 7
13 145 37
13 233 70
13 107 5
13 253 88
13 113 80
13 119 20
13 125 40
14 193 91
14 130 99
14 68 30
14 262 4
14 199 21
14 76 53
14 234 48
14 235 40
14 236 27
14 269 59
14 207 49
14 273 83
14 51 72
14 113 90
14 22 49
14 184 84
14 132 26
14 239 16
14 39 39
14 295 17
15 258 19
15 137 3
15 140 62
15 270 35
15 16 79
15 273 10
15 111 63
15 33 33
15 171 67
15 173 61
15 265 81
15 189 64
15 198 83
15 206 83
15 79 5
15 219 65
15 223 40
15 100 11
15 234 25
15 239 43
15 115 8
15 249 48
16 131 55
16 134 64
16 265 29
16 144 98
16 280 58
16 18 23
16 259 3
16 149 54
16 152 92
16 111 74
16 32 18
16 262 76
16 294 54
16 295 89
16 257 72
16 45 7
16 53 23
16 183 61
16 185 3
16 59 51
16 62 10
16 288 14
16 67 92
16 68 92
16 200 38
16 204 17
16 205 63
16 210 53
16 91 36
16 100 99
16 108 20
16 239 71
16 242 33
16 115 39
16 253 84
17 129 37
17 139 20
17 275 62
17 149 20
17 280 39
17 285 70
17 161 14
17 290 74
17 293 100
17 41 81
17 242 57
17 50 68
17 184 90
17 189 97
17 63 10
17 64 79
17 267 2
17 205 49
17 80 30
17 81 44
17 85 48
17 214 25
17 226 96
17 105 0
17 240 1
17 114 88
17 243 35
17 127 65
18 289 41
18 291 82
18 69 58
18 161 99
18 169 58
18 299 81
18 108 60
18 63 55
18 61 85
18 50 7
18 35 94
18 84 57
18 286 33
18 22 28
18 105 50
18 280 16
18 127 90
18 253 90
18 94 98
18 117 37
19 192 32
19 161 17
19 260 91
19 278 43
19 295 12
19 72 37
19 138 50
19 204 71
19 207 22
19 54 5
19 153 21
19 25 35
19 89 76
19 182 51
20 299 18
20 133 81
20 134 16
20 141 98
20 146 81
20 171 19
20 282 38
20 27 23
20 30 49
20 163 81
20 262 11
20 294 28
20 168 45
20 42 99
20 43 11
20 172 49
20 179 76
20 185 15
20 193 66
20 194 80
20 204 90
20 215 28
20 89 67
20 100 43
20 102 34
20 233 27
20 110 16
20 113 61
20 243 67
20 117 17
20 249 53
20 124 95
20 255 8
21 260 85
21 278 54
21 262 2
21 137 58
21 268 100
21 150 2
21 27 77
21 158 61
21 287 76
21 288 86
21 33 33
21 166 42
21 61 12
21 192 66
21 193 77
21 198 20
21 200 55
21 201 74
21 203 79
21 77 61
21 219 51
21 225 79
21 103 70
21 234 18
21 189 33
21 240 3
22 281 56
22 158 68
22 289 14
22 39 60
22 45 85
22 48 63
22 30 10
22 61 6
22 62 67
22 64 90
22 193 16
22 66 20
22 195 82
22 68 17
22 70 96
22 200 77
22 75 38
22 212 71
22 213 34
22 90 66
22 91 2
22 98 81
22 229 23
22 232 31
22 236 91
22 118 46
22 251 22
23 143 97
23 146 13
23 148 42
23 281 64
23 284 9
23 287 34
23 164 77
23 293 63
23 46 61
23 50 64
23 179 66
23 186 82
23 61 35
23 190 28
23 73 68
23 213 71
23 87 27
23 220 79
23 93 7
23 238 48
23 243 71
23 117 44
24 43 51
24 135 11
24 137 27
24 271 92
24 131 57
24 154 89
24 156 29
24 158 57
24 161 28
24 167 19
24 298 52
24 263 30
24 173 98
24 53 10
24 185 55
24 191 16
24 198 21
24 205 46
24 82 12
24 212 20
24 88 48
24 217 28
24 222 31
24 99 12
24 107 44
24 210 59
24 240 37
24 250 44
24 124 6
25 136 77
25 146 42
25 147 48
25 27 28
25 28 53
25 157 61
25 33 52
25 283 54
25 70 45
25 72 51
25 188 19
25 191 85
25 192 49
25 198 54
25 200 76
25 90 81
25 219 68
25 221 23
25 230 51
25 234 73
25 235 23
25 108 27
25 114 42
25 248 57
25 254 34
26 192 57
26 257 46
26 131 68
26 69 94
26 102 51
26 45 10
26 206 32
26 239 56
26 273 28
26 114 55
26 67 92
26 148 52
26 217 88
26 283 97
26 249 54
26 255 100
26 93 17
26 222 58
26 116 74
27 128 38
27 96 1
27 130 66
27 43 26
27 193 53
27 129 63
27 201 52
27 74 90
27 139 63
27 140 54
27 111 96
27 183 52
27 89 11
27 266 63
27 247 77
28 171 50
28 263 90
28 140 56
28 141 59
28 280 11
28 146 58
28 217 25
28 152 71
28 29 29
28 159 63
28 291 27
28 295 72
28 170 77
28 174 61
28 182 61
28 287 57
28 72 87
28 268 91
28 74 19
28 77 8
28 86 14
28 89 65
28 90 50
28 226 17
28 227 27
28 106 36
28 59 27
28 244 97
28 119 97
28 252 14
29 224 51
29 257 78
29 66 11
29 228 24
29 293 32
29 295 96
29 170 83
29 75 20
29 190 97
29 269 38
29 60 77
29 92 82
29 261 60
29 118 23
29 119 40
29 160 73
29 188 27
29 234 61
29 94 91
29 287 5
30 137 75
30 279 25
30 276 64
30 151 91
30 153 17
30 158 97
30 34 30
30 163 67
30 295 19
30 40 89
30 297 53
30 108 26
30 51 2
30 187 22
30 75 91
30 201 43
30 202 10
30 241 41
30 216 29
30 220 34
30 98 31
30 235 64
30 236 46
30 109 25
30 168 51
30 113 13
30 246 5
30 124 65
31 260 14
31 263 58
31 271 61
31 145 61
31 279 49
31 282 32
31 90 54
31 286 30
31 159 79
31 162 48
31 292 30
31 173 19
31 175 72
31 50 34
31 185 2
31 187 86
31 188 23
31 62 62
31 81 51
31 218 40
31 220 44
31 223 75
31 178 68
31 106 99
31 236 8
31 237 44
31 115 38
31 247 19
32 136 72
32 137 79
32 268 79
32 271 18
32 164 28
32 294 48
32 296 74
32 299 23
32 172 70
32 175 90
32 180 43
32 184 47
32 60 9
32 61 97
32 246 7
32 218 12
32 144 52
32 230 44
32 234 49
32 238 8
32 118 56
32 121 96
33 171 37
33 146 65
33 151 47
33 284 23
33 288 7
33 163 23
33 38 72
33 299 42
33 44 81
33 178 75
33 181 63
33 185 55
33 58 45
33 63 45
33 74 8
33 213 16
33 220 94
33 240 66
33 241 52
33 249 67
34 259 27
34 140 73
34 141 9
34 142 91
34 271 69
34 278 77
34 168 22
34 169 15
34 298 2
34 51 26
34 54 74
34 61 41
34 66 60
34 201 10
34 74 8
34 213 79
34 214 51
34 221 38
34 94 79
34 225 0
34 236 31
34 112 7
34 242 23
34 116 75
34 268 18
35 256 32
35 128 36
35 258 87
35 260 14
35 138 70
35 140 27
35 130 19
35 272 78
35 145 71
35 274 58
35 287 30
35 288 68
35 42 91
35 46 90
35 177 43
35 50 43
35 53 69
35 185 76
35 187 15
35 188 40
35 266 17
35 193 45
35 194 94
35 213 49
35 92 90
35 232 96
35 243 53
35 247 58
35 254 44
36 258 87
36 259 84
36 260 39
36 261 25
36 138 46
36 153 61
36 286 66
36 290 30
36 291 23
36 165 58
36 169 96
36 172 92
36 173 10
36 51 15
36 189 88
36 199 89
36 203 34
36 214 3
36 37 19
36 109 30
36 240 44
36 119 76
36 251 83
37 128 99
37 195 50
37 197 94
37 72 65
37 73 42
37 106 21
37 107 33
37 67 47
37 116 85
37 252 66
37 119 79
37 184 19
37 89 40
37 169 16
37 200 24
37 158 31
37 63 28
38 128 35
38 137 2
38 139 49
38 272 80
38 277 28
38 151 31
38 160 71
38 162 23
38 41 87
38 61 88
38 69 25
38 70 7
38 200 65
38 201 14
38 202 21
38 76 88
38 206 26
38 78 29
38 87 12
38 217 2
38 90 19
38 91 73
38 94 20
38 246 54
38 228 71
38 240 86
38 245 9
38 118 35
38 255 54
39 68 32
39 135 99
39 296 55
39 212 35
39 107 45
39 174 30
39 93 74
39 112 85
39 90 5
39 118 28
39 46 57
39 180 74
39 250 98
39 287 57
39 189 48
39 199 67
39 63 69
40 257 46
40 130 90
40 266 64
40 271 83
40 144 59
40 275 50
40 297 95
40 298 73
40 49 56
40 50 37
40 51 59
40 68 94
40 76 86
40 83 66
40 212 97
40 91 78
40 111 40
40 243 69
40 118 29
40 126 46
41 264 4
41 139 15
41 140 87
41 270 70
41 154 81
41 285 95
41 51 75
41 181 21
41 61 81
41 63 51
41 204 45
41 205 90
41 141 55
41 212 16
41 215 2
41 93 97
41 222 99
41 96 97
41 225 58
41 102 90
41 104 7
41 115 8
41 122 99
42 135 47
42 136 63
42 140 10
42 142 99
42 149 8
42 155 34
42 289 77
42 299 42
42 172 68
42 49 0
42 188 82
42 161 11
42 79 72
42 219 12
42 220 21
42 95 59
42 101 15
42 113 33
42 117 9
42 123 72
42 124 60
42 127 70
43 138 26
43 274 79
43 148 74
43 281 98
43 111 86
43 287 41
43 163 74
43 164 10
43 170 80
43 45 64
43 182 3
43 159 6
43 60 65
43 61 12
43 67 82
43 76 69
43 85 33
43 188 73
43 236 62
43 146 80
43 239 4
43 125 27
44 257 0
44 258 47
44 143 26
44 148 51
44 260 81
44 159 79
44 290 98
44 175 24
44 180 75
44 61 14
44 64 94
44 289 48
44 77 4
44 210 45
44 85 71
44 216 42
44 101 95
44 244 77
44 119 48
44 276 45
44 252 28
45 128 11
45 270 59
45 147 65
45 154 77
45 284 19
45 289 27
45 294 80
45 167 25
45 172 21
45 47 22
45 180 1
45 182 52
45 185 100
45 187 35
45 60 94
45 191 46
45 65 49
45 202 11
45 75 1
45 204 91
45 212 92
45 226 69
45 100 46
45 103 40
45 105 57
45 240 32
45 115 40
45 116 19
45 248 77
45 84 66
46 128 18
46 261 37
46 265 27
46 147 33
46 276 0
46 277 24
46 278 16
46 283 70
46 158 97
46 287 57
46 292 13
46 297 3
46 299 87
46 173 50
46 175 27
46 55 27
46 69 49
46 200 54
46 201 59
46 74 74
46 75 69
46 77 65
46 211 35
46 218 51
46 95 49
46 225 40
46 231 66
46 171 45
46 295 99
46 148 88
46 250 27
46 126 7
46 255 81
47 64 59
47 129 45
47 67 25
47 180 49
47 101 64
47 276 31
47 232 39
47 236 18
47 210 10
47 275 85
47 148 17
47 247 16
47 280 90
47 281 8
47 122 2
47 187 59
47 192 69
47 190 11
47 69 31
48 262 61
48 291 79
48 261 11
48 102 62
48 231 9
48 284 58
48 202 36
48 235 53
48 166 85
48 240 44
48 273 31
48 243 19
48 116 36
48 252 89
48 247 85
48 280 21
48 287 10
48 220 63
48 255 43
49 263 16
49 267 41
49 273 73
49 274 23
49 285 70
49 286 78
49 167 96
49 296 53
49 174 36
49 184 31
49 188 42
49 195 55
49 198 15
49 71 22
49 201 68
49 75 83
49 78 58
49 82 43
49 86 33
49 215 36
49 98 4
49 228 42
49 104 35
49 234 24
49 107 61
49 236 45
49 112 51
50 128 67
50 257 37
50 270 32
50 144 50
50 279 0
50 153 5
50 292 5
50 168 82
50 264 93
50 222 46
50 60 8
50 195 16
50 77 50
50 94 82
50 229 39
50 234 37
50 245 47
50 253 7
50 254 83
51 128 39
51 261 64
51 140 58
51 144 75
51 205 26
51 279 18
51 290 15
51 172 67
51 61 32
51 70 28
51 204 72
51 206 100
51 79 6
51 209 71
51 220 77
51 225 36
51 98 20
51 99 62
51 101 46
51 81 83
51 109 41
51 168 74
52 128 25
52 134 55
52 137 37
52 138 48
52 270 13
52 145 81
52 278 78
52 279 73
52 284 43
52 290 46
52 294 60
52 167 25
52 177 81
52 77 94
52 87 24
52 216 9
52 218 74
52 223 90
52 224 8
52 226 33
52 105 66
52 61 89
52 116 93
52 245 25
52 248 82
52 127 45
53 132 95
53 136 17
53 139 91
53 140 96
53 276 87
53 286 2
53 288 58
53 298 31
53 171 97
53 187 13
53 188 83
53 268 65
53 75 97
53 76 56
53 77 100
53 208 59
53 213 76
53 217 11
53 219 23
53 94 87
53 95 45
53 226 5
53 228 9
53 234 38
53 107 80
53 110 42
53 247 68
53 121 97
53 254 7
54 130 47
54 263 47
54 268 19
54 269 36
54 274 93
54 283 64
54 169 21
54 203 49
54 182 62
54 192 22
54 193 96
54 195 25
54 69 69
54 198 34
54 71 59
54 119 46
54 206 18
54 82 98
54 214 17
54 221 60
54 226 100
54 100 58
54 230 10
54 242 58
54 247 96
54 249 7
54 125 46
54 126 77
55 257 78
55 142 82
55 275 1
55 148 82
55 149 99
55 150 38
55 158 5
55 159 51
55 161 33
55 297 16
55 298 96
55 178 77
55 181 94
55 184 74
55 186 76
55 67 43
55 73 73
55 208 76
55 212 7
55 89 40
55 230 70
55 103 15
55 104 6
55 240 67
55 114 59
55 244 60
55 118 43
55 123 70
55 252 89
56 128 27
56 131 29
56 261 70
56 134 78
56 145 43
56 149 31
56 162 95
56 166 67
56 171 99
56 186 70
56 61 72
56 191 23
56 70 36
56 199 36
56 211 30
56 219 88
56 223 24
56 229 7
56 103 91
56 111 59
56 113 96
56 248 53
56 126 6
57 257 33
57 267 25
57 145 27
57 146 77
57 147 60
57 152 58
57 281 97
57 157 78
57 162 9
57 292 31
57 296 95
57 114 82
57 183 8
57 69 7
57 199 1
57 76 56
57 80 12
57 212 17
57 214 0
57 97 40
57 226 50
57 99 16
57 100 14
57 102 99
57 109 49
57 242 85
57 115 75
57 250 5
57 124 11
57 127 72
58 129 28
58 271 1
58 195 99
58 284 22
58 288 18
58 167 56
58 243 21
58 183 37
58 185 53
58 187 62
58 67 47
58 72 19
58 73 44
58 95 81
58 226 60
58 103 38
58 252 0
58 234 13
58 275 43
58 244 77
58 124 60
59 138 85
59 273 41
59 146 50
59 275 64
59 289 42
59 162 67
59 294 35
59 172 84
59 175 75
59 64 94
59 201 93
59 227 32
59 88 88
59 219 56
59 93 66
59 224 11
59 99 44
59 237 37
59 115 22
60 132 35
60 271 39
60 146 50
60 147 27
60 281 48
60 290 48
60 292 48
60 294 79
60 187 53
60 61 64
60 70 93
60 212 57
60 121 43
60 216 21
60 90 49
60 95 36
60 104 15
60 235 75
60 113 48
60 114 0
60 245 100
60 119 25
60 120 80
60 249 50
60 122 25
61 131 40
61 172 17
61 139 31
61 140 26
61 269 52
61 146 34
61 156 98
61 291 36
61 62 86
61 200 71
61 73 99
61 205 86
61 80 80
61 81 19
61 212 30
61 284 59
61 224 12
61 99 27
61 259 81
61 114 37
61 246 18
61 253 84
62 128 8
62 148 52
62 155 6
62 158 7
62 166 60
62 174 10
62 177 13
62 66 84
62 200 63
62 203 16
62 82 26
62 231 26
62 104 59
62 109 52
62 117 24
62 127 33
63 193 98
63 292 47
63 69 45
63 170 78
63 224 58
63 208 54
63 211 90
63 245 44
63 279 18
63 179 33
63 191 64
64 131 79
64 135 15
64 268 34
64 144 9
64 158 68
64 160 59
64 161 91
64 291 48
64 293 72
64 167 25
64 171 91
64 66 29
64 220 42
64 100 26
64 233 57
64 243 3
64 252 24
64 126 2
65 128 46
65 131 92
65 138 98
65 268 62
65 278 57
65 155 32
65 157 66
65 69 60
65 289 4
65 293 84
65 294 9
65 167 18
65 159 98
65 67 81
65 227 82
65 197 23
65 211 34
65 91 17
65 99 43
65 102 28
65 105 83
65 236 99
65 112 45
65 118 86
66 256 72
66 128 5
66 258 2
66 260 79
66 129 18
66 264 59
66 266 57
66 273 71
66 283 10
66 156 61
66 157 76
66 164 71
66 298 77
66 71 78
66 76 84
66 218 52
66 220 4
66 94 96
66 98 51
66 106 61
66 241 62
66 119 20
66 124 56
66 125 27
67 130 12
67 260 25
67 268 86
67 271 73
67 286 76
67 189 73
67 200 34
67 75 41
67 85 48
67 215 70
67 218 26
67 101 51
67 238 80
67 253 68
67 252 96
67 125 14
67 127 19
68 192 65
68 161 72
68 258 73
68 293 29
68 201 44
68 298 5
68 263 16
68 109 67
68 79 20
68 168 82
68 214 11
68 216 36
68 91 78
68 220 60
69 136 43
69 271 11
69 280 66
69 154 76
69 159 93
69 289 65
69 292 65
69 186 74
69 287 66
69 89 41
69 143 80
69 232 55
69 191 31
69 239 15
69 157 92
69 104 14
69 251 0
70 260 72
70 134 33
70 149 90
70 281 51
70 288 35
70 178 10
70 198 20
70 84 77
70 88 62
70 224 81
70 225 8
70 230 25
70 106 77
70 114 79
70 117 44
70 119 63
70 250 82
70 253 90
71 260 63
71 133 16
71 278 11
71 261 72
71 292 100
71 172 64
71 183 66
71 193 22
71 74 80
71 215 96
71 217 35
71 218 70
71 224 55
71 104 73
71 109 6
71 239 6
71 242 53
71 119 87
72 262 56
72 139 75
72 271 88
72 279 27
72 280 0
72 287 44
72 164 23
72 284 72
72 136 4
72 178 97
72 180 100
72 182 92
72 183 50
72 189 100
72 86 23
72 94 41
72 223 22
72 111 17
72 247 69
73 261 93
73 265 32
73 267 93
73 273 76
73 279 51
73 295 4
73 170 95
73 242 29
73 181 84
73 187 2
73 195 88
73 197 48
73 77 61
73 207 8
73 85 34
73 95 24
73 106 35
73 114 16
74 257 21
74 258 37
74 131 63
74 260 25
74 264 47
74 149 16
74 158 29
74 164 92
74 293 92
74 294 13
74 296 15
74 298 9
74 188 78
74 197 59
74 75 67
74 76 55
74 79 69
74 91 60
74 220 46
74 228 68
74 231 72
74 105 71
74 107 45
74 118 57
74 252 35
75 277 3
75 290 71
75 163 8
75 169 19
75 197 1
75 201 22
75 76 50
75 77 86
75 81 24
75 210 50
75 88 30
75 229 30
75 224 59
75 101 56
75 245 7
75 126 58
76 258 34
76 273 50
76 152 88
76 283 20
76 298 82
76 177 56
76 202 68
76 187 29
76 189 96
76 81 91
76 111 66
76 114 19
76 243 10
76 249 84
76 122 39
76 123 46
76 252 71
77 107 53
77 132 85
77 136 32
77 272 56
77 147 79
77 284 50
77 168 54
77 180 64
77 194 13
77 200 31
77 201 56
77 211 0
77 185 42
77 88 81
77 97 45
77 233 46
77 235 40
77 111 95
77 241 0
77 246 41
77 124 30
77 125 29
78 256 10
78 140 39
78 141 4
78 277 12
78 151 17
78 158 21
78 289 63
78 163 56
78 168 92
78 299 39
78 174 37
78 200 17
78 82 52
78 214 24
78 87 49
78 224 73
78 226 26
78 118 28
78 249 30
78 122 86
78 149 61
79 259 23
79 134 85
79 276 51
79 156 74
79 285 37
79 177 51
79 182 58
79 185 89
79 190 52
79 193 14
79 209 62
79 210 27
79 97 75
79 231 63
79 236 6
79 115 30
79 298 64
80 267 29
80 140 61
80 142 69
80 143 26
80 178 73
80 179 21
80 225 82
80 205 82
80 83 40
80 89 10
80 90 5
80 220 56
80 223 86
80 224 64
80 97 43
80 115 39
80 118 72
80 247 85
81 128 80
81 263 59
81 270 80
81 271 29
81 275 5
81 149 25
81 154 96
81 291 8
81 207 7
81 86 54
81 93 28
81 99 11
81 102 53
81 105 57
81 246 66
81 126 76
82 129 50
82 257 49
82 139 78
82 268 44
82 269 84
82 143 87
82 148 37
82 278 14
82 282 52
82 293 92
82 294 58
82 168 62
82 171 12
82 175 85
82 211 99
82 214 27
82 219 47
82 106 64
82 107 4
82 239 65
82 113 68
82 254 31
82 121 49
82 126 36
82 127 28
83 256 35
83 257 58
83 262 86
83 135 87
83 137 30
83 268 27
83 147 72
83 280 51
83 176 41
83 183 62
83 184 78
83 140 81
83 212 82
83 213 93
83 91 66
83 100 74
83 234 13
83 108 3
83 238 3
83 120 87
83 250 6
83 123 47
83 127 80
84 272 55
84 148 5
84 283 58
84 162 67
84 291 39
84 292 32
84 294 93
84 169 95
84 170 9
84 172 67
84 181 60
84 182 82
84 183 97
84 184 92
84 197 60
84 198 21
84 201 29
84 290 73
84 217 41
84 90 100
84 91 69
84 226 32
84 230 37
84 232 20
84 109 40
84 110 14
84 115 45
84 117 92
84 247 9
84 250 85
85 131 28
85 269 13
85 275 8
85 278 37
85 283 87
85 160 66
85 167 90
85 176 58
85 181 78
85 191 29
85 192 1
85 202 98
85 210 24
85 221 8
85 224 33
85 229 40
85 105 51
85 249 82
85 255 64
86 98 2
86 164 60
86 165 55
86 211 87
86 92 34
86 266 21
86 130 100
86 142 20
86 237 8
86 272 75
86 275 56
86 183 98
86 153 38
86 155 85
86 185 18
86 166 27
87 257 17
87 264 58
87 138 20
87 268 37
87 141 70
87 270 66
87 273 25
87 148 78
87 278 22
87 279 3
87 153 51
87 291 44
87 164 74
87 174 30
87 183 74
87 184 77
87 185 41
87 187 27
87 192 92
87 193 36
87 139 29
87 198 74
87 207 67
87 212 23
87 228 81
87 104 61
87 236 68
87 109 62
87 111 87
87 120 66
88 256 68
88 130 22
88 264 79
88 151 22
88 152 10
88 287 1
88 164 92
88 165 17
88 169 12
88 179 23
88 185 74
88 187 25
88 199 37
88 219 9
88 230 62
88 103 70
88 105 3
88 236 81
88 242 34
88 246 38
89 256 42
89 264 8
89 158 64
89 164 87
89 296 12
89 173 22
89 182 32
89 117 20
89 199 62
89 93 4
89 238 25
89 245 7
89 247 31
89 191 51
90 294 34
90 132 1
90 262 47
90 275 58
90 148 18
90 260 93
90 282 12
90 166 34
90 202 7
90 211 12
90 217 3
90 94 40
90 111 74
90 247 5
90 251 73
90 126 98
91 264 79
91 267 38
91 143 5
91 159 5
91 161 95
91 296 25
91 178 14
91 183 8
91 184 24
91 223 89
91 207 85
91 211 22
91 221 29
91 95 10
91 232 100
91 110 74
91 111 82
91 114 78
91 115 95
91 118 58
91 121 27
92 134 32
92 270 14
92 143 83
92 145 8
92 280 53
92 296 35
92 285 0
92 157 11
92 191 34
92 217 16
92 226 64
92 228 77
92 229 56
92 107 9
92 240 83
92 114 99
92 117 9
92 249 38
92 250 58
92 127 48
93 259 64
93 289 18
93 177 19
93 178 24
93 181 94
93 186 49
93 192 89
93 196 79
93 222 26
93 95 69
93 102 94
93 237 66
93 111 83
93 244 95
93 120 64
93 123 80
93 252 20
94 131 14
94 262 68
94 140 39
94 276 19
94 278 33
94 152 16
94 289 5
94 291 17
94 295 14
94 190 94
94 193 16
94 202 4
94 228 84
94 223 52
94 100 16
94 102 5
94 111 71
94 246 62
94 253 99
95 256 55
95 129 76
95 133 51
95 136 45
95 153 70
95 165 32
95 180 90
95 188 70
95 250 8
95 200 19
95 217 96
95 225 72
95 234 37
95 235 46
95 236 20
95 112 3
95 241 33
95 122 92
95 124 28
95 254 79
96 149 57
96 105 39
96 135 63
96 270 23
96 297 38
96 203 30
96 98 50
96 206 81
96 176 2
96 274 59
96 115 52
96 244 66
96 117 27
96 280 27
96 154 79
96 255 55
96 127 54
97 261 56
97 136 100
97 265 94
97 275 52
97 277 3
97 154 41
97 177 64
97 243 85
97 180 12
97 185 41
97 220 100
97 222 89
97 223 1
97 225 18
97 99 18
97 100 73
97 115 84
97 126 6
98 128 20
98 142 96
98 143 56
98 275 55
98 276 75
98 154 28
98 155 93
98 285 21
98 286 50
98 174 77
98 158 98
98 186 41
98 188 95
98 118 23
98 203 29
98 209 77
98 215 46
98 216 90
98 102 5
98 104 13
98 233 84
98 243 86
98 246 75
98 120 8
98 252 48
99 261 8
99 262 4
99 138 94
99 140 21
99 148 63
99 151 97
99 157 86
99 293 22
99 294 20
99 232 89
99 108 73
99 242 96
99 248 24
99 125 81
100 262 75
100 136 99
100 270 16
100 154 61
100 282 52
100 160 70
100 161 59
100 291 12
100 297 43
100 186 61
100 200 74
100 215 48
100 220 26
100 221 71
100 272 35
100 237 60
100 242 14
100 211 65
101 132 37
101 136 70
101 141 46
101 145 36
101 160 35
101 169 77
101 177 56
101 182 3
101 200 37
101 269 100
101 211 65
101 220 70
101 223 16
101 226 20
101 234 57
101 239 8
102 278 22
102 150 2
102 151 35
102 159 36
102 291 36
102 293 80
102 172 66
102 186 43
102 206 27
102 185 66
102 244 85
102 117 46
102 252 19
103 257 55
103 270 78
103 146 23
103 275 8
103 284 87
103 173 82
103 189 65
103 194 1
103 198 2
103 200 42
103 203 71
103 210 16
103 240 94
103 243 52
104 299 67
104 261 66
104 135 17
104 153 0
104 286 94
104 296 96
104 171 30
104 197 80
104 219 6
104 220 60
104 222 74
104 236 29
104 116 60
104 247 81
104 248 80
104 121 81
104 123 90
104 255 61
105 261 63
105 136 16
105 140 64
105 164 41
105 168 76
105 170 74
105 172 5
105 181 20
105 192 45
105 217 93
105 225 91
105 236 90
105 237 71
105 111 0
105 247 3
105 249 17
105 252 88
106 132 11
106 266 14
106 271 64
106 273 45
106 152 42
106 260 75
106 154 58
106 157 33
106 162 58
106 294 83
106 182 18
106 205 21
106 216 82
106 223 66
106 238 72
106 241 29
106 125 22
107 258 67
107 131 2
107 274 74
107 287 12
107 288 7
107 172 95
107 173 23
107 187 84
107 160 62
107 195 49
107 208 92
107 223 58
107 110 35
107 248 67
108 128 61
108 258 0
108 260 87
108 263 17
108 264 70
108 268 99
108 277 18
108 176 74
108 195 29
108 199 36
108 201 55
108 216 36
108 223 98
108 228 47
108 240 51
108 242 34
108 251 27
108 124 29
109 130 27
109 132 47
109 261 66
109 142 21
109 177 4
109 178 31
109 181 10
109 186 74
109 217 93
109 225 54
109 232 61
109 114 95
109 248 67
109 123 97
110 251 30
110 292 4
110 263 26
110 169 98
110 239 62
110 176 71
110 152 64
110 210 23
110 150 63
110 151 92
110 216 82
110 148 76
110 155 91
110 245 35
111 258 52
111 148 64
111 284 88
111 293 42
111 188 6
111 198 15
111 199 82
111 226 22
111 228 84
111 230 10
111 235 64
111 118 86
111 252 54
112 131 57
112 137 96
112 140 43
112 144 94
112 145 14
112 275 40
112 157 37
112 288 60
112 292 55
112 294 32
112 172 81
112 209 25
112 215 25
112 218 79
112 219 86
112 228 90
112 116 50
112 118 88
113 264 56
113 266 11
113 140 26
113 146 7
113 147 34
113 287 37
113 160 84
113 294 54
113 169 56
113 171 58
113 186 21
113 187 41
113 190 42
113 205 92
113 207 34
113 226 37
113 229 63
113 230 48
113 120 10
113 121 31
113 276 6
114 264 79
114 276 96
114 279 22
114 154 33
114 287 46
114 288 48
114 290 32
114 168 93
114 299 90
114 136 16
114 188 68
114 200 91
114 221 4
114 225 2
114 145 69
114 231 31
114 116 70
114 124 17
115 133 95
115 265 66
115 144 28
115 146 47
115 279 54
115 287 45
115 292 53
115 172 71
115 217 75
115 234 37
115 247 30
115 122 14
115 127 40
116 257 51
116 130 54
116 262 19
116 266 60
116 144 2
116 275 91
116 164 37
116 168 61
116 189 82
116 193 51
116 211 29
116 216 38
116 218 6
116 242 56
116 243 77
116 244 96
117 257 34
117 266 11
117 156 14
117 164 46
117 296 28
117 178 88
117 188 24
117 192 53
117 203 1
117 209 22
117 223 73
117 244 36
117 248 20
117 249 59
117 252 25
118 256 3
118 261 13
118 134 2
118 137 25
118 138 74
118 143 65
118 145 4
118 275 17
118 276 64
118 132 21
118 285 9
118 163 77
118 294 53
118 297 25
118 174 52
118 219 12
118 192 49
118 194 28
118 204 1
118 216 39
118 220 29
118 231 23
118 236 91
118 242 53
118 251 29
118 166 52
119 261 50
119 296 36
119 298 93
119 235 11
119 226 13
119 292 55
119 184 13
119 164 85
120 224 79
120 258 56
120 211 39
120 161 78
120 259 44
120 129 71
120 269 1
120 238 91
120 189 26
120 243 33
120 279 59
120 175 56
120 223 22
121 257 46
121 133 7
121 135 94
121 147 100
121 276 35
121 151 2
121 161 1
121 165 26
121 169 10
121 173 47
121 175 0
121 183 56
121 189 95
121 199 69
121 206 88
121 225 47
121 245 8
121 247 43
121 253 4
121 254 84
121 255 38
122 129 99
122 261 17
122 269 61
122 275 58
122 150 45
122 153 38
122 159 44
122 172 40
122 185 12
122 189 34
122 195 43
122 211 31
122 224 39
122 227 75
122 230 95
122 237 57
122 250 16
122 124 43
122 253 22
122 127 4
123 135 92
123 143 12
123 163 27
123 164 60
123 297 32
123 185 33
123 186 40
123 190 17
123 212 53
123 213 94
123 215 2
123 218 50
123 230 19
123 240 69
123 243 5
123 169 59
123 125 30
123 255 4
124 265 17
124 150 72
124 299 36
124 175 86
124 203 54
124 185 33
124 219 45
124 223 90
124 230 3
124 243 65
124 298 58
125 135 15
125 272 18
125 145 34
125 152 26
125 285 0
125 166 83
125 297 89
125 175 0
125 186 65
125 199 27
125 202 66
125 203 60
125 205 59
125 144 66
125 227 27
125 243 7
125 245 64
126 147 88
126 276 31
126 151 22
126 286 99
126 164 52
126 166 92
126 168 37
126 169 80
126 183 15
126 203 68
126 246 20
127 257 66
127 260 52
127 263 75
127 128 88
127 139 88
127 195 66
127 149 7
127 157 91
127 170 96
127 299 8
127 188 57
127 192 89
127 193 61
127 215 29
127 235 85
127 274 33
127 240 83
127 249 79
128 257 86
128 265 76
128 145 17
128 155 100
128 160 74
128 166 86
128 191 71
128 221 96
128 165 4
128 228 65
128 237 70
128 244 64
128 245 46
129 257 0
129 265 55
129 140 44
129 152 99
129 134 66
129 173 39
129 183 78
129 208 97
129 219 90
129 230 10
129 234 73
129 252 38
130 133 44
130 137 73
130 266 5
130 146 36
130 151 45
130 161 78
130 165 28
130 135 33
130 181 53
130 183 65
130 226 38
130 235 57
130 237 91
130 247 49
130 252 18
130 254 65
131 259 77
131 133 57
131 134 43
131 135 74
131 147 68
131 160 90
131 161 11
131 294 75
131 171 68
131 172 8
131 175 39
131 198 25
131 216 87
131 234 88
131 236 71
131 237 62
131 238 31
131 243 90
131 249 46
132 134 71
132 296 19
132 284 2
132 189 17
132 243 16
132 297 74
132 266 22
132 222 90
132 159 80
133 257 21
133 228 53
133 204 36
133 137 82
133 138 22
133 236 79
133 238 20
133 287 84
133 179 16
133 217 94
133 201 12
133 155 90
133 202 67
134 149 83
134 284 41
134 158 54
134 294 2
134 168 13
134 179 20
134 183 15
134 191 25
134 197 13
134 201 25
134 206 67
134 218 8
134 245 68
134 255 98
135 141 6
135 147 19
135 150 48
135 154 79
135 156 57
135 157 99
135 175 82
135 177 80
135 189 78
135 195 40
135 201 86
135 249 31
135 252 98
136 279 97
136 283 40
136 289 95
136 168 59
136 223 61
136 191 22
136 205 52
136 216 85
136 240 86
137 139 45
137 140 92
137 146 7
137 276 75
137 288 15
137 291 78
137 295 79
137 296 86
137 171 93
137 190 88
137 199 81
137 269 25
137 210 4
137 236 73
137 247 74
137 252 15
138 214 100
138 294 84
138 243 26
138 211 86
138 287 43
138 191 66
138 285 20
138 255 22
139 263 97
139 266 94
139 147 47
139 153 100
139 175 86
139 176 96
139 187 41
139 197 36
139 204 51
139 205 26
139 209 84
139 217 61
139 226 70
139 245 34
140 265 67
140 267 40
140 294 8
140 193 96
140 198 61
140 200 31
140 268 9
140 225 49
140 228 46
141 269 80
141 154 99
141 161 93
141 291 3
141 292 34
141 166 31
141 167 9
141 197 70
141 217 66
141 219 74
141 229 97
141 224 29
141 231 17
142 214 80
142 161 55
142 195 93
142 164 8
142 225 0
142 258 32
142 235 89
142 181 63
142 215 55
142 180 10
142 190 75
143 258 95
143 172 9
143 146 96
143 152 40
143 158 44
143 164 13
143 183 61
143 216 97
143 217 3
143 220 94
143 222 48
143 223 90
143 228 48
143 274 42
143 247 95
143 248 31
143 254 26
144 260 39
144 261 58
144 157 32
144 286 24
144 289 94
144 162 43
144 163 84
144 175 22
144 178 29
144 188 83
144 206 38
144 214 8
144 215 53
144 222 41
144 230 23
144 231 27
144 233 91
145 268 43
145 151 7
145 296 17
145 159 85
145 223 12
145 224 86
145 226 85
145 229 51
145 231 82
145 240 58
145 246 76
146 288 26
146 292 12
146 241 58
146 176 87
146 182 70
146 187 68
146 193 34
146 194 86
146 195 30
146 161 32
146 207 71
146 214 14
146 216 93
146 219 82
146 233 70
146 231 25
146 251 100
147 276 29
147 277 55
147 281 31
147 282 30
147 283 37
147 291 35
147 297 95
147 176 96
147 188 39
147 192 48
147 216 83
147 227 91
147 229 98
147 236 7
147 248 95
148 258 13
148 262 59
148 269 1
148 276 81
148 284 70
148 286 86
148 288 86
148 296 63
148 297 65
148 178 58
148 205 81
148 217 92
148 233 92
148 236 24
148 210 52
148 212 48
148 252 49
148 255 76
149 268 93
149 271 24
149 276 83
149 157 61
149 214 60
149 216 39
149 222 47
149 228 51
149 237 56
149 238 91
149 239 48
150 261 77
150 262 57
150 264 54
150 272 35
150 277 60
150 290 96
150 168 21
150 297 69
150 173 70
150 175 23
150 188 76
150 183 100
150 208 66
150 209 49
150 246 48
151 227 41
151 199 94
151 171 29
151 273 59
151 278 21
151 217 56
151 285 14
151 255 37
152 257 12
152 274 42
152 286 6
152 164 17
152 167 18
152 178 63
152 200 1
152 206 78
152 208 27
152 215 72
152 221 52
152 227 93
152 233 81
153 171 93
153 278 31
153 209 81
153 265 5
153 203 43
153 240 33
153 183 67
153 283 38
153 287 97
154 261 45
154 266 70
154 282 74
154 290 99
154 294 23
154 295 91
154 202 14
154 167 2
154 236 24
154 240 90
154 234 76
154 254 81
155 259 81
155 262 39
155 266 68
155 268 19
155 280 53
155 288 100
155 294 33
155 172 92
155 174 98
155 175 94
155 200 64
155 206 43
155 231 45
156 224 90
156 195 66
156 295 0
156 268 47
156 239 66
156 167 10
156 244 16
156 181 33
156 203 53
156 248 28
156 220 43
157 256 45
157 263 46
157 273 58
157 260 12
157 282 37
157 165 29
157 171 52
157 177 86
157 178 85
157 183 71
157 190 58
157 192 85
157 236 41
157 245 8
158 259 31
158 263 0
158 274 8
158 276 80
158 205 40
158 219 8
158 229 43
158 233 71
158 238 84
158 253 3
159 257 44
159 267 44
159 281 33
159 282 3
159 286 34
159 287 32
159 162 53
159 211 28
159 237 49
159 242 19
159 249 69
160 269 5
160 270 41
160 259 79
160 276 100
160 162 45
160 165 37
160 171 28
160 177 56
160 185 20
160 201 71
160 226 95
160 232 80
160 236 100
160 251 32
160 252 41
161 256 46
161 283 99
161 291 64
161 175 70
161 179 19
161 186 14
161 194 1
161 195 52
161 211 18
161 212 61
161 280 100
161 245 99
161 251 65
162 256 8
162 270 7
162 278 31
162 167 74
162 168 25
162 169 83
162 299 73
162 172 17
162 183 17
162 191 36
162 194 47
162 203 100
162 229 93
162 212 73
163 257 12
163 268 35
163 281 64
163 285 66
163 292 55
163 165 40
163 180 13
163 182 77
163 187 60
163 196 54
163 198 58
163 201 93
163 209 87
163 232 46
163 236 44
163 237 0
163 250 64
164 267 11
164 268 31
164 287 65
164 294 27
164 176 11
164 208 14
164 222 69
164 223 13
164 224 61
164 232 94
164 240 83
165 272 51
165 274 66
165 276 68
165 283 88
165 167 17
165 182 13
165 184 22
165 185 24
165 195 25
165 198 57
165 201 85
165 291 95
165 221 100
165 233 77
165 251 28
166 194 55
166 259 100
166 296 27
166 268 49
166 290 63
166 222 71
166 286 99
166 280 49
167 269 83
167 281 28
167 283 36
167 284 17
167 181 60
167 191 75
167 202 31
167 204 5
167 218 81
168 274 3
168 277 25
168 283 52
168 285 64
168 297 53
168 170 37
168 178 89
168 190 63
168 191 57
168 194 89
168 205 88
168 211 98
168 206 18
168 228 55
168 234 58
169 268 42
169 272 84
169 277 85
169 287 75
169 176 75
169 197 74
169 205 11
169 210 80
169 215 70
169 223 72
169 228 43
169 235 93
169 244 27
169 212 56
170 257 88
170 262 18
170 266 99
170 271 5
170 276 69
170 284 40
170 176 43
170 209 0
170 211 45
170 221 62
170 227 27
170 248 91
171 265 57
171 288 53
171 294 8
171 176 54
171 182 18
171 197 35
171 208 67
171 228 65
171 251 70
172 262 85
172 277 11
172 240 44
172 283 48
172 296 59
172 193 7
172 206 24
172 214 19
172 292 1
172 231 70
172 234 18
173 230 34
173 295 50
173 204 10
173 235 91
173 257 10
173 250 95
173 222 93
174 275 51
174 282 6
174 287 87
174 291 64
174 193 12
174 195 93
174 218 5
174 222 47
174 225 68
174 238 71
174 190 72
174 247 74
174 250 92
175 262 0
175 288 13
175 299 78
175 219 90
175 220 1
175 225 43
175 231 2
175 236 56
175 250 37
175 253 30
176 289 7
176 194 25
176 177 23
176 238 41
176 267 12
176 228 30
176 255 73
177 267 61
177 269 23
177 293 59
177 179 28
177 185 39
177 199 78
177 204 26
177 203 21
177 210 3
177 239 54
177 241 79
177 242 88
177 246 67
178 196 10
178 261 28
178 267 87
178 184 16
178 179 58
178 282 5
179 272 14
179 294 54
179 260 18
179 225 83
179 193 76
179 211 91
179 261 22
179 281 82
179 293 61
180 276 39
180 283 72
180 288 91
180 294 9
180 186 83
180 189 36
180 204 69
180 220 55
180 225 16
180 229 90
180 239 49
180 240 20
181 267 86
181 269 69
181 273 7
181 289 90
181 294 22
181 190 89
181 207 76
181 208 92
181 231 24
181 241 38
181 242 75
181 253 13
182 256 33
182 258 42
182 270 78
182 189 12
182 223 24
182 232 96
182 233 95
182 254 72
183 267 22
183 292 20
183 296 98
183 188 59
183 290 1
183 218 81
183 225 32
183 230 62
183 244 39
184 258 85
184 257 73
184 260 70
184 185 36
184 196 25
184 231 0
184 248 61
184 212 27
185 257 67
185 274 20
185 278 92
185 291 21
185 297 12
185 192 97
185 197 45
185 219 1
185 221 38
186 263 46
186 266 20
186 271 36
186 276 29
186 282 40
186 195 73
186 201 70
186 242 97
186 249 12
186 252 92
187 272 21
187 200 38
187 286 53
187 221 4
187 226 92
187 228 56
187 237 79
188 286 87
188 290 96
188 292 10
188 199 77
188 225 33
189 256 2
189 298 29
189 195 89
189 205 80
189 219 60
189 233 29
189 252 78
190 288 56
190 294 85
190 295 20
190 196 17
190 203 48
190 208 40
190 220 40
190 251 46
190 228 86
190 237 9
190 238 68
190 248 68
191 260 98
191 272 94
191 281 50
191 295 8
191 203 41
191 211 55
191 216 6
191 222 89
191 226 70
191 242 8
192 259 8
192 260 76
192 196 71
192 214 36
192 218 20
192 243 15
192 252 100
193 261 58
193 264 61
193 271 76
193 197 16
193 221 92
193 247 85
194 224 43
194 240 63
194 198 95
194 234 31
194 263 25
194 241 27
194 285 83
194 222 21
195 261 80
195 263 14
195 267 31
195 279 12
195 289 13
195 223 16
195 225 6
195 251 84
196 262 0
196 198 25
196 232 78
196 237 77
196 275 6
196 249 90
196 254 76
197 257 8
197 265 0
197 277 51
197 201 9
197 206 2
197 218 59
197 219 84
197 220 5
197 231 47
197 248 53
197 251 5
198 261 99
198 276 60
198 230 49
198 231 23
198 239 63
198 240 84
198 247 3
198 255 3
199 282 89
199 213 72
199 218 95
199 222 50
199 240 96
199 241 89
199 243 38
199 250 63
200 257 52
200 265 64
200 266 91
200 276 62
200 289 18
200 202 56
200 205 88
200 216 71
200 224 64
200 234 84
200 236 15
200 244 72
200 245 60
200 253 35
201 282 80
201 287 23
201 204 77
201 213 3
201 215 99
202 256 60
202 273 56
202 275 51
202 277 58
202 278 83
202 279 47
202 281 38
202 283 3
202 282 21
202 220 69
202 226 44
202 227 69
202 237 70
202 254 89
203 260 45
203 264 59
203 271 18
203 282 93
203 289 55
203 294 60
203 221 49
204 262 71
204 294 32
204 296 12
204 209 67
204 223 25
204 241 91
204 243 55
205 266 19
205 281 86
205 283 90
205 287 75
205 267 79
205 221 78
205 226 39
205 228 62
205 240 29
205 243 27
205 255 93
206 274 96
206 282 13
206 286 43
206 289 2
206 212 35
206 271 80
206 220 80
206 230 86
206 248 71
207 283 44
207 234 75
207 295 63
207 209 2
207 233 55
207 217 48
207 218 73
207 252 2
208 288 12
208 290 98
208 230 78
208 216 72
208 242 60
208 259 38
208 280 6
208 292 67
208 282 32
209 224 60
209 228 1
209 229 76
209 211 34
209 265 47
209 269 30
209 273 52
209 279 26
210 288 70
210 260 39
210 241 2
210 269 96
210 276 99
210 254 11
211 275 93
211 291 68
211 293 21
211 212 29
211 226 63
211 230 36
211 236 84
211 238 3
211 243 31
211 244 71
212 267 88
212 271 78
212 265 63
212 294 87
212 245 0
212 250 38
212 251 80
212 252 88
213 258 67
213 257 80
213 216 12
213 297 35
214 260 32
214 267 95
214 283 29
214 288 30
214 234 58
214 236 55
214 255 89
215 262 78
215 275 75
215 279 62
215 289 87
215 225 79
215 251 58
215 228 4
215 255 100
215 254 75
216 265 87
216 273 77
216 280 80
216 282 62
216 285 93
216 294 46
216 219 6
216 223 92
216 274 43
216 247 45
216 277 59
217 265 35
217 274 16
217 223 47
217 226 31
217 229 83
217 230 41
217 236 87
217 247 72
217 248 40
217 276 16
218 257 34
218 269 48
218 273 27
218 280 99
218 223 45
218 237 59
219 287 17
219 224 86
219 240 6
220 256 21
220 258 16
220 275 95
220 279 97
220 280 54
220 297 14
220 221 64
220 222 14
220 240 95
220 250 11
220 252 20
221 274 56
221 280 33
221 287 70
221 222 97
222 257 14
222 264 1
222 265 95
222 271 19
222 260 84
222 289 69
222 223 58
222 226 38
222 246 59
222 247 93
222 250 60
222 252 56
223 261 77
223 262 44
223 275 3
223 277 6
223 285 46
224 271 74
224 275 3
224 234 87
224 242 79
224 253 37
225 272 40
225 279 71
225 294 90
225 247 94
226 263 62
226 288 69
226 293 9
226 227 89
226 239 72
226 240 42
227 258 71
227 259 31
227 266 94
227 268 93
227 269 44
227 273 60
227 280 75
227 260 48
227 282 73
227 299 5
227 228 84
227 231 26
227 238 8
227 255 98
228 259 28
228 281 50
228 287 15
228 288 77
228 292 65
228 266 63
228 229 65
228 231 44
228 233 67
228 235 22
228 242 54
228 250 41
228 277 30
229 239 7
229 244 55
229 271 60
230 256 53
230 258 98
230 259 42
230 269 99
230 239 73
230 231 10
230 253 27
231 280 84
232 262 19
232 233 7
232 268 90
232 293 10
232 277 14
232 246 13
232 281 72
233 236 23
233 239 15
234 266 23
234 273 99
234 281 77
234 235 98
234 246 70
234 250 60
235 260 12
235 263 82
235 269 46
235 274 6
235 281 25
235 284 23
235 286 23
235 296 35
236 256 12
236 259 19
236 261 86
236 263 94
236 280 93
236 283 94
236 293 90
236 297 84
236 246 80
236 254 69
237 268 7
237 289 99
237 291 10
237 245 15
238 256 92
238 258 50
238 269 97
238 277 66
238 279 5
238 291 95
238 248 72
238 253 93
239 260 49
239 261 15
239 266 54
239 285 1
239 292 64
239 271 99
240 258 47
241 267 84
241 289 25
241 251 31
241 252 89
241 266 81
242 258 69
242 262 72
242 272 43
242 274 71
242 288 27
242 243 3
242 246 1
242 255 99
243 284 69
243 276 0
243 250 100
244 267 38
244 273 52
244 274 27
244 275 23
244 276 22
244 295 10
244 252 73
245 259 87
245 261 0
245 266 25
245 289 56
245 253 77
246 275 63
246 277 89
246 283 40
246 284 24
246 290 86
247 260 71
247 270 35
247 271 8
247 285 62
247 253 52
248 257 36
248 273 97
248 276 12
248 283 41
248 289 9
248 255 70
249 279 80
249 290 31
249 263 61
249 255 16
250 286 19
250 299 58
250 253 48
251 270 32
252 261 73
252 264 25
252 265 5
252 283 69
252 292 91
252 299 14
252 263 66
253 262 49
253 266 52
253 274 8
253 281 5
254 259 5
254 261 76
254 273 63
254 274 51
254 288 93
254 292 98
254 293 56
254 294 4
254 297 93
255 256 77
256 266 17
256 271 81
256 296 99
256 285 47
257 258 65
257 262 61
257 263 18
257 268 1
257 269 15
257 270 48
257 280 8
257 277 73
257 284 98
257 286 49
257 288 96
257 298 25
258 260 30
258 261 90
258 276 78
258 295 65
259 293 98
259 292 25
260 264 32
260 267 25
260 276 92
260 282 44
260 284 16
260 287 35
260 289 14
260 263 21
261 268 0
261 285 36
261 278 34
261 293 6
262 273 88
263 269 86
263 286 48
263 288 93
263 267 46
264 271 58
264 273 45
264 274 58
264 275 92
264 280 8
265 271 73
265 286 42
265 292 9
266 275 32
266 279 52
266 284 45
266 286 88
266 288 22
267 275 86
267 276 59
267 288 65
268 283 100
268 296 2
269 273 71
269 290 66
269 291 12
269 295 90
269 299 20
269 270 49
270 280 90
270 287 92
270 296 36
270 298 6
271 277 39
273 291 78
274 276 10
274 282 52
275 287 41
276 282 7
276 289 69
277 293 67
277 296 61
278 279 24
278 297 62
279 291 27
280 281 24
280 291 45
282 287 49
282 285 79
284 289 49
284 290 68
284 296 85
285 290 70
286 289 49
286 293 22
288 295 75
289 293 50
290 293 71
292 295 87
294 299 57
294 296 32
296 298 0
297 298 72
