300 4000
0 264 84
0 10 82
0 140 73
0 143 20
0 19 53
0 277 7
0 217 7
0 284 96
0 31 52
0 32 94
0 41 70
0 44 30
0 45 30
0 177 47
0 52 92
0 57 69
0 194 2
0 69 84
0 80 39
0 214 2
0 88 91
0 89 83
0 93 94
0 251 52
0 125 98
1 260 29
1 264 55
1 266 48
1 13 71
1 142 68
1 15 90
1 18 54
1 149 64
1 281 5
1 292 51
1 174 74
1 47 39
1 181 8
1 187 78
1 191 58
1 77 54
1 269 10
1 208 39
1 14 98
1 218 82
1 223 57
1 96 5
1 98 55
1 102 18
1 274 77
1 113 4
1 126 32
1 21 43
2 259 88
2 262 69
2 135 95
2 264 16
2 138 14
2 280 64
2 19 40
2 276 69
2 152 82
2 290 12
2 164 68
2 168 35
2 43 72
2 46 64
2 64 99
2 82 77
2 212 84
2 218 97
2 222 28
2 102 20
2 230 79
2 103 52
2 106 29
2 109 38
2 110 30
3 5 87
3 21 48
3 24 25
3 25 93
3 283 10
3 156 33
3 157 56
3 32 60
3 33 88
3 291 78
3 36 50
3 42 45
3 285 85
3 183 55
3 61 29
3 64 49
3 196 98
3 72 57
3 78 72
3 81 80
3 210 70
3 214 7
3 216 57
3 222 64
3 100 6
3 238 93
3 277 36
4 259 94
4 22 76
4 134 83
4 10 50
4 141 56
4 273 14
4 29 30
4 148 18
4 277 89
4 278 28
4 23 78
4 280 67
4 299 74
4 154 49
4 28 8
4 26 85
4 150 60
4 161 83
4 35 10
4 156 29
4 298 20
4 171 92
4 173 59
4 46 82
4 175 98
4 48 100
4 49 61
4 183 76
4 60 23
4 69 32
4 199 10
4 209 37
4 227 59
4 214 47
4 88 95
4 240 10
4 99 80
4 229 93
4 236 5
4 174 58
4 112 42
4 245 85
4 118 42
4 123 16
4 149 19
5 15 98
5 145 25
5 131 37
5 21 51
5 167 31
5 169 28
5 42 38
5 44 74
5 176 100
5 53 75
5 95 57
5 189 48
5 66 44
5 68 73
5 215 23
5 88 85
5 94 68
5 223 69
5 103 85
5 61 30
5 113 31
6 258 79
6 132 64
6 268 63
6 269 25
6 34 91
6 164 5
6 37 53
6 296 52
6 174 100
6 54 15
6 60 96
6 62 12
6 198 54
6 75 80
6 13 64
6 95 70
6 224 51
6 226 13
6 101 7
6 236 26
6 242 31
6 118 43
6 249 73
6 123 86
6 252 98
6 127 8
7 131 10
7 132 29
7 133 44
7 136 97
7 142 46
7 147 87
7 157 69
7 172 88
7 176 83
7 115 63
7 181 96
7 185 78
7 61 41
7 64 74
7 70 4
7 199 90
7 204 29
7 206 54
7 87 37
7 95 45
7 228 0
7 105 89
7 111 41
7 240 90
7 241 56
7 243 58
7 118 5
7 121 65
7 123 63
8 265 83
8 11 44
8 12 76
8 144 36
8 20 91
8 21 59
8 151 81
8 24 39
8 153 4
8 154 27
8 155 7
8 33 90
8 283 86
8 295 9
8 48 45
8 179 70
8 183 34
8 187 45
8 63 62
8 64 31
8 80 18
8 82 66
8 213 51
8 93 5
8 94 60
8 100 89
8 101 41
8 230 8
8 9 98
8 123 56
9 130 80
9 260 18
9 135 39
9 138 27
9 268 31
9 13 45
9 142 17
9 15 41
9 146 99
9 21 73
9 30 33
9 291 44
9 166 16
9 295 92
9 296 67
9 173 42
9 174 7
9 175 41
9 53 79
9 183 10
9 184 50
9 58 75
9 59 74
9 63 46
9 192 73
9 69 92
9 14 24
9 215 46
9 271 51
9 94 58
9 236 95
9 243 17
9 116 12
9 246 22
9 254 56
10 133 17
10 134 83
10 276 10
10 155 46
10 285 98
10 291 44
10 294 96
10 168 93
10 174 87
10 177 48
10 51 44
10 188 1
10 67 34
10 72 98
10 214 70
10 225 90
10 234 61
10 247 80
10 20 32
10 250 65
11 256 81
11 257 50
11 130 48
11 146 76
11 276 80
11 293 76
11 45 32
11 177 21
11 51 55
11 67 66
11 208 49
11 83 49
11 85 5
11 86 64
11 88 88
11 220 74
11 93 11
11 98 28
11 231 17
11 242 87
11 244 7
11 252 35
12 266 94
12 140 19
12 141 90
12 14 51
12 149 2
12 150 58
12 153 85
12 25 52
12 28 19
12 166 34
12 170 39
12 299 32
12 46 19
12 136 25
12 182 71
12 185 93
12 58 7
12 74 87
12 84 64
12 270 93
12 87 85
12 96 22
12 229 40
12 103 37
12 105 45
12 235 90
12 113 98
12 243 9
12 126 39
13 272 37
13 24 66
13 278 79
13 152 85
13 156 84
13 286 80
13 33 77
13 41 90
13 47 50
13 182 83
13 183 99
13 61 99
13 195 91
13 199 95
13 73 67
13 76 50
13 78 72
13 89 90
13 228 66
13 251 49
13 126 77
14 256 24
14 130 2
14 132 56
14 261 68
14 140 90
14 150 81
14 151 33
14 26 61
14 30 96
14 176 32
14 165 85
14 48 54
14 60 85
14 68 11
14 71 68
14 85 84
14 91 100
14 94 45
14 102 0
14 231 20
14 234 51
14 235 17
14 238 50
14 111 66
14 116 29
14 268 42
14 248 67
14 121 89
15 260 33
15 17 25
15 274 18
15 280 1
15 284 13
15 287 67
15 291 43
15 37 36
15 298 88
15 48 85
15 53 0
15 265 99
15 58 91
15 196 23
15 70 86
15 200 36
15 204 51
15 205 36
15 120 38
15 82 52
15 89 12
15 218 41
15 293 56
15 99 94
15 236 1
15 119 91
15 248 53
15 250 85
15 252 95
16 133 27
16 141 68
16 143 51
16 272 73
16 273 48
16 21 66
16 287 64
16 32 46
16 162 76
16 165 86
16 298 23
16 178 84
16 181 30
16 196 13
16 200 79
16 85 8
16 224 26
16 227 36
16 230 47
16 111 61
16 114 96
16 247 81
16 120 73
16 249 5
16 252 91
17 133 65
17 135 70
17 20 55
17 277 95
17 28 2
17 35 45
17 41 10
17 42 30
17 173 21
17 51 68
17 55 100
17 188 19
17 63 0
17 224 3
17 195 53
17 197 89
17 183 85
17 77 44
17 209 81
17 84 54
17 271 100
17 96 49
17 101 26
17 236 88
17 240 4
17 115 30
17 250 81
17 125 74
17 127 12
18 264 94
18 142 29
18 153 72
18 284 18
18 30 31
18 45 57
18 52 49
18 65 33
18 197 55
18 204 57
18 208 81
18 83 82
18 216 78
18 92 91
18 221 16
18 229 95
18 102 9
18 105 89
18 234 53
18 236 12
18 237 40
18 243 84
18 249 41
18 250 81
18 126 70
19 138 99
19 143 5
19 272 85
19 273 44
19 278 51
19 159 49
19 162 40
19 297 89
19 47 99
19 53 35
19 73 92
19 59 20
19 63 61
19 197 97
19 201 41
19 83 23
19 214 19
19 90 29
19 93 72
19 222 100
19 102 58
19 230 44
19 231 21
19 211 12
20 258 82
20 259 13
20 140 74
20 131 55
20 277 24
20 151 16
20 287 95
20 163 58
20 298 46
20 171 29
20 44 24
20 93 62
20 48 91
20 51 85
20 53 28
20 182 79
20 186 11
20 60 94
20 62 52
20 64 77
20 197 16
20 204 13
20 207 12
20 84 32
20 79 2
20 92 42
20 250 67
20 100 79
20 101 8
20 235 41
20 238 52
20 112 29
20 243 83
20 118 5
20 120 97
20 249 26
20 122 9
20 170 39
21 261 85
21 136 72
21 138 47
21 270 75
21 173 23
21 272 22
21 145 7
21 151 63
21 282 71
21 160 0
21 163 8
21 177 65
21 45 8
21 60 23
21 63 5
21 32 44
21 86 48
21 215 96
21 216 55
21 143 79
21 95 15
21 227 91
21 231 66
21 104 25
21 144 82
21 236 51
21 111 89
21 116 39
21 250 88
22 129 26
22 260 33
22 263 81
22 143 99
22 144 84
22 148 1
22 151 63
22 26 12
22 284 24
22 29 25
22 161 70
22 35 34
22 165 99
22 295 23
22 40 56
22 299 25
22 174 43
22 177 25
22 184 76
22 60 93
22 191 82
22 64 44
22 201 78
22 219 5
22 37 68
22 230 4
22 296 55
22 255 57
23 134 37
23 264 53
23 274 76
23 280 42
23 27 57
23 157 76
23 289 32
23 291 50
23 37 81
23 294 92
23 167 39
23 170 1
23 174 55
23 57 60
23 62 39
23 197 44
23 70 60
23 202 89
23 204 92
23 84 67
23 219 13
23 223 100
23 97 100
23 100 27
23 38 12
23 295 32
23 236 2
23 240 23
23 113 3
23 115 51
23 212 95
23 123 58
24 261 30
24 135 88
24 137 44
24 147 53
24 31 1
24 160 45
24 163 85
24 164 73
24 37 20
24 38 0
24 178 95
24 61 7
24 190 2
24 64 97
24 65 25
24 68 52
24 72 84
24 201 75
24 75 95
24 205 0
24 208 3
24 83 18
24 249 14
24 217 48
24 218 79
24 93 76
24 98 89
24 227 24
24 104 37
24 121 40
24 126 99
24 255 33
25 256 11
25 129 32
25 130 12
25 264 47
25 271 55
25 151 70
25 287 53
25 161 99
25 162 13
25 39 95
25 296 17
25 47 85
25 193 41
25 73 20
25 206 34
25 79 78
25 81 13
25 82 67
25 88 57
25 90 65
25 93 74
25 234 93
25 167 27
25 242 7
25 115 21
25 120 42
26 132 38
26 135 5
26 282 99
26 185 19
26 35 49
26 36 41
26 167 3
26 42 43
26 299 62
26 173 81
26 179 54
26 57 18
26 60 80
26 67 36
26 69 1
26 70 66
26 204 89
26 210 69
26 83 65
26 87 99
26 96 45
26 227 52
26 101 59
26 102 98
26 113 79
26 116 55
27 34 17
27 262 27
27 39 53
27 264 6
27 236 89
27 143 96
27 80 33
27 115 74
27 149 50
27 86 96
27 280 53
27 255 56
27 53 53
27 126 10
27 159 94
28 257 66
28 267 75
28 101 78
28 210 100
28 233 33
28 151 78
28 274 81
28 269 88
28 113 86
28 178 0
28 62 77
28 279 65
28 88 75
28 68 44
28 92 97
28 215 100
29 128 96
29 161 5
29 194 78
29 292 43
29 229 92
29 38 3
29 135 8
29 41 61
29 39 23
29 76 24
29 265 59
29 78 93
29 114 70
29 158 74
29 297 9
29 228 61
29 284 94
29 285 4
29 287 71
30 131 65
30 101 38
30 167 17
30 264 80
30 106 68
30 235 94
30 270 32
30 50 23
30 89 83
30 60 16
31 260 41
31 134 57
31 264 12
31 268 17
31 141 93
31 146 24
31 147 24
31 278 86
31 282 42
31 287 58
31 33 2
31 40 30
31 169 3
31 42 44
31 45 68
31 46 36
31 182 95
31 188 15
31 63 69
31 54 42
31 70 59
31 199 47
31 203 80
31 232 88
31 105 1
31 109 41
31 239 86
31 114 21
31 255 62
32 289 14
32 66 58
32 164 5
32 165 26
32 215 27
32 114 56
32 46 3
32 205 32
32 242 21
32 275 66
32 52 44
32 247 23
32 88 4
32 185 4
32 219 12
32 62 2
32 69 22
33 96 29
33 98 37
33 267 14
33 164 34
33 156 64
33 299 0
33 140 31
33 205 90
33 78 48
33 59 1
33 50 50
33 244 96
33 277 3
33 220 42
33 223 49
34 131 67
34 133 77
34 265 18
34 272 17
34 145 5
34 146 58
34 147 14
34 291 8
34 262 77
34 40 48
34 56 37
34 188 76
34 62 2
34 195 93
34 196 73
34 69 3
34 76 24
34 83 55
34 87 97
34 88 99
34 225 27
34 100 72
34 231 94
34 232 65
34 241 56
34 116 41
34 126 63
35 261 38
35 143 22
35 273 36
35 281 13
35 286 60
35 42 77
35 114 56
35 57 81
35 63 69
35 64 87
35 198 16
35 200 23
35 73 45
35 203 52
35 78 17
35 213 35
35 214 28
35 94 68
35 223 42
35 101 93
35 102 32
35 232 53
35 235 56
35 110 22
35 239 100
35 241 62
35 242 51
35 126 36
35 246 36
35 170 77
35 254 95
36 269 52
36 270 26
36 273 23
36 131 83
36 280 7
36 299 66
36 290 16
36 42 35
36 171 19
36 173 11
36 178 25
36 180 86
36 54 51
36 190 45
36 66 78
36 76 64
36 77 75
36 81 74
36 213 33
36 121 54
36 102 99
36 107 1
36 109 37
36 240 31
36 117 60
36 249 85
36 122 90
36 125 42
36 127 79
37 230 36
37 55 78
37 178 8
37 46 61
37 146 7
37 83 97
37 120 32
37 281 10
37 283 91
37 92 70
37 166 99
38 258 68
38 261 5
38 134 84
38 137 0
38 267 28
38 141 40
38 143 40
38 148 72
38 280 16
38 290 65
38 164 68
38 262 64
38 176 19
38 182 76
38 56 36
38 190 15
38 67 52
38 198 14
38 77 71
38 79 54
38 219 78
38 100 18
38 231 97
38 232 39
38 233 0
38 106 30
38 115 25
38 117 72
38 105 36
38 123 24
38 124 35
38 127 28
39 258 92
39 133 66
39 139 15
39 144 88
39 146 18
39 277 8
39 284 79
39 283 29
39 165 59
39 174 29
39 49 36
39 198 96
39 204 21
39 82 65
39 84 34
39 217 33
39 218 13
39 225 59
39 100 7
39 231 12
39 232 33
39 233 58
39 240 29
39 253 63
40 264 84
40 139 81
40 274 56
40 175 57
40 286 50
40 70 0
40 47 17
40 178 32
40 52 24
40 57 30
40 287 69
40 195 41
40 198 83
40 74 67
40 162 85
40 80 2
40 210 54
40 85 78
40 219 25
40 221 100
40 233 53
40 236 14
40 111 92
40 117 53
40 253 37
41 131 17
41 264 56
41 152 13
41 158 45
41 159 15
41 171 32
41 49 90
41 182 29
41 67 77
41 197 79
41 70 31
41 201 85
41 76 53
41 78 75
41 141 3
41 82 55
41 217 72
41 220 61
41 111 95
41 241 35
41 117 78
41 248 9
41 121 16
41 122 78
42 260 78
42 265 17
42 266 16
42 268 4
42 142 18
42 147 24
42 278 11
42 285 31
42 150 60
42 163 78
42 166 26
42 169 97
42 170 7
42 286 70
42 182 1
42 183 43
42 191 57
42 68 73
42 84 71
42 217 73
42 93 30
42 222 19
42 224 2
42 225 34
42 234 33
42 236 9
42 237 72
42 247 53
42 126 56
43 257 36
43 263 46
43 265 55
43 140 23
43 143 72
43 158 24
43 288 9
43 162 7
43 171 18
43 175 70
43 176 87
43 178 81
43 71 43
43 204 20
43 82 16
43 87 62
43 216 38
43 92 28
43 93 67
43 94 16
43 225 55
43 236 1
43 115 3
43 251 98
43 253 8
44 258 25
44 262 54
44 136 17
44 265 38
44 266 78
44 145 25
44 152 44
44 285 11
44 286 90
44 186 100
44 187 35
44 62 7
44 70 3
44 71 24
44 205 48
44 221 47
44 233 16
44 111 53
44 242 96
44 248 94
45 146 58
45 147 73
45 151 80
45 160 14
45 292 68
45 168 62
45 172 46
45 177 77
45 60 82
45 191 38
45 199 38
45 73 12
45 205 42
45 208 94
45 83 58
45 101 97
45 106 94
45 119 70
45 248 45
45 122 84
46 133 62
46 141 46
46 152 50
46 149 19
46 280 20
46 158 40
46 159 20
46 172 48
46 179 54
46 63 19
46 65 52
46 68 72
46 201 94
46 75 42
46 208 33
46 209 64
46 82 57
46 83 11
46 85 6
46 90 6
46 94 95
46 165 94
46 99 5
46 104 87
46 105 91
46 236 67
46 237 41
46 244 52
46 250 28
47 129 17
47 266 60
47 274 37
47 294 98
47 50 40
47 177 75
47 178 88
47 180 70
47 183 57
47 191 97
47 55 4
47 80 58
47 221 33
47 96 49
47 98 39
47 114 96
47 245 8
47 120 51
47 63 31
47 124 37
47 125 13
48 275 83
48 279 87
48 285 78
48 50 73
48 51 49
48 190 84
48 197 42
48 75 2
48 84 35
48 88 16
48 90 75
48 101 79
48 235 47
48 113 89
48 248 84
48 276 67
48 123 48
49 259 1
49 137 53
49 266 64
49 267 23
49 275 49
49 283 6
49 288 32
49 292 68
49 299 17
49 172 55
49 115 37
49 55 48
49 215 52
49 202 82
49 209 84
49 87 80
49 91 59
49 105 89
49 234 82
49 167 29
49 112 36
49 243 31
49 116 35
49 120 73
49 249 39
50 129 53
50 257 16
50 195 53
50 280 20
50 162 86
50 291 97
50 164 86
50 298 1
50 177 48
50 180 79
50 189 13
50 67 6
50 210 7
50 213 85
50 86 62
50 216 41
50 222 85
50 95 97
50 226 72
50 99 31
50 241 44
50 244 63
50 117 58
50 119 74
51 128 0
51 268 16
51 278 27
51 284 85
51 168 42
51 169 78
51 176 93
51 183 56
51 186 86
51 194 81
51 198 14
51 140 38
51 215 78
51 224 3
51 98 40
51 228 25
51 105 44
51 236 95
51 110 37
51 115 94
51 118 78
51 297 34
51 148 20
51 127 11
52 192 55
52 261 30
52 129 35
52 266 100
52 144 30
52 145 66
52 274 4
52 277 69
52 279 52
52 154 10
52 283 70
52 285 61
52 297 22
52 170 4
52 174 10
52 182 6
52 64 36
52 196 78
52 202 40
52 207 79
52 86 39
52 221 62
52 239 71
52 254 12
53 136 53
53 139 95
53 272 42
53 147 53
53 153 57
53 282 3
53 156 86
53 294 79
53 264 27
53 181 49
53 183 84
53 63 94
53 66 12
53 197 75
53 70 93
53 199 63
53 202 72
53 214 64
53 123 34
53 117 15
53 251 17
54 257 63
54 266 2
54 139 60
54 142 49
54 146 93
54 152 80
54 170 40
54 175 81
54 181 4
54 57 49
54 58 21
54 187 89
54 189 22
54 190 13
54 64 9
54 71 82
54 201 51
54 74 62
54 78 70
54 185 0
54 90 29
54 220 86
54 94 11
54 104 92
54 233 93
54 106 30
54 109 67
54 111 65
54 124 84
54 255 82
55 257 29
55 136 38
55 138 29
55 268 78
55 282 89
55 285 64
55 286 50
55 290 41
55 166 69
55 295 88
55 181 64
55 59 53
55 192 20
55 71 50
55 74 46
55 79 0
55 80 70
55 209 87
55 216 70
55 221 92
55 94 77
55 98 92
55 99 90
55 105 81
55 240 48
55 113 97
55 119 26
56 96 93
56 228 30
56 69 27
56 263 66
56 104 14
56 284 41
56 279 62
56 81 5
56 178 11
56 94 75
56 118 54
56 183 6
56 187 63
56 220 1
56 150 20
56 229 36
57 261 81
57 138 30
57 139 81
57 142 78
57 281 9
57 162 4
57 292 83
57 168 1
57 169 53
57 199 30
57 174 93
57 185 33
57 191 87
57 193 98
57 196 89
57 71 91
57 270 84
57 90 28
57 221 36
57 222 87
57 232 35
57 233 20
57 239 66
57 85 10
57 255 27
58 257 21
58 258 25
58 262 9
58 135 76
58 274 71
58 156 26
58 289 41
58 290 73
58 294 13
58 177 80
58 180 66
58 64 13
58 194 78
58 268 95
58 212 25
58 215 62
58 217 45
58 223 95
58 227 22
58 100 12
58 233 25
58 245 96
58 254 88
58 127 94
59 256 14
59 258 99
59 259 25
59 139 39
59 269 67
59 273 71
59 275 7
59 153 64
59 286 54
59 291 1
59 178 52
59 184 55
59 67 65
59 226 85
59 233 1
59 242 12
59 117 100
59 118 77
59 254 22
60 260 43
60 264 91
60 274 57
60 148 10
60 277 15
60 153 27
60 160 40
60 161 26
60 187 42
60 71 4
60 200 64
60 270 19
60 86 15
60 93 98
60 240 89
61 138 87
61 274 44
61 151 18
61 280 18
61 154 75
61 158 29
61 293 36
61 298 14
61 116 91
61 191 11
61 192 91
61 202 22
61 203 47
61 207 77
61 88 38
61 217 34
61 94 27
61 224 97
61 225 54
61 230 9
61 235 79
61 244 85
61 252 94
62 133 35
62 266 44
62 147 97
62 277 68
62 281 50
62 174 27
62 202 6
62 205 20
62 208 30
62 81 14
62 210 57
62 217 69
62 91 58
62 92 88
62 230 23
62 108 23
62 119 29
62 120 11
62 148 53
62 250 14
63 277 2
63 134 25
63 268 34
63 272 49
63 146 10
63 174 96
63 193 41
63 213 52
63 95 43
63 96 14
63 97 81
63 105 19
63 237 69
63 247 13
63 121 71
63 126 54
63 255 47
64 261 64
64 271 83
64 259 9
64 193 72
64 198 80
64 71 19
64 204 79
64 205 46
64 206 93
64 213 31
64 186 83
64 93 17
64 245 59
64 251 82
64 126 53
65 129 66
65 260 54
65 269 4
65 174 7
65 152 44
65 282 41
65 284 51
65 159 2
65 293 96
65 295 86
65 184 81
65 66 83
65 77 74
65 81 90
65 223 70
65 96 68
65 98 69
65 239 94
65 117 74
65 118 86
65 248 4
65 149 91
66 256 67
66 227 42
66 132 36
66 295 33
66 232 2
66 76 41
66 289 67
66 270 80
66 239 28
66 80 35
66 115 60
66 179 63
66 163 88
66 219 36
66 170 88
67 260 6
67 264 8
67 159 65
67 186 22
67 187 85
67 192 98
67 73 33
67 79 27
67 83 22
67 219 18
67 221 15
67 99 51
67 102 54
67 240 13
67 125 33
68 256 68
68 138 3
68 267 65
68 272 50
68 152 3
68 146 71
68 284 77
68 169 10
68 299 61
68 174 0
68 93 73
68 184 14
68 185 60
68 87 59
68 190 89
68 193 28
68 195 99
68 196 8
68 84 77
68 280 11
68 216 3
68 221 85
68 94 53
68 104 88
68 108 44
68 274 24
68 245 47
68 121 57
68 122 57
68 253 72
69 264 26
69 267 78
69 272 33
69 285 62
69 286 76
69 287 34
69 293 100
69 299 26
69 187 7
69 77 83
69 93 32
69 222 31
69 227 10
69 234 28
69 235 43
69 239 3
69 250 21
69 126 49
70 259 55
70 136 8
70 138 86
70 270 36
70 281 29
70 156 74
70 287 80
70 294 50
70 172 58
70 159 60
70 191 53
70 205 61
70 213 71
70 233 11
70 107 31
70 241 92
70 115 50
70 85 96
70 126 45
70 127 92
71 130 18
71 132 92
71 139 85
71 258 93
71 274 56
71 276 77
71 161 17
71 292 77
71 171 35
71 172 48
71 190 65
71 196 37
71 83 78
71 88 10
71 103 84
71 236 41
71 238 33
72 129 43
72 133 56
72 136 19
72 265 52
72 272 91
72 159 70
72 162 0
72 168 4
72 171 42
72 188 34
72 198 83
72 202 56
72 85 44
72 122 38
72 106 11
72 244 16
72 117 69
72 250 23
72 126 7
73 162 79
73 150 75
73 198 39
73 167 13
73 264 74
73 183 61
73 142 56
73 77 52
73 278 39
73 215 54
73 280 41
73 220 52
73 125 88
73 286 70
73 261 41
74 128 19
74 129 8
74 269 82
74 143 14
74 278 14
74 284 49
74 161 8
74 290 49
74 291 43
74 171 17
74 179 40
74 184 100
74 185 84
74 193 48
74 194 22
74 140 97
74 204 64
74 77 48
74 205 63
74 80 99
74 85 40
74 89 31
74 230 39
74 103 42
74 115 46
74 122 75
74 251 89
74 127 79
75 128 69
75 151 81
75 281 22
75 154 55
75 292 11
75 295 13
75 299 22
75 194 64
75 195 61
75 208 85
75 84 8
75 88 27
75 222 2
75 224 23
75 101 70
75 105 37
75 111 15
75 240 87
75 249 95
75 250 42
76 131 81
76 260 98
76 143 52
76 273 93
76 277 71
76 278 70
76 163 46
76 170 17
76 187 67
76 202 97
76 290 4
76 209 93
76 84 52
76 89 17
76 226 44
76 227 6
76 230 1
76 103 24
76 245 28
76 121 99
76 126 27
77 128 100
77 132 54
77 133 88
77 135 81
77 279 88
77 260 40
77 154 99
77 164 46
77 198 95
77 201 44
77 204 47
77 208 12
77 95 47
77 107 32
77 119 100
77 252 6
78 130 59
78 136 36
78 138 81
78 141 56
78 271 79
78 146 62
78 275 52
78 278 31
78 172 25
78 264 72
78 180 55
78 183 59
78 188 89
78 191 14
78 194 96
78 204 58
78 205 100
78 81 10
78 82 46
78 216 50
78 89 4
78 218 3
78 251 60
78 209 99
78 233 18
78 107 85
78 108 35
78 237 44
78 113 72
78 123 7
78 127 50
79 130 52
79 133 17
79 143 19
79 147 69
79 148 82
79 153 41
79 86 54
79 295 77
79 176 4
79 94 35
79 182 72
79 187 9
79 214 76
79 222 70
79 95 99
79 228 95
79 229 94
79 167 32
79 244 33
79 255 97
80 128 73
80 193 91
80 257 28
80 224 63
80 109 72
80 243 83
80 118 55
80 289 85
80 281 40
80 154 44
80 264 89
81 192 32
81 101 51
81 134 40
81 297 48
81 235 86
81 265 61
81 256 7
81 141 63
81 88 56
81 277 83
81 119 84
81 187 11
81 124 79
81 95 17
82 171 77
82 274 90
82 279 35
82 152 42
82 159 64
82 170 42
82 180 83
82 186 90
82 189 75
82 199 66
82 214 4
82 219 29
82 223 59
82 237 98
82 110 42
82 112 99
82 113 2
82 246 74
82 126 80
82 127 4
83 257 53
83 149 82
83 151 15
83 158 92
83 288 53
83 167 90
83 183 34
83 204 28
83 208 5
83 139 15
83 85 27
83 227 5
83 228 75
83 104 56
83 112 40
83 243 94
83 244 51
84 128 82
84 134 68
84 135 65
84 151 66
84 143 37
84 148 13
84 283 82
84 158 33
84 287 49
84 155 44
84 295 97
84 173 47
84 179 10
84 183 82
84 201 90
84 212 85
84 95 80
84 97 76
84 230 50
84 103 72
84 104 52
84 233 48
84 242 48
85 129 40
85 266 5
85 268 77
85 142 60
85 148 59
85 280 67
85 153 12
85 282 73
85 164 61
85 297 8
85 177 85
85 180 28
85 204 44
85 205 32
85 207 95
85 210 86
85 215 50
85 220 34
85 98 84
85 102 18
85 233 26
85 115 91
85 118 75
85 247 14
85 122 59
85 124 20
86 261 53
86 264 50
86 265 2
86 147 23
86 158 88
86 292 97
86 177 100
86 178 43
86 179 84
86 180 41
86 183 10
86 185 17
86 187 95
86 190 8
86 224 10
86 195 45
86 196 88
86 199 17
86 212 36
86 88 17
86 221 98
86 95 6
86 96 55
86 99 90
86 243 30
86 121 16
86 124 85
86 149 1
87 133 79
87 134 33
87 137 71
87 152 68
87 146 80
87 147 73
87 279 42
87 280 91
87 99 6
87 172 18
87 192 91
87 204 36
87 211 99
87 217 71
87 93 73
87 227 85
87 100 40
87 101 9
87 114 77
88 140 37
88 269 96
88 142 0
88 146 91
88 148 15
88 153 97
88 283 48
88 285 76
88 291 49
88 295 22
88 297 98
88 172 3
88 203 35
88 204 39
88 211 69
88 93 67
88 237 42
88 117 18
88 122 28
88 253 7
89 193 98
89 194 93
89 264 17
89 106 32
89 168 88
89 184 31
89 156 32
89 189 21
89 222 58
89 127 100
90 161 58
90 98 17
90 234 39
90 138 4
90 237 46
90 111 64
90 209 69
90 242 18
90 278 40
90 125 22
90 197 36
91 256 57
91 266 37
91 272 46
91 150 6
91 157 28
91 160 100
91 164 74
91 193 88
91 194 47
91 201 15
91 212 88
91 213 87
91 218 95
91 93 72
91 106 54
91 235 8
91 108 52
91 115 11
91 117 7
91 122 76
91 124 22
91 127 48
92 266 54
92 139 90
92 145 27
92 281 73
92 155 53
92 285 57
92 164 92
92 176 61
92 190 23
92 96 11
92 229 12
92 232 32
92 106 100
92 235 52
92 117 75
92 120 25
92 253 19
93 129 46
93 132 11
93 261 7
93 151 57
93 280 35
93 160 18
93 194 90
93 211 0
93 212 40
93 100 59
93 232 53
93 233 75
93 238 21
93 114 66
93 244 2
93 120 76
93 251 95
93 124 15
93 255 57
94 134 85
94 267 24
94 140 31
94 146 47
94 158 9
94 293 46
94 173 74
94 179 22
94 181 73
94 185 28
94 200 90
94 268 8
94 228 19
94 241 91
94 248 7
95 256 91
95 276 9
95 277 86
95 284 7
95 159 32
95 288 96
95 289 81
95 296 0
95 195 63
95 196 62
95 204 61
95 206 91
95 221 63
95 224 49
95 225 83
95 226 88
95 99 0
95 117 81
95 148 33
96 256 73
96 132 75
96 214 79
96 143 2
96 278 80
96 171 16
96 185 31
96 140 52
96 204 99
96 217 28
96 221 94
96 223 35
96 228 37
96 106 37
96 191 34
96 110 86
96 120 89
96 251 69
97 288 27
97 161 11
97 194 92
97 296 74
97 252 69
97 106 8
97 140 10
97 173 38
97 110 53
97 269 96
97 208 43
97 146 16
97 277 2
97 185 21
97 218 87
97 156 73
97 221 0
98 132 30
98 265 4
98 280 97
98 151 71
98 290 81
98 164 15
98 176 39
98 118 93
98 206 96
98 210 70
98 212 45
98 215 19
98 99 33
98 229 84
98 236 42
98 113 59
98 115 100
98 246 37
99 128 38
99 129 89
99 134 30
99 137 92
99 138 32
99 274 15
99 150 80
99 280 29
99 154 58
99 156 19
99 282 64
99 291 96
99 166 40
99 167 85
99 296 12
99 172 90
99 180 70
99 187 47
99 203 84
99 204 94
99 250 48
99 126 4
99 246 61
99 119 90
99 122 38
99 125 66
99 254 44
100 128 7
100 257 58
100 130 92
100 186 9
100 139 2
100 146 12
100 282 43
100 285 15
100 160 19
100 180 59
100 195 3
100 201 35
100 162 55
100 232 24
100 238 87
100 127 82
101 263 22
101 270 32
101 271 59
101 155 63
101 286 21
101 290 95
101 167 21
101 172 89
101 187 34
101 188 25
101 191 99
101 208 58
101 218 50
101 220 47
101 113 57
102 130 77
102 160 34
102 289 34
102 290 4
102 292 36
102 170 91
102 171 44
102 198 92
102 270 63
102 229 49
102 234 8
102 108 58
102 244 92
102 119 48
102 123 2
102 298 30
102 213 15
103 257 43
103 259 92
103 137 65
103 138 67
103 141 88
103 278 11
103 282 33
103 167 4
103 199 10
103 183 93
103 192 57
103 203 49
103 204 80
103 269 70
103 212 29
103 227 73
103 232 52
103 239 63
103 240 61
103 242 42
103 245 0
103 127 66
104 149 52
104 257 14
104 137 50
104 274 95
104 147 51
104 277 80
104 285 35
104 291 9
104 164 57
104 294 39
104 167 48
104 265 65
104 195 26
104 199 51
104 202 39
104 216 92
104 223 76
104 117 38
104 246 83
104 124 17
105 131 31
105 260 21
105 275 49
105 149 43
105 151 9
105 153 95
105 286 95
105 299 38
105 192 22
105 268 83
105 212 44
105 222 53
105 224 79
105 228 28
105 238 38
105 112 57
105 127 48
106 135 11
106 269 55
106 157 70
106 287 38
106 163 44
106 169 53
106 172 10
106 177 33
106 187 29
106 188 56
106 205 36
106 214 3
106 230 0
106 233 33
106 241 60
107 267 65
107 282 8
107 156 82
107 157 71
107 158 79
107 160 73
107 292 37
107 174 63
107 176 78
107 187 42
107 190 90
107 139 68
107 200 49
107 209 91
107 215 85
107 223 31
107 230 66
107 245 35
108 258 38
108 135 60
108 141 92
108 237 56
108 145 16
108 147 30
108 280 73
108 289 34
108 291 89
108 171 84
108 177 50
108 181 4
108 198 98
108 208 25
108 227 6
108 233 68
108 109 65
108 243 59
108 244 52
108 249 73
108 123 35
109 131 73
109 261 56
109 262 43
109 265 54
109 268 42
109 269 39
109 271 76
109 277 75
109 281 33
109 157 26
109 166 76
109 295 32
109 296 29
109 297 1
109 137 93
109 215 20
109 220 70
109 110 16
109 245 87
109 246 45
109 255 78
110 259 8
110 134 58
110 264 8
110 269 2
110 270 99
110 273 62
110 275 14
110 156 48
110 284 68
110 171 76
110 174 91
110 130 41
110 200 80
110 208 70
110 221 26
110 239 57
110 240 79
110 116 48
110 248 79
111 130 50
111 274 3
111 281 20
111 179 0
111 181 8
111 185 32
111 191 89
111 195 2
111 213 79
111 235 13
111 237 85
111 169 7
111 122 33
112 130 63
112 163 40
112 146 48
112 136 92
112 205 88
112 113 28
112 149 30
113 257 35
113 137 100
113 266 7
113 141 48
113 270 92
113 150 54
113 153 33
113 156 89
113 298 30
113 174 65
113 203 25
113 241 19
113 114 87
113 245 85
113 248 91
113 127 64
114 133 80
114 264 62
114 267 14
114 153 82
114 154 14
114 155 70
114 286 42
114 294 86
114 296 96
114 173 71
114 158 64
114 195 87
114 201 61
114 204 24
114 206 69
114 291 13
114 214 69
114 217 52
114 234 68
114 118 46
114 121 92
114 251 52
115 129 79
115 258 60
115 274 91
115 156 22
115 161 20
115 163 46
115 168 30
115 172 18
115 188 8
115 192 15
115 220 63
115 233 95
116 229 47
116 263 14
116 234 39
116 267 34
116 204 4
116 210 47
116 146 39
116 150 50
116 216 67
116 251 59
116 285 12
116 287 0
117 135 90
117 136 78
117 143 15
117 146 80
117 152 24
117 288 45
117 264 68
117 182 78
117 196 19
117 198 19
117 209 23
117 213 8
117 235 51
117 242 62
117 245 77
117 118 44
117 121 51
117 122 52
117 252 44
117 126 10
118 261 65
118 265 95
118 147 67
118 151 34
118 132 43
118 157 47
118 161 34
118 178 67
118 137 13
118 191 5
118 239 6
118 246 73
118 119 45
118 148 22
118 250 9
118 123 36
118 127 98
119 289 75
119 258 52
119 132 44
119 296 46
119 298 8
119 270 74
119 271 52
119 212 22
119 217 53
119 250 57
119 253 26
120 138 97
120 141 25
120 142 94
120 146 63
120 159 6
120 294 7
120 169 90
120 175 1
120 176 82
120 178 2
120 186 7
120 188 60
120 205 100
120 293 88
120 229 8
120 123 97
120 255 45
121 133 98
121 148 0
121 278 86
121 285 3
121 291 57
121 293 34
121 296 16
121 176 50
121 182 6
121 185 77
121 227 57
121 243 52
121 246 46
121 250 67
122 257 96
122 261 13
122 140 65
122 272 59
122 155 79
122 156 16
122 285 23
122 162 13
122 294 83
122 296 29
122 172 31
122 183 38
122 193 65
122 204 22
122 290 88
122 211 5
122 220 97
122 125 76
123 256 1
123 131 7
123 281 42
123 283 92
123 288 98
123 290 44
123 163 28
123 294 69
123 168 50
123 209 41
123 212 65
123 213 38
123 221 11
123 245 89
124 131 62
124 132 16
124 133 9
124 267 60
124 269 45
124 277 70
124 283 93
124 157 92
124 261 8
124 288 32
124 292 76
124 296 63
124 297 27
124 172 90
124 173 30
124 177 98
124 181 44
124 185 69
124 223 47
124 200 76
124 229 2
124 294 77
124 231 47
124 240 73
125 262 68
125 267 82
125 141 92
125 149 54
125 283 48
125 156 57
125 167 23
125 168 52
125 169 51
125 172 93
125 179 100
125 194 32
125 214 99
125 231 93
125 239 18
125 255 100
126 134 54
126 264 95
126 267 73
126 153 12
126 156 62
126 157 54
126 289 56
126 299 3
126 180 60
126 192 3
126 205 90
126 251 93
126 253 89
127 135 37
127 264 68
127 269 89
127 272 86
127 147 36
127 286 29
127 160 55
127 162 93
127 293 18
127 170 99
127 299 40
127 193 30
127 202 73
127 217 95
127 186 28
128 259 52
128 269 14
128 278 30
128 287 100
128 166 30
128 296 10
128 180 32
128 188 70
128 189 57
128 197 31
128 198 48
128 210 47
128 220 45
128 241 87
128 247 0
128 248 78
129 256 56
129 131 9
129 136 96
129 138 85
129 143 35
129 146 26
129 149 15
129 150 38
129 154 85
129 163 55
129 164 34
129 168 26
129 171 5
129 182 97
129 192 11
129 206 46
129 214 25
129 216 89
129 217 71
129 225 6
129 232 30
129 274 63
129 244 61
129 246 33
130 131 42
130 264 90
130 272 96
130 278 29
130 281 72
130 160 29
130 289 13
130 164 11
130 165 71
130 297 9
130 170 8
130 173 1
130 137 2
130 288 40
130 195 8
130 196 82
130 205 50
130 212 70
130 226 96
131 264 16
131 272 100
131 293 48
131 200 65
131 205 32
131 144 2
131 231 22
131 233 57
131 236 11
131 238 72
131 253 62
132 260 58
132 265 8
132 143 80
132 274 22
132 163 5
132 167 90
132 175 43
132 176 32
132 178 30
132 179 10
132 185 0
132 188 0
132 195 85
132 205 54
132 225 89
132 228 79
132 231 99
132 233 24
132 249 8
133 256 76
133 260 28
133 134 34
133 140 47
133 269 23
133 148 56
133 155 64
133 292 52
133 263 45
133 176 87
133 177 63
133 187 37
133 188 10
133 268 76
133 213 63
133 225 18
133 228 44
133 252 30
133 253 49
134 140 73
134 275 3
134 279 73
134 153 80
134 292 29
134 159 3
134 180 9
134 181 2
134 184 98
134 185 41
134 287 7
134 189 32
134 192 58
134 198 70
134 210 44
134 239 41
134 147 7
134 191 64
135 263 86
135 281 13
135 168 11
135 297 68
135 298 88
135 179 41
135 188 31
135 200 22
135 210 70
135 214 94
135 215 91
135 233 78
135 255 72
136 261 72
136 282 54
136 291 41
136 296 2
136 174 5
136 178 8
136 179 87
136 181 73
136 205 48
136 234 100
136 250 58
136 254 92
137 259 94
137 267 24
137 143 44
137 274 30
137 282 60
137 158 35
137 160 37
137 168 1
137 197 65
137 200 38
137 210 38
137 216 0
137 225 87
137 231 76
137 242 99
137 253 80
137 255 34
138 146 18
138 284 19
138 285 1
138 295 66
138 198 40
138 167 16
138 168 34
138 181 95
138 193 6
138 201 20
138 248 53
138 232 85
138 235 33
138 240 80
139 258 65
139 232 78
139 284 92
139 235 35
139 175 72
139 247 93
139 250 68
139 185 23
139 231 81
140 266 43
140 144 62
140 277 10
140 279 76
140 161 7
140 292 18
140 182 100
140 185 40
140 190 83
140 194 14
140 206 92
140 208 72
140 218 70
140 237 20
140 252 65
141 260 61
141 209 41
141 271 100
141 149 85
141 151 88
141 153 25
141 156 79
141 286 40
141 288 71
141 292 97
141 190 62
141 193 71
141 197 1
141 216 67
141 227 83
142 260 48
142 263 16
142 277 75
142 281 2
142 292 29
142 165 42
142 181 53
142 195 95
142 217 93
142 234 1
142 247 67
142 249 67
142 250 100
143 158 38
143 159 28
143 164 74
143 168 97
143 176 41
143 245 5
143 194 29
143 206 27
143 242 21
143 252 80
143 253 61
144 262 92
144 169 8
144 170 56
144 168 61
144 283 40
144 220 3
144 266 86
144 190 45
145 225 59
145 166 99
145 232 10
145 268 76
145 183 86
145 204 73
145 211 22
145 279 57
145 153 24
145 219 13
145 223 32
146 269 32
146 277 33
146 150 50
146 153 16
146 295 43
146 186 65
146 266 93
146 267 29
146 202 65
146 211 26
146 219 31
146 221 79
146 229 46
146 236 3
146 240 37
146 241 18
146 243 74
147 269 33
147 278 92
147 156 47
147 291 63
147 172 11
147 184 45
147 192 33
147 204 26
147 210 15
147 217 43
147 229 52
147 233 51
147 232 56
147 247 41
148 266 10
148 269 89
148 272 81
148 273 18
148 279 24
148 286 69
148 261 52
148 172 25
148 180 82
148 194 78
148 197 26
148 228 16
148 234 52
148 235 30
149 171 25
149 264 87
149 259 97
149 157 74
149 162 70
149 294 43
149 296 95
149 299 14
149 216 4
149 226 86
149 236 24
149 242 100
149 211 92
150 258 58
150 157 85
150 161 23
150 291 86
150 296 73
150 169 15
150 180 23
150 194 31
150 211 18
150 225 6
150 247 75
150 248 81
151 265 49
151 275 94
151 163 36
151 299 38
151 174 38
151 183 89
151 208 87
151 217 88
151 221 51
151 223 2
151 242 78
151 255 30
152 258 4
152 263 61
152 268 9
152 272 96
152 286 60
152 162 76
152 292 96
152 167 48
152 297 14
152 204 0
152 210 56
152 219 88
152 228 47
152 232 58
152 253 28
153 278 12
153 279 0
153 209 30
153 222 16
153 225 15
153 227 68
153 235 12
153 247 17
153 255 21
154 269 99
154 155 46
154 286 12
154 289 48
154 298 22
154 171 38
154 173 62
154 177 55
154 196 73
154 206 87
154 224 87
154 225 43
154 232 97
154 242 70
154 245 92
155 257 95
155 260 44
155 268 33
155 272 14
155 285 38
155 286 67
155 289 1
155 163 95
155 173 51
155 185 99
155 203 65
155 291 4
155 247 57
156 282 80
156 285 95
156 289 77
156 291 64
156 171 70
156 177 8
156 163 71
156 217 100
156 229 24
156 232 67
156 234 4
156 244 42
156 252 68
157 200 31
157 204 19
157 208 65
157 241 61
157 235 47
157 184 56
157 251 24
157 231 13
158 263 4
158 167 21
158 292 18
158 293 100
158 295 25
158 296 47
158 299 8
158 184 35
158 187 8
158 189 65
158 193 79
158 204 23
158 164 88
158 168 93
158 247 70
159 287 82
159 283 28
159 295 88
159 298 26
159 205 17
159 219 74
159 228 83
159 240 22
159 243 88
160 263 27
160 276 21
160 287 16
160 162 2
160 294 12
160 170 85
160 174 16
160 195 34
160 203 61
160 217 14
160 222 96
160 238 90
160 253 77
160 255 23
161 263 25
161 269 20
161 276 95
161 279 68
161 163 29
161 188 16
161 194 16
161 202 52
161 221 82
161 231 17
161 249 30
161 253 26
162 260 19
162 263 50
162 276 51
162 284 52
162 178 70
162 192 76
162 195 71
162 202 14
162 204 96
162 210 84
162 185 33
162 250 33
162 222 86
162 275 28
163 294 3
163 177 62
163 178 65
163 207 45
163 209 53
163 220 69
163 232 78
163 235 85
163 238 70
163 248 45
164 261 29
164 269 72
164 273 100
164 295 35
164 172 5
164 195 76
164 218 90
164 221 99
164 222 43
164 238 27
164 241 90
164 246 89
164 249 81
164 252 74
164 253 14
165 256 63
165 264 48
165 273 11
165 284 2
165 288 57
165 294 17
165 169 72
165 170 5
165 180 68
165 182 82
165 197 55
165 207 56
165 208 63
165 212 13
165 217 11
165 222 48
165 237 21
165 243 99
166 256 64
166 258 47
166 235 20
166 197 3
166 232 1
166 266 45
166 290 9
166 272 58
166 242 81
166 172 44
166 176 11
166 252 52
167 296 37
167 185 91
167 204 60
167 225 20
167 226 13
167 235 94
167 247 30
167 249 30
167 250 92
168 266 10
168 270 54
168 282 53
168 286 52
168 294 17
168 212 3
168 213 16
168 214 20
168 271 16
168 230 60
169 260 99
169 281 49
169 288 54
169 289 60
169 292 64
169 173 59
169 215 38
169 221 31
169 224 30
170 256 4
170 259 40
170 270 73
170 282 40
170 285 67
170 172 84
170 217 83
171 271 32
171 273 44
171 175 78
171 196 59
171 198 42
171 276 50
172 260 28
172 270 90
172 274 100
172 279 82
172 281 63
172 293 34
172 182 50
172 184 91
172 187 13
172 194 39
172 244 61
172 246 25
173 263 53
173 292 3
173 296 82
173 174 78
173 180 7
173 234 28
173 243 27
173 251 66
174 273 88
174 276 14
174 278 92
174 280 11
174 286 85
174 298 95
174 177 37
174 202 32
174 217 25
174 247 12
175 192 14
175 259 22
175 200 9
175 266 98
175 299 80
175 243 56
175 212 91
175 202 66
176 276 14
176 285 40
176 185 54
176 214 4
176 222 97
176 250 86
176 251 74
176 252 44
176 254 39
177 257 26
177 236 69
177 270 19
177 280 76
177 283 15
177 286 46
177 290 93
177 296 52
177 184 13
177 192 94
177 291 13
177 226 29
177 248 13
177 255 16
178 257 9
178 269 84
178 281 29
178 188 2
178 206 47
178 184 43
178 225 41
178 226 68
178 227 28
178 233 80
178 241 99
179 283 20
179 278 35
179 207 24
179 272 1
179 200 78
179 247 27
179 184 85
179 196 43
180 257 72
180 263 73
180 267 96
180 268 87
180 272 47
180 281 60
180 282 31
180 291 57
180 299 86
180 188 25
180 191 81
180 197 9
180 208 31
180 223 62
180 250 71
181 274 24
181 278 51
181 292 94
181 194 77
181 205 81
181 217 69
181 231 70
181 235 8
182 271 33
182 277 72
182 297 4
182 299 65
182 229 4
182 248 100
182 255 59
183 279 23
183 290 87
183 292 11
183 293 85
183 298 32
183 199 97
183 216 22
183 221 27
183 232 2
183 237 77
183 239 74
183 240 33
183 245 40
184 257 58
184 260 84
184 268 94
184 187 54
184 198 25
184 200 38
184 205 30
184 241 3
184 252 22
185 272 17
185 275 90
185 278 87
185 279 73
185 285 35
185 202 0
185 288 6
185 194 62
185 198 13
185 227 56
185 236 37
185 241 87
185 243 26
185 253 0
186 225 8
186 260 72
186 267 44
186 269 64
186 208 99
186 235 82
186 196 1
186 189 19
186 223 32
187 260 62
187 269 88
187 271 71
187 273 43
187 275 59
187 217 92
187 218 21
187 224 66
187 247 31
187 255 95
188 285 41
188 208 98
188 215 74
188 219 38
188 224 22
188 238 52
188 252 92
189 295 99
189 264 4
189 263 89
189 217 48
189 283 52
189 252 22
189 221 60
189 255 8
190 219 94
190 230 33
190 296 30
190 204 42
190 242 86
190 283 31
190 222 29
191 263 46
191 264 46
191 274 42
191 285 4
191 204 65
191 229 30
191 248 38
191 252 30
192 270 54
192 262 90
192 200 41
192 290 60
192 206 97
192 213 62
192 195 26
192 234 37
192 255 95
193 258 99
193 273 25
193 279 7
193 284 3
193 293 9
193 296 13
193 206 26
193 210 100
193 221 50
193 225 45
193 245 80
193 248 17
194 273 20
194 275 84
194 294 31
194 298 61
194 202 85
194 204 61
194 205 29
194 230 66
194 244 43
194 248 38
195 256 4
195 263 95
195 265 72
195 272 90
195 291 85
195 296 8
195 199 32
195 258 33
195 213 36
195 225 9
195 230 74
195 235 74
195 242 94
195 243 55
195 251 8
196 257 30
196 268 74
196 285 64
196 298 36
196 204 79
196 206 12
196 219 58
196 229 83
196 230 48
196 249 1
197 260 35
197 278 73
197 284 52
197 206 22
197 226 18
197 236 44
197 238 56
198 299 87
198 263 74
198 277 73
198 199 84
198 210 89
198 211 67
198 238 13
199 260 62
199 290 18
199 203 6
199 205 65
199 212 38
199 216 83
199 246 81
199 252 29
200 209 46
200 215 71
200 217 79
200 201 100
200 287 49
201 278 55
201 262 34
201 293 36
201 204 22
201 206 55
201 216 26
201 218 95
201 235 21
201 242 91
202 231 9
202 246 2
202 247 33
202 255 71
203 289 88
203 260 81
203 243 91
203 234 7
203 210 47
203 217 58
203 250 69
203 241 56
204 290 84
204 293 82
204 210 59
204 218 3
204 219 70
204 222 68
204 236 35
205 256 68
205 269 67
205 282 22
205 290 46
205 294 3
205 298 8
205 299 0
205 212 17
205 216 43
206 299 36
206 261 74
206 263 67
206 267 37
206 271 13
206 291 32
206 211 23
206 212 98
206 215 27
206 248 1
207 267 11
207 269 23
207 221 88
207 217 25
207 218 3
207 281 21
208 283 20
208 286 60
208 299 3
208 209 71
208 217 91
208 211 87
209 272 15
209 282 35
209 288 76
209 230 48
209 233 7
209 240 62
209 245 83
209 247 99
209 254 59
210 286 8
210 284 91
210 212 36
210 240 12
210 245 36
211 257 58
211 275 34
211 237 75
211 221 35
211 280 42
211 287 39
212 263 27
212 285 61
212 297 79
212 231 1
212 296 81
213 299 40
213 269 55
213 244 54
213 280 99
213 293 67
214 262 76
214 268 61
214 286 40
214 287 93
214 290 77
214 291 78
214 215 0
214 224 44
214 237 76
214 242 82
215 257 4
215 271 12
215 278 69
215 286 33
215 238 85
215 240 37
216 262 7
216 268 25
216 279 6
216 282 63
216 217 39
216 222 45
216 232 57
216 250 79
217 260 31
217 266 95
217 282 87
217 286 5
217 287 0
217 292 57
217 227 57
217 250 54
217 253 91
218 265 31
218 267 35
218 269 36
218 279 52
218 222 46
218 241 46
218 250 58
219 256 15
219 257 87
219 278 25
219 290 21
219 220 54
219 221 92
219 224 97
219 228 34
219 240 48
220 281 28
220 282 46
220 292 77
220 267 21
220 222 19
220 223 9
220 224 70
220 252 79
221 275 51
221 279 83
221 288 75
221 295 78
221 299 52
222 266 16
222 290 42
222 292 49
222 226 39
222 237 44
222 243 76
222 249 89
223 262 28
223 270 71
223 278 50
223 279 81
223 280 5
224 277 54
224 279 28
224 273 37
224 243 38
224 244 89
224 233 3
225 277 78
225 280 36
225 286 41
225 278 5
225 230 76
225 235 61
225 244 36
225 245 40
226 256 47
226 231 63
226 242 11
226 269 25
226 240 78
226 280 63
226 249 18
226 253 23
227 262 23
227 263 72
227 265 91
227 269 5
227 283 57
227 294 74
227 231 69
227 241 86
228 260 32
228 264 96
228 266 99
228 273 19
228 278 84
228 282 38
228 290 15
228 295 98
228 233 39
229 259 51
229 272 60
230 263 27
230 291 55
230 298 61
230 231 94
231 264 4
231 272 36
231 294 53
231 252 60
231 243 87
232 262 52
232 277 45
232 283 50
232 288 93
232 291 42
232 280 27
232 238 71
232 255 48
233 263 95
233 280 25
234 256 28
234 260 80
234 278 6
234 280 45
234 290 17
234 291 35
234 297 2
234 238 76
234 245 97
234 249 91
235 256 81
235 257 52
235 265 52
235 250 16
236 256 28
236 262 50
236 294 88
237 257 12
237 270 31
237 284 63
237 297 96
237 242 2
237 246 69
237 247 28
237 248 9
238 265 86
238 267 72
238 269 17
238 270 34
238 272 49
238 284 82
238 285 46
238 292 65
239 259 51
239 262 67
239 244 66
239 249 60
240 258 55
240 272 63
240 290 95
240 297 60
240 244 8
241 260 15
242 276 84
242 289 96
243 279 3
243 284 33
243 290 65
243 299 70
243 263 64
243 244 94
243 246 72
244 264 78
244 268 4
244 293 37
244 247 90
245 298 93
246 273 91
246 277 95
246 253 17
247 269 90
247 276 3
247 277 67
247 298 17
248 268 27
248 276 89
248 292 45
248 253 52
248 255 37
249 273 68
249 279 62
249 291 34
249 262 23
249 296 83
249 297 62
250 283 46
250 297 57
250 270 100
251 257 83
251 260 6
251 296 12
251 287 12
252 260 38
252 276 92
253 257 66
253 267 99
253 273 9
253 277 4
253 284 25
253 289 49
253 291 52
254 264 47
254 279 73
254 281 31
254 284 61
255 259 62
255 274 71
255 294 41
255 297 2
256 266 39
256 272 18
256 282 56
256 285 64
256 286 100
256 297 94
257 263 16
257 272 78
257 286 35
257 296 3
258 289 6
258 267 23
258 294 81
259 264 5
260 262 75
260 263 1
260 274 63
260 280 91
260 288 44
260 278 21
260 299 70
261 266 71
261 283 62
261 288 94
261 298 36
262 278 34
262 285 78
262 299 52
263 264 36
263 275 76
263 277 92
263 283 87
263 284 47
263 286 48
263 289 40
263 298 46
263 270 42
264 265 94
264 268 68
264 272 81
264 278 51
264 293 53
265 273 60
265 287 5
266 285 82
266 290 53
267 277 45
267 299 89
268 282 69
268 284 48
269 278 22
270 275 24
270 279 83
271 298 55
271 282 75
271 285 9
271 299 89
272 293 20
273 294 27
273 297 61
273 292 32
274 276 40
274 277 83
274 282 37
274 288 71
274 290 19
274 291 2
274 293 74
274 297 1
275 282 11
275 286 64
276 295 62
277 285 12
277 290 40
277 298 69
277 299 48
278 282 59
278 285 13
278 292 42
278 295 67
279 284 34
280 286 75
281 288 43
281 291 79
281 299 42
283 284 10
283 286 98
283 297 42
284 287 7
288 290 58
291 293 12
292 297 45
297 298 88
