300 4000
0 130 92
0 135 46
0 216 25
0 146 8
0 20 12
0 151 46
0 152 82
0 284 24
0 32 49
0 161 6
0 298 30
0 299 43
0 46 76
0 48 59
0 49 42
0 183 89
0 191 54
0 65 74
0 201 42
0 74 52
0 76 29
0 99 73
0 88 66
0 92 58
0 97 74
0 227 86
0 236 4
0 240 4
0 115 2
0 245 9
1 260 2
1 267 56
1 269 98
1 274 28
1 19 43
1 20 81
1 280 100
1 157 6
1 289 19
1 162 19
1 146 87
1 296 15
1 52 9
1 65 15
1 194 64
1 204 25
1 206 60
1 81 45
1 219 15
1 233 74
1 107 63
1 109 25
1 245 96
2 131 98
2 135 8
2 140 95
2 273 77
2 18 94
2 23 64
2 283 57
2 160 76
2 173 95
2 47 26
2 48 95
2 177 58
2 52 41
2 196 72
2 69 70
2 77 26
2 79 95
2 212 38
2 219 68
2 92 72
2 224 72
2 232 63
2 105 41
2 235 19
2 114 62
2 120 29
2 251 93
3 131 56
3 261 93
3 12 39
3 273 43
3 20 3
3 282 11
3 26 80
3 31 89
3 32 28
3 43 28
3 180 66
3 56 74
3 188 87
3 193 30
3 197 71
3 78 18
3 79 62
3 208 49
3 83 47
3 214 72
3 224 49
3 99 15
3 108 97
3 112 17
3 245 17
4 256 14
4 258 43
4 134 72
4 263 49
4 11 54
4 140 86
4 269 23
4 283 66
4 160 20
4 163 39
4 262 87
4 41 51
4 42 27
4 173 57
4 175 49
4 48 15
4 177 56
4 51 70
4 183 22
4 56 5
4 61 37
4 67 45
4 70 81
4 202 90
4 76 3
4 184 36
4 211 11
4 213 40
4 88 50
4 219 76
4 222 80
4 101 25
4 103 19
4 238 86
4 112 12
4 244 38
4 245 30
4 169 75
4 252 46
4 253 69
5 132 99
5 134 68
5 8 16
5 10 40
5 267 4
5 15 69
5 16 14
5 145 87
5 21 96
5 285 96
5 158 63
5 31 73
5 42 4
5 172 11
5 177 55
5 182 30
5 55 24
5 139 26
5 199 68
5 202 26
5 204 50
5 205 0
5 99 12
5 223 78
5 96 13
5 226 54
5 227 3
5 235 27
5 254 86
5 127 1
6 131 34
6 132 90
6 142 91
6 15 79
6 18 64
6 276 52
6 238 47
6 281 83
6 292 29
6 171 58
6 48 40
6 180 25
6 199 15
6 201 25
6 205 37
6 77 70
6 82 92
6 216 64
6 104 36
6 110 94
6 232 11
6 122 35
6 277 8
7 128 56
7 257 50
7 133 16
7 262 24
7 269 61
7 16 4
7 22 91
7 239 74
7 29 7
7 289 51
7 169 66
7 179 58
7 194 17
7 197 90
7 199 24
7 75 67
7 212 72
7 216 88
7 218 56
7 105 69
7 235 52
7 111 96
7 112 28
7 118 89
7 84 38
8 128 31
8 129 38
8 134 72
8 135 90
8 140 97
8 150 98
8 26 0
8 158 97
8 31 29
8 162 70
8 38 43
8 299 62
8 44 0
8 52 13
8 30 94
8 60 37
8 190 91
8 195 47
8 199 94
8 202 72
8 34 10
8 210 42
8 231 28
8 188 100
8 108 79
8 117 44
8 246 62
8 121 68
8 255 41
9 258 46
9 10 68
9 11 62
9 141 23
9 271 97
9 16 86
9 17 7
9 277 8
9 217 89
9 283 71
9 286 94
9 287 75
9 32 87
9 292 44
9 48 18
9 52 70
9 68 55
9 197 55
9 207 25
9 81 85
9 210 89
9 211 1
9 89 97
9 90 95
9 105 43
9 247 89
9 123 32
9 125 60
10 140 90
10 270 3
10 18 91
10 20 49
10 151 26
10 26 32
10 46 79
10 185 33
10 200 33
10 201 56
10 79 45
10 208 70
10 214 90
10 217 7
10 219 10
10 223 45
10 224 3
10 111 31
10 242 5
10 117 60
10 255 35
11 263 52
11 66 33
11 143 37
11 141 62
11 274 50
11 19 31
11 154 100
11 156 44
11 293 32
11 284 73
11 44 10
11 194 59
11 74 22
11 206 76
11 207 63
11 81 60
11 78 92
11 215 42
11 226 59
11 105 87
11 114 63
11 115 19
11 252 99
11 254 57
12 130 32
12 260 35
12 133 45
12 134 20
12 136 40
12 215 52
12 15 30
12 145 46
12 149 23
12 153 54
12 27 30
12 158 78
12 287 38
12 32 59
12 162 82
12 163 31
12 293 81
12 297 50
12 299 85
12 173 1
12 175 38
12 176 94
12 61 96
12 191 29
12 197 33
12 199 79
12 77 53
12 79 4
12 83 93
12 249 4
12 37 59
12 229 50
12 230 47
12 231 66
12 110 2
12 189 90
12 121 98
13 128 15
13 192 20
13 259 62
13 264 77
13 265 70
13 269 68
13 271 69
13 22 1
13 152 6
13 154 89
13 163 37
13 297 49
13 42 43
13 176 70
13 179 65
13 56 41
13 188 87
13 190 96
13 64 8
13 193 70
13 226 11
13 80 75
13 83 10
13 219 13
13 221 41
13 98 44
13 230 14
13 111 97
13 249 95
13 124 16
13 127 42
14 128 14
14 65 25
14 194 34
14 134 14
14 103 75
14 234 70
14 235 100
14 108 99
14 45 47
14 109 16
14 112 14
14 216 39
14 19 83
14 94 71
14 22 57
14 240 93
14 191 32
14 207 56
14 149 81
14 158 54
14 127 52
15 262 74
15 18 52
15 20 69
15 23 79
15 282 9
15 27 47
15 33 51
15 67 94
15 69 70
15 199 51
15 73 68
15 78 54
15 207 36
15 208 75
15 84 3
15 87 20
15 220 20
15 222 54
15 293 43
15 227 87
15 111 58
15 116 18
15 120 24
15 123 30
16 149 70
16 261 52
16 102 17
16 28 52
16 178 75
16 115 43
16 117 83
16 279 67
16 89 94
16 92 99
17 266 97
17 273 87
17 274 73
17 147 10
17 276 45
17 280 11
17 281 80
17 293 28
17 39 98
17 45 4
17 47 34
17 53 15
17 59 22
17 196 99
17 198 65
17 71 62
17 79 100
17 208 77
17 82 95
17 212 71
17 87 80
17 90 62
17 104 16
17 236 97
17 110 70
17 116 35
17 121 25
17 124 55
18 135 74
18 264 62
18 270 24
18 274 38
18 22 100
18 152 16
18 284 68
18 157 62
18 161 50
18 170 59
18 175 25
18 188 72
18 61 72
18 62 60
18 64 78
18 197 47
18 76 77
18 207 3
18 212 63
18 85 29
18 87 99
18 92 84
18 230 80
18 108 100
18 109 39
18 113 31
18 126 75
19 131 78
19 134 67
19 277 84
19 282 15
19 283 9
19 158 31
19 160 17
19 166 4
19 295 18
19 297 76
19 170 18
19 182 32
19 61 16
19 71 13
19 73 70
19 74 66
19 204 83
19 206 63
19 209 21
19 91 41
19 81 14
19 240 33
19 242 22
19 116 43
19 149 89
20 134 28
20 140 34
20 143 89
20 280 62
20 27 43
20 160 58
20 292 80
20 166 100
20 220 18
20 42 70
20 45 6
20 175 20
20 58 52
20 62 87
20 68 3
20 201 38
20 76 32
20 79 75
20 80 56
20 91 17
20 92 69
20 227 17
20 109 10
20 242 67
20 123 65
20 254 53
21 130 59
21 193 26
21 266 84
21 268 80
21 22 94
21 25 87
21 34 15
21 292 35
21 170 42
21 183 68
21 57 15
21 59 6
21 60 83
21 138 74
21 63 38
21 65 88
21 140 26
21 203 5
21 207 86
21 227 35
21 102 13
21 111 75
21 254 65
22 256 46
22 257 43
22 131 31
22 135 23
22 147 84
22 151 18
22 153 82
22 282 44
22 157 85
22 159 94
22 161 71
22 292 77
22 297 33
22 44 87
22 45 16
22 47 12
22 183 3
22 57 56
22 63 2
22 69 100
22 33 23
22 74 96
22 206 100
22 82 0
22 78 63
22 99 31
22 103 37
22 29 61
22 110 2
22 241 94
22 120 70
22 249 34
22 127 71
23 274 44
23 147 37
23 89 28
23 29 66
23 287 4
23 160 16
23 161 62
23 290 83
23 293 3
23 38 15
23 220 57
23 45 45
23 174 17
23 177 38
23 182 15
23 58 7
23 187 39
23 70 97
23 289 76
23 83 38
23 215 57
23 216 75
23 217 91
23 92 45
23 233 12
23 236 20
23 109 68
23 115 29
24 133 14
24 271 69
24 272 14
24 276 12
24 149 70
24 151 38
24 282 26
24 239 6
24 28 51
24 158 91
24 293 95
24 156 24
24 72 17
24 179 52
24 185 48
24 187 52
24 189 39
24 198 80
24 200 4
24 202 6
24 206 6
24 208 90
24 93 15
24 96 94
24 231 86
24 111 66
24 244 81
24 245 12
24 297 43
24 250 40
25 256 43
25 289 92
25 259 51
25 196 15
25 261 16
25 93 78
25 140 48
25 170 52
25 203 47
25 76 11
25 114 39
25 174 45
25 111 60
25 82 82
25 52 69
25 280 43
25 285 24
25 157 75
25 286 22
25 101 31
26 128 79
26 138 40
26 272 15
26 146 31
26 150 96
26 31 38
26 43 7
26 176 81
26 51 28
26 183 27
26 57 32
26 159 3
26 194 66
26 200 93
26 204 72
26 212 18
26 95 44
26 98 39
26 99 99
26 231 21
26 105 42
26 238 12
26 239 23
26 243 27
27 131 22
27 269 78
27 143 14
27 145 54
27 276 77
27 30 70
27 31 6
27 292 32
27 169 5
27 42 82
27 171 99
27 174 64
27 222 15
27 55 47
27 184 98
27 187 89
27 188 39
27 66 14
27 84 27
27 213 63
27 43 2
27 93 7
27 95 12
27 98 12
27 212 35
27 104 31
27 240 100
27 148 73
28 266 73
28 139 15
28 268 77
28 276 56
28 277 8
28 153 40
28 154 26
28 31 7
28 33 16
28 164 51
28 168 57
28 172 41
28 175 69
28 184 58
28 58 13
28 63 1
28 67 36
28 69 100
28 205 78
28 79 94
28 82 26
28 85 7
28 88 63
28 91 1
28 103 29
28 113 97
28 117 24
29 137 11
29 139 35
29 143 44
29 279 91
29 153 72
29 30 46
29 287 28
29 288 85
29 291 66
29 166 5
29 186 17
29 187 28
29 192 94
29 70 33
29 81 22
29 219 55
29 227 94
29 114 61
29 244 34
29 245 47
29 246 24
30 130 68
30 141 84
30 275 64
30 150 55
30 279 68
30 284 9
30 287 93
30 33 41
30 169 2
30 299 85
30 173 45
30 49 59
30 188 26
30 192 13
30 193 93
30 212 63
30 214 0
30 90 86
30 98 15
30 99 43
30 100 55
30 106 36
30 246 88
30 41 1
30 249 64
30 123 12
30 125 59
31 132 13
31 236 87
31 280 60
31 41 88
31 43 94
31 47 90
31 52 9
31 181 60
31 182 13
31 186 16
31 62 10
31 192 48
31 196 21
31 199 51
31 207 85
31 208 73
31 209 29
31 223 28
31 228 36
31 229 23
31 102 77
31 234 93
31 107 0
31 108 1
31 244 10
31 121 27
32 33 10
32 265 3
32 228 25
32 278 11
32 102 75
32 295 74
32 296 34
32 75 24
32 269 68
32 47 70
32 35 13
32 105 8
32 182 3
32 87 87
32 88 75
32 201 85
32 252 16
33 97 90
33 262 51
33 295 93
33 73 82
33 101 38
33 80 0
33 113 41
33 180 15
33 158 73
33 182 22
33 137 23
33 216 88
33 111 91
33 62 46
33 293 59
34 131 64
34 136 3
34 142 11
34 144 74
34 277 47
34 36 84
34 166 22
34 43 46
34 51 93
34 61 50
34 196 96
34 197 5
34 73 52
34 202 51
34 208 96
34 90 58
34 92 26
34 227 87
34 101 83
34 236 9
34 238 30
34 113 91
34 118 69
34 123 69
34 125 76
35 142 9
35 272 83
35 273 99
35 275 86
35 277 58
35 161 95
35 162 35
35 38 15
35 43 90
35 173 8
35 53 44
35 56 55
35 160 68
35 194 92
35 196 2
35 71 21
35 74 10
35 82 49
35 86 24
35 218 84
35 220 65
35 227 55
35 237 90
35 111 70
35 112 96
35 113 50
36 188 26
36 68 7
36 297 54
36 74 66
36 299 55
36 204 49
36 269 31
36 240 46
36 243 56
36 276 5
36 147 13
36 215 14
36 265 22
36 92 92
36 183 45
36 254 28
37 258 82
37 133 87
37 279 13
37 281 30
37 282 41
37 159 40
37 289 90
37 166 1
37 297 22
37 170 39
37 171 34
37 174 59
37 181 88
37 59 45
37 65 45
37 197 14
37 74 7
37 203 44
37 76 26
37 82 36
37 225 11
37 101 86
37 102 75
37 103 21
37 232 87
37 237 0
37 111 31
37 41 15
37 120 1
37 123 8
38 256 64
38 164 59
38 197 30
38 134 15
38 296 38
38 119 50
38 298 81
38 75 31
38 111 66
38 112 55
38 212 48
38 68 21
38 143 63
38 156 43
38 61 57
38 55 29
39 128 1
39 261 20
39 136 85
39 267 43
39 280 86
39 154 96
39 164 0
39 42 50
39 174 70
39 177 44
39 195 73
39 69 14
39 70 94
39 72 34
39 202 94
39 77 89
39 205 58
39 215 72
39 95 51
39 224 85
39 104 22
39 108 37
39 200 80
40 258 0
40 137 53
40 269 18
40 147 74
40 174 59
40 175 61
40 108 85
40 265 26
40 185 36
40 193 93
40 198 72
40 71 85
40 75 41
40 78 34
40 211 74
40 219 13
40 221 67
40 226 94
40 99 31
40 102 90
40 236 40
40 275 31
40 119 18
40 120 24
40 249 30
40 252 69
41 258 49
41 131 94
41 260 75
41 265 86
41 109 7
41 153 86
41 156 29
41 167 36
41 296 46
41 42 23
41 44 36
41 173 56
41 47 8
41 286 39
41 54 68
41 60 46
41 189 35
41 70 64
41 80 58
41 209 53
41 219 14
41 96 97
41 227 33
41 237 96
41 114 34
41 245 40
41 247 31
42 138 31
42 68 80
42 283 61
42 288 97
42 175 61
42 49 47
42 63 37
42 196 60
42 70 31
42 199 47
42 73 80
42 84 99
42 88 35
42 106 7
42 247 26
42 212 46
42 126 0
43 271 45
43 273 7
43 147 21
43 149 87
43 278 37
43 151 90
43 281 71
43 156 88
43 160 87
43 198 21
43 297 37
43 172 21
43 48 23
43 283 22
43 192 80
43 70 35
43 77 51
43 85 61
43 97 32
43 120 93
43 123 23
43 252 63
44 137 69
44 140 88
44 274 14
44 154 12
44 175 0
44 290 29
44 163 78
44 295 88
44 174 71
44 47 55
44 49 8
44 50 15
44 54 76
44 188 42
44 191 48
44 68 35
44 76 31
44 206 7
44 210 82
44 221 75
44 126 16
45 130 51
45 261 85
45 146 12
45 279 86
45 159 18
45 289 54
45 278 17
45 179 72
45 181 44
45 185 79
45 58 56
45 67 16
45 118 69
45 74 65
45 206 13
45 208 16
45 82 74
45 91 76
45 96 96
45 107 94
45 111 65
45 245 58
45 246 61
46 132 79
46 261 85
46 265 87
46 141 12
46 142 6
46 277 77
46 281 74
46 152 94
46 153 88
46 154 51
46 69 51
46 162 41
46 171 34
46 173 96
46 50 58
46 181 25
46 185 7
46 60 81
46 189 39
46 245 91
46 197 36
46 202 50
46 76 95
46 87 56
46 216 43
46 227 44
46 113 61
46 116 54
46 117 80
47 278 49
47 266 83
47 142 100
47 271 48
47 146 65
47 281 32
47 162 38
47 294 45
47 179 79
47 191 11
47 65 75
47 68 99
47 198 33
47 77 74
47 207 85
47 82 47
47 99 84
47 240 19
47 243 87
47 126 88
48 299 7
48 179 100
48 263 35
48 266 64
48 143 12
48 88 92
48 274 59
48 154 62
48 155 12
48 167 72
48 51 81
48 68 73
48 72 65
48 76 42
48 216 4
48 227 44
48 103 28
48 232 48
48 110 38
48 241 56
48 114 2
48 250 31
48 126 59
49 256 7
49 131 7
49 136 78
49 265 41
49 138 74
49 139 26
49 270 54
49 145 30
49 148 51
49 155 35
49 297 60
49 171 26
49 174 21
49 61 69
49 200 92
49 81 71
49 210 16
49 88 55
49 219 7
49 92 4
49 221 99
49 98 1
49 231 59
49 233 53
49 106 41
49 110 84
49 242 96
49 118 61
49 250 50
50 129 49
50 262 61
50 266 83
50 275 8
50 150 11
50 162 58
50 134 95
50 294 62
50 168 52
50 299 11
50 52 7
50 56 11
50 194 54
50 67 65
50 75 83
50 214 48
50 219 28
50 96 61
50 97 39
50 229 97
50 107 35
50 242 22
51 128 34
51 257 37
51 142 74
51 271 18
51 272 9
51 150 55
51 162 24
51 168 60
51 169 90
51 172 14
51 194 76
51 69 34
51 199 44
51 206 48
51 80 40
51 91 94
51 221 28
51 97 17
51 98 65
51 208 22
51 238 75
51 122 24
52 259 19
52 134 36
52 139 90
52 143 50
52 290 94
52 165 50
52 184 51
52 62 81
52 75 92
52 198 38
52 203 39
52 214 75
52 92 0
52 95 26
52 97 68
52 100 79
52 109 31
52 110 46
52 254 54
53 269 62
53 142 88
53 277 15
53 152 35
53 160 90
53 165 67
53 297 15
53 180 89
53 61 58
53 62 85
53 193 17
53 203 16
53 204 74
53 77 6
53 212 1
53 221 94
53 230 4
53 103 50
53 84 17
53 124 37
54 130 79
54 137 20
54 139 6
54 144 11
54 205 38
54 279 83
54 158 97
54 179 32
54 181 16
54 182 26
54 183 70
54 58 21
54 202 42
54 192 9
54 68 21
54 70 100
54 200 93
54 74 98
54 203 35
54 77 0
54 207 27
54 186 25
54 98 61
54 227 51
54 228 19
54 232 94
54 233 48
54 274 84
54 239 34
54 104 69
54 242 77
54 126 86
55 138 31
55 267 54
55 268 65
55 272 100
55 148 50
55 158 65
55 261 41
55 175 96
55 189 99
55 191 15
55 201 30
55 215 2
55 221 5
55 228 84
55 166 10
55 233 79
55 110 47
55 244 17
55 117 96
56 258 99
56 132 34
56 133 75
56 262 24
56 137 0
56 269 41
56 131 8
56 150 9
56 265 93
56 292 14
56 166 90
56 179 92
56 183 90
56 62 74
56 204 70
56 84 81
56 88 4
56 221 75
56 97 98
56 101 36
56 103 56
56 243 69
56 117 68
57 131 9
57 277 65
57 136 59
57 268 64
57 274 56
57 155 15
57 162 32
57 292 78
57 295 52
57 173 75
57 185 64
57 62 70
57 191 34
57 192 7
57 204 78
57 77 55
57 85 35
57 92 34
57 221 81
57 96 84
57 102 80
57 234 42
57 237 100
57 244 92
57 190 56
57 255 40
58 133 56
58 262 9
58 265 15
58 266 20
58 290 25
58 141 60
58 145 61
58 274 99
58 150 80
58 161 26
58 162 34
58 291 53
58 171 88
58 186 46
58 205 71
58 84 37
58 218 31
58 223 88
58 228 68
58 101 100
58 102 50
58 246 80
58 251 52
59 96 71
59 225 77
59 226 26
59 131 2
59 228 98
59 200 45
59 124 4
59 298 73
59 194 64
59 206 24
59 240 30
59 146 67
59 67 1
59 119 25
59 216 16
59 282 78
59 91 9
59 252 36
60 208 3
60 258 31
60 139 11
60 165 38
60 63 92
60 170 73
60 215 30
60 175 0
60 272 85
60 119 89
60 266 2
60 155 85
60 298 6
60 223 50
61 258 52
61 137 35
61 281 83
61 156 51
61 159 57
61 160 6
61 293 48
61 92 41
61 172 83
61 180 98
61 184 29
61 287 2
61 64 94
61 71 50
61 79 8
61 86 92
61 89 12
61 91 15
61 220 54
61 95 7
61 104 99
61 235 95
61 108 51
61 251 50
62 134 88
62 139 46
62 271 36
62 148 36
62 154 21
62 285 42
62 295 50
62 298 36
62 171 15
62 180 69
62 196 53
62 289 16
62 76 36
62 81 43
62 104 64
62 106 1
62 236 4
62 244 67
62 117 30
62 123 1
62 125 0
62 127 14
63 257 15
63 259 54
63 137 7
63 140 2
63 149 76
63 284 62
63 184 61
63 189 15
63 190 91
63 194 44
63 70 25
63 92 84
63 101 53
63 231 53
63 118 7
63 251 95
63 252 24
64 260 83
64 135 32
64 215 72
64 274 51
64 67 94
64 277 49
64 281 72
64 155 31
64 69 41
64 160 78
64 291 67
64 168 21
64 175 2
64 176 57
64 180 80
64 287 1
64 65 43
64 194 9
64 195 4
64 197 70
64 84 90
64 87 61
64 88 89
64 94 52
64 234 100
64 236 31
64 115 78
64 250 93
64 254 16
64 149 84
65 152 52
65 282 25
65 287 69
65 288 42
65 174 13
65 72 87
65 208 34
65 209 48
65 210 84
65 213 20
65 218 20
65 220 78
65 223 12
65 226 82
65 109 47
65 118 8
65 122 13
66 162 77
66 99 66
66 228 66
66 261 65
66 71 84
66 296 50
66 106 84
66 140 4
66 205 75
66 75 42
66 171 9
66 217 47
66 90 2
66 189 53
66 94 39
67 134 96
67 275 59
67 155 23
67 157 61
67 287 6
67 163 99
67 295 90
67 173 91
67 193 56
67 197 59
67 200 83
67 79 27
67 217 38
67 91 5
67 227 22
67 108 29
67 109 68
67 115 51
68 150 93
68 266 59
68 140 70
68 147 70
68 278 70
68 281 34
68 159 71
68 164 46
68 165 80
68 170 65
68 299 71
68 185 82
68 72 64
68 206 45
68 79 73
68 80 50
68 84 55
68 98 11
68 230 44
68 104 87
68 240 95
68 248 50
68 276 97
68 250 82
69 129 80
69 140 99
69 258 88
69 145 47
69 146 44
69 157 44
69 164 39
69 297 66
69 176 41
69 208 40
69 81 87
69 86 97
69 217 5
69 219 9
69 222 18
69 99 81
69 101 14
69 232 94
69 239 44
69 112 46
69 113 97
69 115 90
69 116 41
69 119 15
69 125 58
69 127 35
70 128 13
70 280 96
70 281 45
70 157 97
70 289 31
70 182 72
70 189 94
70 72 41
70 202 52
70 231 12
70 232 52
70 105 84
70 243 32
71 136 61
71 268 14
71 277 42
71 282 74
71 157 26
71 165 78
71 299 93
71 186 55
71 72 78
71 80 78
71 291 37
71 214 35
71 293 43
71 227 66
71 236 65
71 241 24
71 275 86
71 244 24
71 119 74
71 121 24
72 256 61
72 133 12
72 264 82
72 269 44
72 152 77
72 276 75
72 156 43
72 159 46
72 288 94
72 161 18
72 163 61
72 182 69
72 206 25
72 145 72
72 104 25
72 233 30
72 234 51
72 167 23
72 114 81
72 251 98
73 256 13
73 131 52
73 97 50
73 140 37
73 271 37
73 145 33
73 274 21
73 148 66
73 150 92
73 280 98
73 282 14
73 284 89
73 171 15
73 183 70
73 289 62
73 204 50
73 162 52
73 214 92
73 95 21
73 225 57
73 226 26
73 231 64
73 236 60
73 109 13
73 250 6
74 132 26
74 266 31
74 274 93
74 149 60
74 280 43
74 260 84
74 286 17
74 160 77
74 166 38
74 174 77
74 181 95
74 195 82
74 200 3
74 204 99
74 86 24
74 91 77
74 226 66
74 231 37
74 246 27
74 249 81
74 123 23
74 127 10
75 131 7
75 134 67
75 138 33
75 280 64
75 155 68
75 295 88
75 170 29
75 94 81
75 193 30
75 201 38
75 203 76
75 213 77
75 88 79
75 217 76
75 91 94
75 222 46
75 227 28
75 101 7
75 233 20
75 117 75
75 85 91
76 211 7
76 210 6
76 233 49
76 126 34
76 207 63
76 275 91
76 181 95
76 89 5
76 152 21
76 250 4
77 263 21
77 161 21
77 107 91
77 118 44
77 210 17
77 209 41
77 114 53
77 115 4
77 83 30
77 143 95
77 125 54
78 257 56
78 268 14
78 290 6
78 166 23
78 177 21
78 168 3
78 120 17
78 82 85
78 84 30
78 91 49
78 221 24
78 99 100
78 294 29
78 236 82
78 237 14
78 241 47
78 114 31
78 248 94
79 262 83
79 139 63
79 142 60
79 299 69
79 176 51
79 202 44
79 207 12
79 212 14
79 87 8
79 89 12
79 100 94
79 229 58
79 114 82
79 115 71
79 246 63
79 276 27
79 122 64
79 251 0
80 136 13
80 139 96
80 146 9
80 149 71
80 287 70
80 274 27
80 176 97
80 179 50
80 181 93
80 184 63
80 185 41
80 192 86
80 289 73
80 86 38
80 90 85
80 95 42
80 98 99
80 228 46
80 237 53
80 239 48
80 241 67
80 245 58
80 125 59
80 127 45
81 131 96
81 262 39
81 129 6
81 140 57
81 270 51
81 147 12
81 278 60
81 155 95
81 158 40
81 287 0
81 288 83
81 293 77
81 94 70
81 182 92
81 189 84
81 200 88
81 214 50
81 217 23
81 222 52
81 95 27
81 106 31
81 116 20
81 246 78
81 248 17
82 214 65
82 262 14
82 136 34
82 151 81
82 141 59
82 273 30
82 281 15
82 154 35
82 150 51
82 159 65
82 289 64
82 176 12
82 180 1
82 182 60
82 244 78
82 195 83
82 200 20
82 209 19
82 86 16
82 215 19
82 221 97
82 97 95
82 226 57
82 101 17
82 238 37
82 239 4
82 113 71
82 116 71
82 118 1
82 120 96
83 256 8
83 134 95
83 135 24
83 266 88
83 143 14
83 275 6
83 152 86
83 281 8
83 287 10
83 163 97
83 244 23
83 177 24
83 185 44
83 200 4
83 209 55
83 215 29
83 88 29
83 223 14
83 98 16
83 228 30
83 101 39
83 103 45
83 233 84
83 116 53
83 131 66
83 122 92
84 261 88
84 137 29
84 138 2
84 139 22
84 94 19
84 146 45
84 149 81
84 164 83
84 221 20
84 236 22
84 197 3
84 85 50
84 218 85
84 143 25
84 93 62
84 222 10
84 108 5
84 244 1
84 245 62
84 254 92
85 295 38
85 258 27
85 167 49
85 104 23
85 139 82
85 108 20
85 269 32
85 175 40
85 264 11
85 94 6
85 199 56
85 250 18
85 254 93
85 213 13
86 128 27
86 257 25
86 130 51
86 271 78
86 149 31
86 279 94
86 156 38
86 159 9
86 170 92
86 175 50
86 191 86
86 196 32
86 96 39
86 115 32
86 118 15
86 122 85
86 254 75
87 259 82
87 273 40
87 155 47
87 162 75
87 164 44
87 166 39
87 182 72
87 188 18
87 193 96
87 199 52
87 271 49
87 220 32
87 222 62
87 105 52
87 107 0
87 146 15
87 244 59
87 119 76
87 253 24
87 126 27
88 262 86
88 135 37
88 136 64
88 137 14
88 266 72
88 143 50
88 145 33
88 153 72
88 161 57
88 292 28
88 167 12
88 182 72
88 186 67
88 209 35
88 214 1
88 219 23
88 221 91
88 226 88
88 103 100
88 234 4
88 243 85
88 248 74
88 252 40
88 106 74
89 129 30
89 131 60
89 134 23
89 139 92
89 270 32
89 274 14
89 153 49
89 162 67
89 166 96
89 168 43
89 298 47
89 172 13
89 176 33
89 177 23
89 193 25
89 206 82
89 219 16
89 226 84
89 236 86
89 296 51
89 243 6
89 249 94
90 256 16
90 258 5
90 263 80
90 266 99
90 145 65
90 147 5
90 150 46
90 153 67
90 287 95
90 292 16
90 297 23
90 177 91
90 115 82
90 192 27
90 193 83
90 213 38
90 216 6
90 91 10
90 226 15
90 228 93
90 113 87
90 243 47
90 122 55
91 259 27
91 179 57
91 262 25
91 136 52
91 268 71
91 152 95
91 280 43
91 154 27
91 289 100
91 162 44
91 264 98
91 192 40
91 205 2
91 214 12
91 216 2
91 221 71
91 95 28
91 234 9
91 254 65
92 259 24
92 134 31
92 273 74
92 286 46
92 159 63
92 160 95
92 186 69
92 196 82
92 202 81
92 203 4
92 206 85
92 214 16
92 223 4
92 225 89
92 226 75
92 229 6
92 237 96
92 241 21
92 127 25
93 291 67
93 118 82
93 135 33
93 136 90
93 137 62
93 204 68
93 270 35
93 112 46
93 278 0
93 280 61
93 152 39
93 185 57
93 282 23
93 154 33
93 286 31
94 128 58
94 130 65
94 299 32
94 228 65
94 197 24
94 231 94
94 270 99
94 237 15
94 209 96
94 180 17
94 174 69
94 152 76
94 164 55
94 252 62
95 134 25
95 271 68
95 272 42
95 273 28
95 276 26
95 149 31
95 287 31
95 291 15
95 165 26
95 299 47
95 174 56
95 178 4
95 193 4
95 212 43
95 104 70
95 108 84
95 238 22
95 251 98
95 125 10
95 255 16
96 129 61
96 259 33
96 268 95
96 274 28
96 168 14
96 177 5
96 189 12
96 202 88
96 209 8
96 213 38
96 216 73
96 224 84
96 225 49
96 227 35
96 296 76
97 299 42
97 260 88
97 134 54
97 269 82
97 278 81
97 160 4
97 167 60
97 172 97
97 180 20
97 233 80
97 241 100
97 115 14
97 127 11
98 138 52
98 267 2
98 144 55
98 150 18
98 287 30
98 173 76
98 178 19
98 196 54
98 141 20
98 208 43
98 100 87
98 232 89
98 108 67
98 110 59
98 116 14
98 245 36
99 130 89
99 150 74
99 262 52
99 264 26
99 278 47
99 174 30
99 176 10
99 191 90
99 228 32
99 232 55
99 108 63
99 127 24
100 226 85
100 227 69
100 194 94
100 102 59
100 199 9
100 200 53
100 168 19
100 140 89
100 238 4
100 141 46
100 264 43
100 211 3
100 186 83
100 251 65
100 157 71
101 132 34
101 139 22
101 143 74
101 149 61
101 278 91
101 157 43
101 175 97
101 185 91
101 187 49
101 196 38
101 217 90
101 218 54
101 222 99
101 255 22
102 129 15
102 271 74
102 144 45
102 163 50
102 164 69
102 297 30
102 203 79
102 206 13
102 213 22
102 222 9
102 233 100
102 169 50
102 125 46
102 254 67
103 130 94
103 235 40
103 261 85
103 134 45
103 269 92
103 273 14
103 146 87
103 276 37
103 279 92
103 154 58
103 167 58
103 297 19
103 170 6
103 174 33
103 180 100
103 223 52
103 189 75
103 193 31
103 204 96
103 293 82
103 107 100
103 108 92
103 118 76
103 169 39
103 122 98
103 255 71
104 275 77
104 148 80
104 171 9
104 175 80
104 208 47
104 218 11
104 227 85
104 242 74
104 119 77
104 124 22
104 126 17
105 257 39
105 131 11
105 134 38
105 140 83
105 259 20
105 285 23
105 159 2
105 291 5
105 198 2
105 294 38
105 129 57
105 190 88
105 205 91
105 211 93
105 111 56
105 242 45
106 256 86
106 132 39
106 267 6
106 275 81
106 276 88
106 277 80
106 284 28
106 294 64
106 180 27
106 188 60
106 199 15
106 211 56
106 223 39
106 229 20
106 209 8
106 108 63
106 121 0
106 253 64
106 255 5
107 138 53
107 142 6
107 274 40
107 157 6
107 286 28
107 288 54
107 161 39
107 291 23
107 176 72
107 184 9
107 212 51
107 218 32
107 221 54
107 226 34
107 231 23
107 118 93
107 119 85
107 127 35
108 133 9
108 285 16
108 286 80
108 165 96
108 122 35
108 184 41
108 188 60
108 191 74
108 197 30
108 203 46
108 221 100
108 244 46
108 250 64
109 135 90
109 271 34
109 154 62
109 292 5
109 142 50
109 187 88
109 201 73
109 204 75
109 213 67
109 220 23
109 223 87
109 227 61
109 232 92
109 114 46
110 279 50
110 201 66
110 299 26
110 236 28
110 173 37
110 280 60
110 123 9
110 284 14
110 253 74
111 135 17
111 137 85
111 267 98
111 140 21
111 173 12
111 152 8
111 274 60
111 165 41
111 168 32
111 172 23
111 182 27
111 190 95
111 139 21
111 141 36
111 271 59
111 216 23
111 224 34
111 235 18
111 237 23
112 134 75
112 263 22
112 140 17
112 277 16
112 153 2
112 285 74
112 290 38
112 164 66
112 180 63
112 187 1
112 189 37
112 248 40
112 222 69
112 241 57
112 245 0
112 120 100
112 122 30
112 253 21
112 149 59
113 135 47
113 268 98
113 144 98
113 276 51
113 298 83
113 189 84
113 190 65
113 198 83
113 199 44
113 204 78
113 205 20
113 206 15
113 220 66
113 224 67
113 227 14
113 228 83
113 237 40
113 248 3
113 121 50
113 124 22
114 261 37
114 139 99
114 275 26
114 151 19
114 291 0
114 298 38
114 176 59
114 196 66
114 206 74
114 219 46
114 118 100
115 258 15
115 132 46
115 262 22
115 270 28
115 277 42
115 286 95
115 160 60
115 293 43
115 298 41
115 172 72
115 178 21
115 193 21
115 196 33
115 205 63
115 211 51
115 217 61
115 221 37
115 117 45
115 248 57
115 254 76
116 132 72
116 197 76
116 169 82
116 171 10
116 182 33
116 186 38
116 198 95
116 201 41
116 205 66
116 223 54
116 239 28
116 118 100
116 297 8
117 260 45
117 135 87
117 264 95
117 143 68
117 272 47
117 148 76
117 174 48
117 156 24
117 288 37
117 163 47
117 181 12
117 189 41
117 206 47
117 207 60
117 209 97
117 118 68
117 120 95
117 121 86
117 255 52
118 131 76
118 134 69
118 266 77
118 267 84
118 142 26
118 150 68
118 281 55
118 284 70
118 289 72
118 175 66
118 178 21
118 245 25
118 203 83
118 122 55
118 124 71
119 128 90
119 274 7
119 279 78
119 284 70
119 182 38
119 189 4
119 190 15
119 208 87
119 219 54
119 222 76
119 232 20
119 248 48
119 249 10
119 123 34
120 262 9
120 286 55
120 290 66
120 295 58
120 297 25
120 174 35
120 176 85
120 179 33
120 158 51
120 134 49
120 204 45
120 239 86
120 124 40
120 253 13
121 160 20
121 290 87
121 261 71
121 294 51
121 295 6
121 136 89
121 140 77
121 241 88
121 149 75
121 250 10
121 298 43
121 253 48
122 268 71
122 147 31
122 154 54
122 218 19
122 289 99
122 134 33
122 167 56
122 296 29
122 157 48
122 176 55
122 178 21
122 187 74
122 211 45
122 215 24
122 229 32
122 236 54
122 247 12
122 254 31
123 261 76
123 142 61
123 276 27
123 152 93
123 282 70
123 160 87
123 170 48
123 183 45
123 185 6
123 195 5
123 209 80
123 212 75
123 214 65
123 215 61
123 239 42
123 246 85
124 128 41
124 261 61
124 269 18
124 142 16
124 273 63
124 274 71
124 278 81
124 154 98
124 156 40
124 298 19
124 182 57
124 192 23
124 195 65
124 208 11
124 211 39
124 225 69
124 232 7
124 248 17
124 252 79
124 253 7
124 126 63
125 128 15
125 256 86
125 131 25
125 137 33
125 280 59
125 148 2
125 152 64
125 160 0
125 295 73
125 297 26
125 193 80
125 204 40
125 219 30
125 234 50
125 255 85
126 259 6
126 257 31
126 232 59
126 208 56
126 200 87
126 222 7
127 140 67
127 157 82
127 166 95
127 172 58
127 174 90
127 202 12
127 195 80
127 200 1
127 209 91
127 215 69
127 222 1
127 234 83
127 243 87
127 246 14
128 130 91
128 133 66
128 137 66
128 138 64
128 139 78
128 144 76
128 146 48
128 286 58
128 297 42
128 158 15
128 184 44
128 193 9
128 194 99
128 201 24
128 205 3
128 209 67
128 212 4
128 223 56
128 238 81
129 192 59
129 160 39
129 162 54
129 256 27
129 262 29
129 257 72
129 169 93
129 202 97
129 146 31
129 206 48
129 188 74
129 287 65
130 264 57
130 141 73
130 146 29
130 155 62
130 159 93
130 167 34
130 187 57
130 199 73
130 214 61
130 221 4
130 250 18
131 258 58
131 278 25
131 138 6
131 267 95
131 268 61
131 269 61
131 270 47
131 276 3
131 298 80
131 176 29
131 199 23
131 222 64
131 223 18
131 224 82
131 227 87
131 231 79
132 259 53
132 137 84
132 142 28
132 146 51
132 174 37
132 280 29
132 155 50
132 158 17
132 163 47
132 297 14
132 170 28
132 171 89
132 173 23
132 183 47
132 191 43
132 169 10
133 256 81
133 243 39
133 209 91
133 233 10
133 202 50
133 285 12
133 144 75
133 211 88
133 219 60
133 186 56
133 286 19
133 287 5
134 136 78
134 260 64
134 286 49
134 162 75
134 184 5
134 268 54
134 210 35
134 270 44
134 250 100
134 240 85
134 241 17
134 247 54
134 251 28
135 278 83
135 262 36
135 139 35
135 143 24
135 144 91
135 216 35
135 274 9
135 147 91
135 277 6
135 261 82
135 294 65
135 241 4
135 169 27
135 191 74
135 208 48
135 212 28
135 218 1
135 271 83
135 220 98
135 239 93
136 137 28
136 267 34
136 149 78
136 150 72
136 151 58
136 280 93
136 153 32
136 158 41
136 160 46
136 161 66
136 262 56
136 297 65
136 221 39
136 190 2
136 196 47
136 197 92
136 205 66
136 209 28
136 293 48
137 278 7
137 267 66
137 145 23
137 276 31
137 150 55
137 151 72
137 286 46
137 287 44
137 290 70
137 171 91
137 199 80
137 218 25
137 222 62
137 225 16
138 143 65
138 148 9
138 151 34
138 283 54
138 288 73
138 294 94
138 180 24
138 190 55
138 196 20
138 205 22
138 230 60
138 254 39
139 266 71
139 141 5
139 273 25
139 146 52
139 152 48
139 153 71
139 290 58
139 296 39
139 188 59
139 202 64
139 215 17
139 222 13
139 234 79
139 242 46
139 249 15
139 252 19
140 256 8
140 257 59
140 260 13
140 263 0
140 142 28
140 281 67
140 154 81
140 162 39
140 181 39
140 207 40
140 208 15
140 220 72
140 226 61
141 192 28
141 234 71
141 203 97
141 268 64
141 142 41
141 207 2
141 144 66
141 152 76
141 206 40
141 280 77
142 258 9
142 143 43
142 276 83
142 149 89
142 152 32
142 283 85
142 159 20
142 160 92
142 297 15
142 189 17
142 201 82
142 219 96
142 248 86
142 251 36
142 253 24
142 255 71
143 259 29
143 261 56
143 144 70
143 290 98
143 164 64
143 263 77
143 175 42
143 191 2
143 192 91
143 221 84
143 272 19
143 240 53
143 244 1
143 245 55
143 254 68
144 269 22
144 151 56
144 161 21
144 291 37
144 167 4
144 298 51
144 181 43
144 184 93
144 196 13
144 200 18
144 226 38
144 206 41
144 208 54
144 236 12
144 245 40
145 275 82
145 297 87
145 178 80
145 179 60
145 195 86
145 202 74
145 204 74
145 209 47
145 212 21
145 219 40
145 222 58
145 223 50
145 249 55
145 252 66
146 268 52
146 269 36
146 276 34
146 151 84
146 156 8
146 161 40
146 296 81
146 191 48
146 192 95
146 194 55
146 199 8
146 209 51
146 217 79
146 187 5
146 229 50
146 246 90
147 278 6
147 268 94
147 148 28
147 153 17
147 160 74
147 294 98
147 170 29
147 172 39
147 191 8
147 206 91
147 214 24
147 219 94
147 231 35
147 235 70
148 259 52
148 267 20
148 271 38
148 276 68
148 151 38
148 162 93
148 291 20
148 292 64
148 167 68
148 172 16
148 182 56
148 283 83
148 212 67
148 215 31
148 221 63
148 235 15
149 273 58
149 151 100
149 164 93
149 171 67
149 172 51
149 182 45
149 186 67
149 201 60
149 207 53
149 292 97
149 228 64
149 238 62
149 241 76
149 248 80
149 254 0
150 256 59
150 259 49
150 264 69
150 151 20
150 276 62
150 279 82
150 159 41
150 176 27
150 182 84
150 183 57
150 184 95
150 244 62
150 188 89
150 190 19
150 198 61
150 200 72
150 226 58
150 209 71
150 213 34
150 214 17
150 217 14
150 245 65
150 252 34
151 257 41
151 263 34
151 268 28
151 281 30
151 155 93
151 156 57
151 159 60
151 291 91
151 164 39
151 297 73
151 191 54
151 205 13
151 230 19
152 260 66
152 276 39
152 157 95
152 293 59
152 296 65
152 185 11
152 269 53
152 215 23
152 218 63
152 226 15
152 230 52
152 231 47
152 255 53
153 270 98
153 272 61
153 165 56
153 295 85
153 168 47
153 194 61
153 199 7
153 212 61
153 224 2
153 227 13
153 255 25
154 258 50
154 266 63
154 272 80
154 276 59
154 279 10
154 285 25
154 293 26
154 170 0
154 223 34
154 236 94
154 238 11
155 270 58
155 157 99
155 159 22
155 161 0
155 290 64
155 168 99
155 184 41
155 206 75
155 210 55
155 214 68
155 220 81
155 223 22
155 227 91
155 296 74
156 268 20
156 276 1
156 186 79
156 190 27
156 204 84
156 207 2
156 209 16
156 217 18
156 222 89
156 243 100
156 254 12
157 270 88
157 159 12
157 289 63
157 295 51
157 206 20
157 212 40
157 216 73
157 230 4
158 256 2
158 288 24
158 290 51
158 292 7
158 295 46
158 177 25
158 178 4
158 180 22
158 196 36
158 203 68
158 270 80
158 226 29
158 234 33
158 241 17
158 245 16
159 262 40
159 271 93
159 294 91
159 168 76
159 175 19
159 178 33
159 181 20
159 186 78
159 187 60
159 190 16
159 202 0
159 211 23
159 231 67
160 256 21
160 266 80
160 271 92
160 163 63
160 166 67
160 291 87
160 174 80
160 178 4
160 182 42
160 188 57
160 202 52
160 199 59
160 210 52
160 270 7
160 238 32
160 240 89
161 264 84
161 265 66
161 216 44
161 287 81
161 166 54
161 199 69
161 205 39
161 206 70
161 217 63
161 221 27
161 225 84
161 294 44
161 234 47
161 237 25
161 244 31
161 247 27
161 253 5
162 266 27
162 267 46
162 274 10
162 281 26
162 167 89
162 190 39
162 193 47
162 203 11
162 210 75
162 218 8
162 228 83
162 235 71
162 237 28
162 242 79
162 249 74
163 258 32
163 231 58
163 175 73
163 276 96
163 292 83
163 217 39
163 282 38
163 251 8
164 266 57
164 289 68
164 293 22
164 176 62
164 182 9
164 209 34
164 214 18
164 217 53
164 229 99
164 251 1
165 226 1
165 217 5
165 260 100
165 204 18
165 298 75
165 172 2
165 270 71
165 261 91
165 183 37
165 218 27
165 222 31
166 263 98
166 269 79
166 290 92
166 176 45
166 177 49
166 179 54
166 183 33
166 185 18
166 207 96
166 233 80
166 236 38
166 275 39
166 245 72
166 250 61
166 253 57
166 254 59
167 261 0
167 267 98
167 291 9
167 292 45
167 179 49
167 191 58
167 192 29
167 195 27
167 247 9
167 204 25
167 223 60
167 227 69
167 228 27
167 297 60
167 251 44
168 268 83
168 270 42
168 273 72
168 299 40
168 191 15
168 195 62
168 196 7
168 228 58
168 222 27
168 235 98
168 245 30
168 248 98
169 212 25
169 226 53
169 260 66
169 267 2
169 277 91
169 216 43
169 225 72
169 190 65
169 255 70
170 256 94
170 264 13
170 268 22
170 286 74
170 172 13
170 179 75
170 185 91
170 189 1
170 202 19
170 203 30
170 205 30
170 206 43
170 223 1
170 188 96
170 233 7
170 248 80
170 250 61
171 263 77
171 283 83
171 289 40
171 295 28
171 173 87
171 188 73
171 205 93
171 208 78
171 212 11
171 217 23
171 218 73
171 237 58
172 272 10
172 287 43
172 290 90
172 173 56
172 197 78
172 198 34
172 201 35
172 204 98
172 215 6
172 228 73
172 231 81
172 245 2
173 265 48
173 267 84
173 269 73
173 238 76
173 296 3
173 298 56
173 194 14
173 206 94
173 207 81
173 208 24
173 219 8
173 227 7
173 240 24
173 241 12
173 254 71
174 271 84
174 277 83
174 278 26
174 175 69
174 180 66
174 189 46
174 206 56
174 226 91
174 293 45
174 234 38
174 238 49
174 250 49
175 258 9
175 272 9
175 286 77
175 294 76
175 176 53
175 179 16
175 198 16
175 207 28
175 208 14
175 211 55
175 224 12
175 226 38
175 230 35
175 236 89
175 243 42
176 260 65
176 263 14
176 264 93
176 273 15
176 259 85
176 281 61
176 297 41
176 243 80
176 199 71
176 204 100
176 208 46
176 233 44
176 275 9
176 255 53
177 257 43
177 282 87
177 283 76
177 180 4
177 229 19
177 230 86
177 231 0
177 232 70
177 235 52
177 237 23
177 241 41
177 246 44
177 247 12
177 254 27
178 219 66
178 277 41
178 278 37
178 204 12
178 209 62
178 276 37
178 181 92
178 284 82
178 190 61
178 287 13
179 257 33
179 275 91
179 286 4
179 263 3
179 180 78
179 185 89
179 202 17
179 204 13
179 206 19
179 219 53
179 231 87
179 235 97
179 237 59
179 252 43
180 261 85
180 275 82
180 288 25
180 191 94
180 229 4
180 231 3
180 237 82
180 189 41
180 244 0
180 245 88
180 248 89
181 256 13
181 299 9
181 187 20
181 192 98
181 204 9
181 206 46
181 209 45
181 219 97
181 222 30
181 224 91
181 229 47
181 230 68
181 244 61
182 263 42
182 283 61
182 290 31
182 296 75
182 200 45
182 185 39
182 250 90
183 266 22
183 280 98
183 188 11
183 202 26
183 203 55
183 206 10
183 215 99
183 232 93
183 239 41
183 243 15
183 244 39
183 246 5
184 236 96
184 268 4
184 285 18
184 286 23
184 287 91
184 294 5
184 299 98
184 195 86
184 200 25
184 212 66
184 208 2
184 247 89
184 249 38
185 265 87
185 270 45
185 278 81
185 283 45
185 198 80
185 200 83
185 202 74
185 203 47
185 215 91
185 223 31
185 227 94
185 233 29
185 242 35
185 246 89
185 255 47
186 276 9
186 294 88
186 296 39
186 199 98
186 189 62
186 192 59
186 195 74
186 216 67
186 217 84
186 224 55
186 226 86
187 278 8
187 281 69
187 290 80
187 190 17
187 195 67
187 205 22
187 207 30
187 210 83
187 211 92
187 223 98
187 240 66
187 255 11
188 259 90
188 294 0
188 201 1
188 210 28
188 213 58
188 241 9
189 259 16
189 266 27
189 288 44
189 292 85
189 198 88
189 212 97
189 213 14
189 229 30
189 244 26
190 257 83
190 262 15
190 286 2
190 287 81
190 290 43
190 298 61
190 198 45
190 230 31
190 232 56
190 241 2
190 244 7
191 261 61
191 272 80
191 274 14
191 278 42
191 290 59
191 292 19
191 268 11
191 209 89
191 217 47
191 229 84
191 249 62
192 272 69
192 291 59
192 298 38
192 198 52
192 199 92
192 203 59
192 228 26
192 242 71
193 265 31
193 299 19
193 197 14
193 210 65
193 233 40
194 262 71
194 285 89
194 291 32
194 195 8
194 206 2
194 239 82
194 252 8
195 256 18
195 279 29
195 284 93
195 292 31
195 223 76
195 232 93
195 253 34
195 254 63
196 260 15
196 281 71
196 284 31
196 299 38
196 239 45
196 296 62
196 243 73
196 249 45
196 253 59
197 265 78
197 267 84
197 288 56
197 213 54
197 217 54
197 249 53
198 266 50
198 203 79
198 204 40
198 218 1
198 236 12
198 245 4
198 233 49
198 253 94
198 247 53
199 287 67
199 291 49
199 261 41
199 262 42
199 297 98
199 242 33
199 248 95
199 252 28
199 254 70
200 256 58
200 257 39
200 267 25
200 203 70
200 204 66
200 215 52
200 219 43
200 234 64
200 240 63
200 211 98
201 263 26
201 266 67
201 288 45
201 292 93
201 294 0
201 206 6
201 233 90
201 234 55
201 240 1
201 242 6
201 250 50
202 271 54
202 207 36
202 225 70
202 233 76
202 244 72
202 248 85
202 253 5
203 258 16
203 276 61
203 284 96
203 215 86
203 244 7
203 247 78
203 249 58
204 266 92
204 289 34
204 292 88
204 220 80
204 236 17
204 254 89
205 257 58
205 267 31
205 286 0
205 288 100
205 290 90
205 244 47
205 215 62
205 240 81
206 257 62
206 260 92
206 262 30
206 267 59
206 270 20
206 273 5
206 285 97
206 212 100
206 221 79
206 236 68
206 237 11
206 242 60
207 263 58
207 265 57
207 245 9
207 209 81
207 212 30
207 221 46
207 225 8
207 233 66
207 250 23
208 259 100
208 284 48
208 247 70
208 223 49
208 275 23
209 256 27
209 257 19
209 281 84
209 283 88
209 299 33
209 233 73
209 239 60
209 240 82
209 242 52
209 249 27
209 253 79
210 261 91
210 274 78
210 281 90
210 284 13
210 216 67
210 228 5
210 239 9
210 241 17
210 244 12
210 250 75
210 264 80
210 255 65
211 274 33
211 287 21
211 290 74
211 216 75
211 230 57
211 231 90
211 241 55
212 271 32
212 284 57
212 213 86
212 234 90
213 256 73
213 259 45
213 276 7
213 279 79
213 299 98
213 216 58
213 245 27
213 246 28
214 269 98
214 288 39
214 297 73
214 266 23
214 228 15
214 231 61
214 246 73
214 250 86
214 255 64
215 259 37
215 265 7
215 246 27
215 249 95
216 257 14
216 259 76
216 260 49
216 295 30
216 232 28
216 233 81
216 248 4
217 272 59
217 287 27
217 265 65
217 219 81
217 238 72
217 254 56
218 256 85
218 258 91
218 264 33
218 274 3
218 219 42
218 227 26
218 243 74
218 247 68
218 248 40
218 253 5
218 255 39
219 244 2
220 266 19
220 267 1
220 273 48
220 274 12
220 280 34
220 295 23
220 224 90
220 242 70
220 248 76
220 251 57
221 259 96
221 263 64
221 268 59
221 226 15
221 232 37
221 252 43
221 253 69
222 264 22
222 281 53
222 289 95
222 240 76
222 223 50
222 227 22
222 231 2
222 241 77
223 257 77
223 258 76
223 276 58
223 280 45
223 282 75
223 231 64
223 232 76
223 233 58
223 235 54
223 253 97
224 256 74
224 260 42
224 232 26
224 297 66
224 298 32
224 280 99
224 254 1
224 287 54
225 259 92
225 260 52
225 295 21
225 257 90
225 233 11
225 266 20
225 267 80
225 274 37
225 277 93
226 260 45
226 274 67
226 290 31
226 228 74
226 232 52
226 250 66
226 251 89
227 257 73
227 266 52
227 279 95
227 289 40
227 293 32
227 296 100
227 229 59
227 246 38
228 270 97
228 235 15
228 237 19
228 240 72
228 244 6
229 278 44
229 285 66
229 286 93
229 295 47
229 297 47
229 299 2
229 234 68
229 252 64
230 233 74
230 243 90
230 278 26
230 282 73
231 266 87
231 275 76
231 232 72
231 248 77
232 238 76
232 248 98
233 235 32
233 254 89
234 265 67
234 295 10
234 236 74
234 247 20
234 254 88
235 269 21
235 238 5
235 280 48
235 283 100
236 279 95
236 283 77
236 293 50
236 250 33
236 273 16
236 247 88
237 261 71
237 272 15
237 276 60
237 294 78
237 242 18
237 243 5
237 251 79
237 254 96
238 279 50
238 260 51
238 246 24
238 253 88
238 254 60
239 283 55
239 275 80
239 252 69
240 257 33
240 259 3
240 279 17
240 282 87
241 257 78
241 259 85
241 267 14
241 268 44
241 272 10
241 279 69
241 281 98
241 294 99
241 254 57
242 278 25
242 266 99
243 266 22
243 271 3
243 277 83
243 281 100
243 284 13
243 288 27
244 258 21
244 266 23
244 269 57
244 276 20
244 280 0
244 281 93
244 271 30
245 257 94
245 258 72
245 273 36
245 290 48
245 292 41
245 251 58
246 259 76
246 282 17
246 286 51
246 264 20
247 257 20
247 265 52
247 254 38
248 256 60
248 257 44
248 259 94
248 263 99
248 269 79
248 280 14
248 294 72
248 249 77
249 258 2
249 292 71
250 256 69
250 257 56
250 272 4
250 289 32
251 256 27
251 264 80
251 274 24
252 257 42
252 275 26
252 285 51
253 258 44
253 269 64
253 255 100
254 267 47
254 278 94
254 279 29
254 280 9
254 281 47
254 298 59
255 271 76
255 272 2
255 295 25
256 271 35
256 261 68
256 293 7
256 298 32
257 268 57
257 278 46
257 296 98
258 262 24
258 268 62
258 273 45
258 286 89
259 276 93
259 287 40
260 264 55
260 294 72
260 298 18
261 268 56
261 278 31
263 289 54
263 268 49
263 286 50
264 270 48
264 282 70
264 296 3
265 279 1
265 293 80
265 298 22
267 270 4
267 272 78
267 291 39
268 294 64
270 281 64
270 282 90
270 295 56
270 297 88
271 274 21
271 278 92
271 298 82
272 287 42
272 288 84
273 285 30
273 294 14
274 281 66
275 278 77
276 291 81
278 279 2
278 281 65
279 285 38
279 286 77
280 285 96
283 296 94
283 298 15
284 287 67
284 288 67
284 294 88
284 299 11
285 296 18
285 297 25
285 298 74
286 291 85
