300 4000
0 263 13
0 146 96
0 23 66
0 28 26
0 287 3
0 288 36
0 34 95
0 298 31
0 59 59
0 188 65
0 190 78
0 195 18
0 200 61
0 209 100
0 212 43
0 88 65
0 218 61
0 60 68
0 234 1
0 107 42
0 111 62
0 241 16
1 256 65
1 138 37
1 271 23
1 275 10
1 25 72
1 28 24
1 293 43
1 40 19
1 187 13
1 188 28
1 192 47
1 73 21
1 78 4
1 81 98
1 84 99
1 216 36
1 223 99
1 228 38
1 229 90
1 104 12
1 108 39
1 296 72
1 114 21
1 122 97
2 64 96
2 160 47
2 259 6
2 133 61
2 38 76
2 232 16
2 169 80
2 170 100
2 171 99
2 140 94
2 256 43
2 189 42
2 264 85
2 276 56
2 41 12
2 104 56
2 92 45
2 10 13
3 8 50
3 272 92
3 274 55
3 19 78
3 276 46
3 277 38
3 22 93
3 280 90
3 162 2
3 164 62
3 169 61
3 51 72
3 55 28
3 185 3
3 62 66
3 192 20
3 193 10
3 194 29
3 198 96
3 200 49
3 207 42
3 80 10
3 83 27
3 221 39
3 222 45
3 144 65
3 106 37
3 109 97
3 112 81
3 116 81
4 131 2
4 265 22
4 12 17
4 142 44
4 109 97
4 16 26
4 146 4
4 275 16
4 153 61
4 155 62
4 165 72
4 294 64
4 168 96
4 41 48
4 177 48
4 52 25
4 187 31
4 296 85
4 195 18
4 68 12
4 201 68
4 78 43
4 82 68
4 215 62
4 98 86
4 274 71
4 239 16
4 113 60
4 242 58
4 246 60
4 121 41
4 125 42
5 128 25
5 276 21
5 22 52
5 286 49
5 288 10
5 293 64
5 295 58
5 40 80
5 297 35
5 71 71
5 176 10
5 59 60
5 60 51
5 189 47
5 97 69
5 74 69
5 76 47
5 210 38
5 83 24
5 216 34
5 225 9
5 226 86
5 109 76
6 258 65
6 262 3
6 135 78
6 15 19
6 276 83
6 25 57
6 284 3
6 31 69
6 293 62
6 167 16
6 296 85
6 263 35
6 52 80
6 189 41
6 193 44
6 196 39
6 205 68
6 79 0
6 215 69
6 91 17
6 93 85
6 225 100
6 98 59
6 228 20
6 119 87
6 248 1
6 250 42
7 257 43
7 261 35
7 12 58
7 14 51
7 16 56
7 276 56
7 24 98
7 27 62
7 161 97
7 294 99
7 172 85
7 179 87
7 52 77
7 182 70
7 197 22
7 198 80
7 73 98
7 77 68
7 86 44
7 87 43
7 225 29
7 229 99
7 232 97
7 106 96
7 235 72
7 110 4
7 20 37
7 125 19
7 166 64
8 134 60
8 143 81
8 146 93
8 278 38
8 163 3
8 295 5
8 169 50
8 178 23
8 115 89
8 201 15
8 184 13
8 190 12
8 73 95
8 204 91
8 80 68
8 209 77
8 210 71
8 85 44
8 221 46
8 228 95
8 229 90
8 230 70
8 112 59
8 243 83
8 120 52
8 126 41
9 131 63
9 139 72
9 13 62
9 272 37
9 274 37
9 277 26
9 24 33
9 283 98
9 286 24
9 287 74
9 168 12
9 49 38
9 54 12
9 56 15
9 60 29
9 96 82
9 73 5
9 210 3
9 217 17
9 218 89
9 220 33
9 224 14
9 237 34
9 111 19
9 122 15
10 133 56
10 263 68
10 140 53
10 258 11
10 145 89
10 146 100
10 147 5
10 20 75
10 21 87
10 278 58
10 150 1
10 288 58
10 163 63
10 40 77
10 41 17
10 179 53
10 52 25
10 202 27
10 75 94
10 205 63
10 219 40
10 220 48
10 228 25
10 101 14
10 274 2
10 296 8
10 19 93
10 276 71
11 257 76
11 131 10
11 138 54
11 268 47
11 147 71
11 27 41
11 156 17
11 157 67
11 160 44
11 163 17
11 171 90
11 174 58
11 182 86
11 207 62
11 209 14
11 211 11
11 215 17
11 216 8
11 231 37
11 105 83
11 242 57
11 119 82
11 125 87
12 99 47
12 101 92
12 166 3
12 168 45
12 107 19
12 269 29
12 175 80
12 272 96
12 121 34
12 117 12
12 246 92
12 55 5
12 260 55
12 189 52
13 133 89
13 134 51
13 135 1
13 138 68
13 146 93
13 148 77
13 23 81
13 282 12
13 28 55
13 162 58
13 36 9
13 42 53
13 263 49
13 44 76
13 48 11
13 51 22
13 187 53
13 199 59
13 76 95
13 34 48
13 210 17
13 216 89
13 101 6
13 243 96
13 244 61
14 263 80
14 270 9
14 22 44
14 30 41
14 197 98
14 172 83
14 173 86
14 175 26
14 54 58
14 61 46
14 191 32
14 66 11
14 68 17
14 182 24
14 70 53
14 75 21
14 209 37
14 92 23
14 231 97
14 233 53
14 109 98
14 123 16
14 126 97
15 22 30
15 34 46
15 293 35
15 45 33
15 176 90
15 178 14
15 67 50
15 202 16
15 204 37
15 205 41
15 207 24
15 83 64
15 85 94
15 220 84
15 94 36
15 225 85
15 229 94
15 230 13
15 110 55
15 244 34
15 117 85
15 247 95
16 256 61
16 129 75
16 130 69
16 172 47
16 265 71
16 271 9
16 274 84
16 20 10
16 278 94
16 282 81
16 283 99
16 156 40
16 31 91
16 167 27
16 168 78
16 297 28
16 43 28
16 44 56
16 173 63
16 179 53
16 180 7
16 183 6
16 203 65
16 206 61
16 212 23
16 85 16
16 222 9
16 95 85
16 228 85
16 103 89
16 105 4
16 111 0
16 250 13
16 253 41
17 259 40
17 267 88
17 271 60
17 20 24
17 280 29
17 29 3
17 158 22
17 33 25
17 163 40
17 299 12
17 177 25
17 59 56
17 191 66
17 66 12
17 73 14
17 74 34
17 206 29
17 82 85
17 213 81
17 86 51
17 90 69
17 93 63
17 222 22
17 226 50
17 102 38
17 110 55
17 240 20
17 248 73
18 299 89
18 135 67
18 21 33
18 278 10
18 154 7
18 285 30
18 169 19
18 171 54
18 46 57
18 184 95
18 188 40
18 64 17
18 193 65
18 72 77
18 201 84
18 75 12
18 204 82
18 215 71
18 217 69
18 104 12
18 114 5
18 245 52
18 125 65
19 97 7
19 290 5
19 196 23
19 37 19
19 276 87
19 199 41
19 296 44
19 137 19
19 205 81
19 45 47
19 271 94
19 56 68
19 51 15
19 180 30
19 248 4
19 25 13
19 187 80
19 190 78
19 287 23
20 129 11
20 130 35
20 264 77
20 266 10
20 269 43
20 152 95
20 25 92
20 26 65
20 291 85
20 165 18
20 43 26
20 182 39
20 57 71
20 198 12
20 71 7
20 72 10
20 203 57
20 35 39
20 214 74
20 93 29
20 229 54
20 236 80
20 125 31
20 244 13
20 120 47
20 123 78
20 253 44
21 263 7
21 137 44
21 148 47
21 151 66
21 282 79
21 283 57
21 284 71
21 164 87
21 39 45
21 47 49
21 176 4
21 178 87
21 36 75
21 72 58
21 215 5
21 89 3
21 99 56
21 229 54
21 108 35
21 111 3
21 112 88
21 248 9
21 249 35
21 126 96
22 259 18
22 133 14
22 65 62
22 265 24
22 273 76
22 152 58
22 28 48
22 33 9
22 293 70
22 39 63
22 156 60
22 298 36
22 175 81
22 178 69
22 186 96
22 188 96
22 96 29
22 195 60
22 197 65
22 79 80
22 84 14
22 215 49
22 224 66
22 227 52
22 145 35
22 106 93
22 295 89
22 242 13
22 247 7
22 120 5
22 122 95
22 126 87
22 255 12
23 133 1
23 265 98
23 268 85
23 278 64
23 282 42
23 155 100
23 286 40
23 38 91
23 295 15
23 40 80
23 44 32
23 176 81
23 179 71
23 181 98
23 59 29
23 64 36
23 79 80
23 212 98
23 91 25
23 99 31
23 232 81
23 106 56
23 235 63
23 236 79
23 237 93
23 113 48
24 256 17
24 257 26
24 131 73
24 271 17
24 148 78
24 25 49
24 34 22
24 44 93
24 173 41
24 196 32
24 204 2
24 214 86
24 216 87
24 226 80
24 99 8
24 100 28
24 102 14
24 108 59
24 240 36
24 115 16
24 123 97
24 127 83
25 266 86
25 276 90
25 26 85
25 155 40
25 286 73
25 288 100
25 33 41
25 162 37
25 35 71
25 164 93
25 293 85
25 56 26
25 63 61
25 32 74
25 160 69
25 206 96
25 87 57
25 92 42
25 95 10
25 101 13
25 238 68
25 124 29
26 143 72
26 145 17
26 275 15
26 279 45
26 154 46
26 28 49
26 30 62
26 288 79
26 39 81
26 171 73
26 177 59
26 178 18
26 189 2
26 62 38
26 69 79
26 71 55
26 203 65
26 78 20
26 82 87
26 222 50
26 230 93
26 231 70
26 112 85
26 255 83
27 256 22
27 130 27
27 259 24
27 260 26
27 266 23
27 274 6
27 286 70
27 291 16
27 292 43
27 167 77
27 40 54
27 169 89
27 44 7
27 176 77
27 184 20
27 195 22
27 69 0
27 198 35
27 80 42
27 82 63
27 216 31
27 36 12
27 220 12
27 99 35
27 230 26
27 210 25
27 110 40
27 241 6
27 125 74
28 258 59
28 259 1
28 136 61
28 143 63
28 273 10
28 146 69
28 289 58
28 34 24
28 35 95
28 44 75
28 180 60
28 185 65
28 199 33
28 204 68
28 81 39
28 212 73
28 95 97
28 98 82
28 104 30
28 105 27
28 107 70
28 241 70
28 245 44
29 193 39
29 34 63
29 195 47
29 147 77
29 291 1
29 67 71
29 236 71
29 78 51
29 83 97
29 150 96
29 153 26
29 221 31
29 95 90
30 131 54
30 138 24
30 144 32
30 280 67
30 160 69
30 289 55
30 295 2
30 44 16
30 48 86
30 57 27
30 62 37
30 64 99
30 32 4
30 198 59
30 247 14
30 206 33
30 82 25
30 270 45
30 215 55
30 216 23
30 237 56
30 113 71
30 119 52
31 192 58
31 135 97
31 264 85
31 137 96
31 274 82
31 278 0
31 280 76
31 163 11
31 293 19
31 39 37
31 168 22
31 171 46
31 47 99
31 59 88
31 64 16
31 96 53
31 69 18
31 81 38
31 89 44
31 218 73
31 222 41
31 224 70
31 229 99
31 230 37
31 231 9
31 114 76
31 121 47
31 250 85
31 125 78
32 64 7
32 129 45
32 66 63
32 227 32
32 38 41
32 294 86
32 41 57
32 266 74
32 75 3
32 204 69
32 126 2
32 206 70
32 177 89
32 178 2
32 51 92
32 85 0
32 214 22
32 122 26
32 261 31
33 130 13
33 263 84
33 140 50
33 141 73
33 144 56
33 274 25
33 281 45
33 152 20
33 155 97
33 159 86
33 297 9
33 299 82
33 53 11
33 186 0
33 200 7
33 202 82
33 206 42
33 208 63
33 215 50
33 221 44
33 80 82
33 98 56
33 114 20
33 115 14
34 262 30
34 267 79
34 268 29
34 152 46
34 160 49
34 290 40
34 38 98
34 46 86
34 52 15
34 58 6
34 61 53
34 74 88
34 78 7
34 209 71
34 143 89
34 96 62
34 98 32
34 102 67
34 236 23
34 118 9
35 262 45
35 135 61
35 137 45
35 148 33
35 151 63
35 111 29
35 158 33
35 283 71
35 296 10
35 175 48
35 177 58
35 60 12
35 193 58
35 67 97
35 68 56
35 199 18
35 208 26
35 213 78
35 216 6
35 225 57
35 98 85
35 230 39
35 104 27
35 236 95
35 239 4
35 113 91
35 244 39
35 251 75
35 276 99
36 136 15
36 267 97
36 140 0
36 276 6
36 285 72
36 159 23
36 160 11
36 161 31
36 164 4
36 172 51
36 57 48
36 60 30
36 64 10
36 70 93
36 269 8
36 185 40
36 216 2
36 96 53
36 235 79
36 238 28
36 240 100
36 116 45
36 249 43
37 132 9
37 261 64
37 136 80
37 269 34
37 270 55
37 143 71
37 279 6
37 287 75
37 160 21
37 294 72
37 169 100
37 298 38
37 174 12
37 182 64
37 64 43
37 197 31
37 199 23
37 205 59
37 83 95
37 217 100
37 218 26
37 93 91
37 228 9
37 235 22
37 275 64
37 249 60
37 123 23
37 255 44
38 258 48
38 179 42
38 262 87
38 278 34
38 285 70
38 163 56
38 166 92
38 40 87
38 297 67
38 42 12
38 299 80
38 45 51
38 174 60
38 51 69
38 54 71
38 58 40
38 60 62
38 72 98
38 162 81
38 80 47
38 87 45
38 218 14
38 230 92
38 109 12
38 114 17
38 115 13
38 246 98
38 120 18
39 131 72
39 136 97
39 148 11
39 295 19
39 53 23
39 55 74
39 190 15
39 192 35
39 193 39
39 215 57
39 88 99
39 220 44
39 228 53
39 102 6
39 103 60
39 117 35
39 252 81
39 125 76
40 267 49
40 269 0
40 274 65
40 276 86
40 149 57
40 282 22
40 287 43
40 295 34
40 298 54
40 178 54
40 138 17
40 159 17
40 60 47
40 61 91
40 71 24
40 72 34
40 202 62
40 83 14
40 213 80
40 90 0
40 222 91
40 224 81
40 226 36
40 228 1
40 117 98
40 118 78
40 250 31
40 42 3
41 256 59
41 131 88
41 261 64
41 136 24
41 130 99
41 142 81
41 145 74
41 297 86
41 171 77
41 176 42
41 182 14
41 55 1
41 61 80
41 192 55
41 199 63
41 82 61
41 212 36
41 121 47
41 90 15
41 96 25
41 231 11
41 210 76
41 111 86
41 241 99
41 116 49
41 246 32
41 247 54
41 120 95
41 249 11
41 124 81
42 257 66
42 267 37
42 152 30
42 285 92
42 295 91
42 49 46
42 52 82
42 182 28
42 183 41
42 180 80
42 58 38
42 192 70
42 203 48
42 201 53
42 75 10
42 79 58
42 212 84
42 95 13
42 233 68
42 127 46
43 257 33
43 134 59
43 140 42
43 270 57
43 272 41
43 146 84
43 158 51
43 292 39
43 293 5
43 166 35
43 168 24
43 169 0
43 298 62
43 175 72
43 52 31
43 181 80
43 183 77
43 186 2
43 59 36
43 194 32
43 77 88
43 216 32
43 91 15
43 97 49
43 232 100
43 105 50
43 236 57
43 243 7
43 246 57
43 119 87
43 249 21
43 126 61
44 263 29
44 136 36
44 265 66
44 267 53
44 143 66
44 147 70
44 149 73
44 278 18
44 279 62
44 283 88
44 171 81
44 46 61
44 52 100
44 68 91
44 118 90
44 198 29
44 199 19
44 201 17
44 78 42
44 83 66
44 122 22
44 224 43
44 101 14
44 102 84
44 104 77
44 174 89
44 246 59
44 250 77
45 64 59
45 257 21
45 59 87
45 295 77
45 80 79
45 201 23
45 143 99
45 269 42
45 208 11
45 49 49
45 146 36
45 150 63
45 121 2
45 90 100
45 219 32
45 239 0
45 195 28
46 264 27
46 265 85
46 270 29
46 145 45
46 276 55
46 197 19
46 290 26
46 168 88
46 57 73
46 182 60
46 56 73
46 185 68
46 62 54
46 54 41
46 73 31
46 215 44
46 89 73
46 96 44
46 273 47
46 109 50
46 112 15
46 248 68
46 126 2
47 128 13
47 86 48
47 134 48
47 264 49
47 267 16
47 269 38
47 148 49
47 283 75
47 159 96
47 155 38
47 299 65
47 49 2
47 179 49
47 52 13
47 185 51
47 186 2
47 195 58
47 198 74
47 201 35
47 214 43
47 96 72
47 100 59
47 231 32
47 108 59
47 109 5
47 113 43
47 250 1
47 123 28
48 126 53
48 259 55
48 101 79
48 295 70
48 232 12
48 290 62
48 108 30
48 271 3
48 113 91
48 114 67
48 85 51
48 246 2
48 215 12
48 267 86
48 218 85
48 111 91
48 92 44
48 273 91
49 265 69
49 274 79
49 277 80
49 154 34
49 287 3
49 162 94
49 163 86
49 168 92
49 169 70
49 50 94
49 57 3
49 62 29
49 196 11
49 201 82
49 204 28
49 78 69
49 212 67
49 85 28
49 88 23
49 225 32
49 99 99
49 232 76
49 111 35
49 117 50
49 119 82
49 120 48
49 254 37
50 128 55
50 193 23
50 162 11
50 131 14
50 97 34
50 295 60
50 129 89
50 202 42
50 258 87
50 176 53
50 81 2
50 83 19
50 212 43
50 278 17
50 55 60
50 180 53
50 282 45
50 92 98
50 61 15
51 99 85
51 68 87
51 101 4
51 231 62
51 175 74
51 174 63
51 111 38
51 176 95
51 177 63
51 82 94
51 227 98
51 142 34
51 281 67
51 166 33
51 93 14
51 133 59
52 257 10
52 262 68
52 139 36
52 143 24
52 144 2
52 280 90
52 282 100
52 162 15
52 291 21
52 60 0
52 62 67
52 198 93
52 70 60
52 73 39
52 202 31
52 75 53
52 81 89
52 211 65
52 85 74
52 93 90
52 95 61
52 96 56
52 225 52
52 293 45
52 230 6
52 108 41
52 109 93
52 247 11
53 257 79
53 266 19
53 147 68
53 279 48
53 152 39
53 154 17
53 290 20
53 165 28
53 177 81
53 179 6
53 54 88
53 55 40
53 186 39
53 64 26
53 197 25
53 204 87
53 207 20
53 85 97
53 90 83
53 222 61
53 100 86
53 167 41
53 243 72
53 117 91
53 246 76
53 119 96
54 260 15
54 263 77
54 264 6
54 273 55
54 280 36
54 288 90
54 170 5
54 174 68
54 183 72
54 192 21
54 67 9
54 76 64
54 80 71
54 86 87
54 230 74
54 232 95
54 234 51
54 235 19
54 111 56
54 241 87
54 245 29
54 137 69
54 125 98
55 134 47
55 268 10
55 145 63
55 279 66
55 280 54
55 156 4
55 291 92
55 292 43
55 169 40
55 64 88
55 196 52
55 203 42
55 204 19
55 210 16
55 229 26
55 237 80
55 111 14
55 249 93
55 122 81
55 253 30
56 133 71
56 264 55
56 139 83
56 141 73
56 273 20
56 148 85
56 282 52
56 265 8
56 164 32
56 293 97
56 173 42
56 183 25
56 59 61
56 195 51
56 96 95
56 101 53
56 242 16
56 119 5
56 253 45
57 132 68
57 269 34
57 279 50
57 155 71
57 156 83
57 161 4
57 290 39
57 174 7
57 58 85
57 60 81
57 192 59
57 65 69
57 209 1
57 84 73
57 292 64
57 219 54
57 222 85
57 100 47
57 102 15
57 103 36
57 104 94
57 234 83
57 232 21
57 244 23
57 212 52
58 256 62
58 129 60
58 274 62
58 150 68
58 280 59
58 281 51
58 289 76
58 293 13
58 183 66
58 194 76
58 201 32
58 80 3
58 89 36
58 105 30
58 111 96
58 241 25
58 243 9
58 251 5
58 125 4
58 254 37
59 277 0
59 279 28
59 157 44
59 175 88
59 65 53
59 197 23
59 70 2
59 80 45
59 82 58
59 84 10
59 226 15
59 234 80
59 110 25
59 242 22
59 244 1
59 248 98
59 255 29
60 129 97
60 262 31
60 137 67
60 151 97
60 152 18
60 290 53
60 176 8
60 189 42
60 191 78
60 65 53
60 208 8
60 215 100
60 224 48
60 232 52
60 61 53
60 118 46
61 259 96
61 142 48
61 274 84
61 153 38
61 285 5
61 159 46
61 178 62
61 62 24
61 191 87
61 66 83
61 68 23
61 70 56
61 72 6
61 204 5
61 95 15
61 101 86
61 188 41
61 234 19
61 243 49
61 246 32
61 122 51
61 251 10
61 252 38
61 127 6
62 64 7
62 128 94
62 258 33
62 261 77
62 170 23
62 162 74
62 255 29
62 212 49
62 277 48
62 120 52
62 219 13
62 191 59
63 129 48
63 131 79
63 265 57
63 140 45
63 274 42
63 147 9
63 148 97
63 288 85
63 164 81
63 293 53
63 179 49
63 182 65
63 194 49
63 197 69
63 216 62
63 96 100
63 238 47
63 115 100
63 244 76
63 118 65
63 119 2
63 121 69
63 250 6
63 251 63
64 279 20
64 140 27
64 142 74
64 145 89
64 275 76
64 148 41
64 152 56
64 292 24
64 167 96
64 274 21
64 173 45
64 287 49
64 178 53
64 187 84
64 194 71
64 68 98
64 213 44
64 219 86
64 222 56
64 165 26
64 102 20
64 237 28
64 241 35
64 117 63
64 246 54
64 250 2
64 123 10
65 288 55
65 217 36
65 165 39
65 169 2
65 139 42
65 237 55
65 144 4
65 114 17
65 211 87
65 235 3
65 213 40
65 121 99
65 250 17
65 157 46
65 223 17
66 129 85
66 258 99
66 265 23
66 266 77
66 169 7
66 172 51
66 177 66
66 183 28
66 223 46
66 74 7
66 203 66
66 76 75
66 211 55
66 220 83
66 95 38
66 97 27
66 229 92
66 119 76
66 123 46
67 160 27
67 161 6
67 195 22
67 201 47
67 74 26
67 110 26
67 282 29
67 189 98
67 163 23
67 148 64
67 174 51
67 73 53
67 216 65
67 186 60
67 143 48
67 284 90
67 125 14
68 172 66
68 265 35
68 266 84
68 149 9
68 280 44
68 284 97
68 286 12
68 293 5
68 296 75
68 181 27
68 202 97
68 248 76
68 83 28
68 217 6
68 219 10
68 99 100
68 100 10
68 232 50
68 234 6
68 107 22
68 236 69
68 238 58
68 117 14
68 120 40
69 257 24
69 261 4
69 262 71
69 138 29
69 272 2
69 148 95
69 149 81
69 285 3
69 286 27
69 162 82
69 291 34
69 168 56
69 169 69
69 194 82
69 225 19
69 85 63
69 214 74
69 97 84
69 123 64
69 104 28
69 237 13
69 238 99
69 242 98
69 117 34
69 248 0
69 250 51
69 251 35
69 125 28
69 255 41
70 258 73
70 260 23
70 135 10
70 269 52
70 172 6
70 182 24
70 197 22
70 71 17
70 74 9
70 75 62
70 206 97
70 82 100
70 84 43
70 292 56
70 91 65
70 94 21
70 121 28
70 126 12
70 127 4
71 258 27
71 141 51
71 287 51
71 290 79
71 188 19
71 199 86
71 75 41
71 211 88
71 212 29
71 85 62
71 223 45
71 232 39
71 233 9
71 107 56
71 109 9
71 104 13
71 242 27
72 258 87
72 133 37
72 134 27
72 135 28
72 108 12
72 237 61
72 232 76
72 84 14
72 118 23
72 280 99
72 123 37
72 124 85
73 256 77
73 129 84
73 134 11
73 141 93
73 147 86
73 148 99
73 262 26
73 168 72
73 170 28
73 172 57
73 190 56
73 193 46
73 197 17
73 203 29
73 208 79
73 83 35
73 212 64
73 87 24
73 233 77
73 107 54
73 111 93
73 244 20
73 126 45
74 154 79
74 86 59
74 287 70
74 192 27
74 199 45
74 206 59
74 209 90
74 227 69
74 214 32
74 91 99
74 93 47
74 99 4
74 103 7
74 232 91
74 106 54
74 121 92
75 278 17
75 154 22
75 282 15
75 291 36
75 293 58
75 294 26
75 183 72
75 189 76
75 190 34
75 288 38
75 160 60
75 207 100
75 79 28
75 80 46
75 210 78
75 87 67
75 91 21
75 222 73
75 227 58
75 105 92
75 107 85
75 117 60
75 253 61
76 256 32
76 136 47
76 280 27
76 152 37
76 155 64
76 299 10
76 80 59
76 210 8
76 211 21
76 214 96
76 89 34
76 91 84
76 105 55
76 106 25
76 238 65
76 243 76
76 117 92
76 246 38
76 119 91
76 120 88
76 121 30
77 258 71
77 235 59
77 266 100
77 145 30
77 277 96
77 158 97
77 288 88
77 290 91
77 163 75
77 164 20
77 206 3
77 209 48
77 88 57
77 91 86
77 94 86
77 102 8
77 103 98
77 107 33
77 239 18
77 113 94
77 118 9
77 248 50
77 252 18
78 128 0
78 263 34
78 142 47
78 143 63
78 260 38
78 283 12
78 286 5
78 159 61
78 296 20
78 297 2
78 135 14
78 198 35
78 199 51
78 82 92
78 234 78
78 236 47
78 244 57
78 245 0
78 106 58
78 127 30
79 131 26
79 132 69
79 261 25
79 274 50
79 155 26
79 169 26
79 182 22
79 183 74
79 193 41
79 203 64
79 81 94
79 83 11
79 212 20
79 227 69
79 100 53
79 107 55
79 109 53
79 115 4
79 120 41
79 254 16
80 133 18
80 131 68
80 276 42
80 164 85
80 199 10
80 86 3
80 217 15
80 95 74
80 224 82
80 98 92
80 228 90
80 105 4
80 109 26
80 247 50
80 124 42
81 271 58
81 145 52
81 148 18
81 153 38
81 285 65
81 176 30
81 199 66
81 205 10
81 93 89
81 225 9
81 229 63
81 103 58
81 104 89
81 112 47
81 242 15
81 243 63
81 255 93
82 128 69
82 257 25
82 130 35
82 259 14
82 268 86
82 278 89
82 260 14
82 158 90
82 287 83
82 162 94
82 297 73
82 176 56
82 187 73
82 197 77
82 211 53
82 225 83
82 231 82
83 128 46
83 133 19
83 262 8
83 280 56
83 274 15
83 149 41
83 152 9
83 288 76
83 298 14
83 180 53
83 191 41
83 90 76
83 91 52
83 110 21
83 239 26
83 238 63
83 115 22
83 250 33
83 252 86
83 255 55
84 131 84
84 137 24
84 266 8
84 275 14
84 155 20
84 163 68
84 164 61
84 165 15
84 297 82
84 95 40
84 177 19
84 87 97
84 220 54
84 223 12
84 97 96
84 99 77
84 230 25
84 103 18
84 110 46
84 240 9
84 243 37
84 254 73
85 256 73
85 133 72
85 267 27
85 284 70
85 157 11
85 286 79
85 161 62
85 168 11
85 178 4
85 188 6
85 191 47
85 193 72
85 208 17
85 91 90
85 229 1
85 231 28
85 232 18
85 106 79
85 237 62
85 104 32
85 119 67
85 264 100
86 131 38
86 139 7
86 269 73
86 150 57
86 284 48
86 292 87
86 263 72
86 206 18
86 220 41
86 225 58
86 98 42
86 229 46
86 246 82
86 247 96
86 249 61
86 122 20
87 257 0
87 265 55
87 269 78
87 142 20
87 149 75
87 290 45
87 173 52
87 175 81
87 179 11
87 188 70
87 199 50
87 89 52
87 91 80
87 223 31
87 99 28
87 101 15
87 233 27
87 107 19
87 110 91
87 247 61
87 249 5
87 125 79
88 130 74
88 140 64
88 141 86
88 155 90
88 162 3
88 173 91
88 178 19
88 188 93
88 206 3
88 269 20
88 213 76
88 220 82
88 223 25
88 99 18
88 100 33
88 101 27
88 239 68
88 240 52
88 127 67
89 110 98
89 99 57
89 132 95
89 133 39
89 236 42
89 141 37
89 113 29
89 211 47
89 116 82
89 151 39
89 216 2
89 292 10
89 220 57
89 282 47
89 158 34
90 261 82
90 263 55
90 287 15
90 295 61
90 299 51
90 176 85
90 178 83
90 183 57
90 184 91
90 196 89
90 211 40
90 96 7
90 226 17
90 99 8
90 100 76
90 120 53
90 249 76
91 256 18
91 260 88
91 266 32
91 143 1
91 277 16
91 150 96
91 152 67
91 161 9
91 182 77
91 192 82
91 193 11
91 195 50
91 196 89
91 198 50
91 207 59
91 234 40
91 114 5
91 243 65
91 244 9
91 122 80
91 124 61
92 257 59
92 264 65
92 143 39
92 147 39
92 279 76
92 158 34
92 162 64
92 292 78
92 186 92
92 191 52
92 222 6
92 223 32
92 103 10
92 105 13
92 110 44
92 111 21
92 123 42
92 253 100
93 136 21
93 266 21
93 267 14
93 288 24
93 291 18
93 296 18
93 171 75
93 172 2
93 222 52
93 183 85
93 191 90
93 194 67
93 197 79
93 198 72
93 208 89
93 215 47
93 219 99
93 221 89
93 94 74
93 241 73
93 244 5
93 276 28
94 149 16
94 95 34
94 194 61
94 197 19
94 136 0
94 297 15
94 138 80
94 166 20
94 109 94
94 240 2
94 147 24
94 269 45
94 277 74
94 248 29
94 156 21
94 165 22
95 130 44
95 107 33
95 138 43
95 150 41
95 165 91
95 299 80
95 189 94
95 200 25
95 219 39
95 221 73
95 222 54
95 97 16
95 228 38
95 106 44
95 235 71
95 111 50
95 114 19
95 118 72
95 122 65
95 125 80
96 128 89
96 131 56
96 189 22
96 197 8
96 200 51
96 203 88
96 208 14
96 230 55
96 233 20
96 234 76
96 108 2
96 105 99
96 249 16
97 258 57
97 260 90
97 136 46
97 271 33
97 146 9
97 149 32
97 151 85
97 166 85
97 175 35
97 264 95
97 196 29
97 221 14
97 227 18
97 100 76
97 102 16
97 104 63
97 239 7
97 112 98
97 232 99
97 242 61
97 116 99
97 246 99
97 120 76
98 123 18
98 289 30
98 195 29
98 147 84
98 167 22
98 235 36
98 130 66
98 207 83
98 111 88
98 269 50
98 206 56
98 279 6
98 143 29
99 280 5
99 196 42
99 284 80
99 288 78
99 291 94
99 165 98
99 295 68
99 168 64
99 178 74
99 180 73
99 283 66
99 190 19
99 201 49
99 218 16
99 226 14
99 100 90
99 230 11
99 109 19
99 110 4
99 113 94
99 126 44
99 149 48
100 132 88
100 139 77
100 175 5
100 160 66
100 299 58
100 190 52
100 191 80
100 203 62
100 212 60
100 219 71
100 241 49
100 242 47
100 117 44
100 122 58
100 123 59
101 136 48
101 137 100
101 278 85
101 290 5
101 292 88
101 293 56
101 169 3
101 171 81
101 175 2
101 178 43
101 162 96
101 206 22
101 214 97
101 220 21
101 230 45
101 126 77
102 151 56
102 149 53
102 279 96
102 282 90
102 287 100
102 162 28
102 176 6
102 183 77
102 192 73
102 202 47
102 152 56
102 230 99
102 239 50
102 121 97
103 128 25
103 176 42
103 164 60
103 229 56
103 167 53
103 161 62
103 266 35
103 203 32
103 175 21
103 141 7
103 221 15
103 159 80
103 223 76
104 260 4
104 133 54
104 265 77
104 139 83
104 130 28
104 271 20
104 144 36
104 275 4
104 282 51
104 294 56
104 295 82
104 243 84
104 187 57
104 192 27
104 119 69
104 210 32
104 143 71
104 241 23
104 114 64
104 115 52
104 118 5
104 247 77
104 123 81
104 253 47
104 255 99
105 259 87
105 157 5
105 160 62
105 161 94
105 298 41
105 179 14
105 193 40
105 225 96
105 186 27
105 222 32
105 208 44
105 229 91
105 236 35
105 114 7
105 122 28
105 125 43
105 127 26
106 289 7
106 182 42
106 198 30
106 199 72
106 110 35
106 239 1
106 210 33
106 149 30
106 127 60
106 252 11
106 254 33
107 131 53
107 260 10
107 140 34
107 274 57
107 153 33
107 285 32
107 288 71
107 290 93
107 294 56
107 156 26
107 186 12
107 208 17
107 169 100
107 229 51
107 232 85
107 234 38
107 109 80
107 297 39
107 249 27
107 254 70
107 166 91
108 131 72
108 274 30
108 153 91
108 281 97
108 283 52
108 289 70
108 290 2
108 177 12
108 197 26
108 207 52
108 215 68
108 221 85
108 231 0
108 235 63
108 250 2
109 130 86
109 141 64
109 147 5
109 282 67
109 157 63
109 164 44
109 294 96
109 241 30
109 222 54
109 191 90
109 192 44
109 239 3
109 240 63
109 113 22
109 114 75
109 117 39
109 118 96
110 262 32
110 138 9
110 273 21
110 217 2
110 152 72
110 173 34
110 191 40
110 208 68
110 222 67
110 230 43
110 187 43
110 247 49
111 130 7
111 131 62
111 261 36
111 135 14
111 136 72
111 272 66
111 146 9
111 275 22
111 151 32
111 152 55
111 164 49
111 168 3
111 299 48
111 182 0
111 218 45
111 220 31
111 221 40
111 222 25
111 230 3
111 244 42
111 247 61
112 134 81
112 265 96
112 269 29
112 147 74
112 287 90
112 163 70
112 164 65
112 165 4
112 296 51
112 179 2
112 194 22
112 141 59
112 221 86
112 293 61
112 239 31
112 116 90
112 117 83
112 247 80
112 255 64
112 124 29
112 127 61
113 261 88
113 134 50
113 264 41
113 274 96
113 292 64
113 167 25
113 299 73
113 184 83
113 209 24
113 211 37
113 123 82
113 228 7
113 231 23
113 232 95
113 235 8
113 236 7
113 249 96
113 122 28
113 251 22
114 268 63
114 148 93
114 156 99
114 285 28
114 292 83
114 172 46
114 182 84
114 194 50
114 200 88
114 123 68
114 251 67
114 252 40
115 261 37
115 158 65
115 288 15
115 162 55
115 163 39
115 173 25
115 264 79
115 185 34
115 196 21
115 200 37
115 217 76
115 232 48
115 243 51
115 253 55
116 129 93
116 133 88
116 262 48
116 265 60
116 267 47
116 270 0
116 272 31
116 145 98
116 277 29
116 151 92
116 284 79
116 176 10
116 188 7
116 192 39
116 194 89
116 201 29
116 212 75
116 232 26
116 233 98
116 243 81
116 244 42
116 217 94
116 254 67
117 269 6
117 274 77
117 287 17
117 161 15
117 169 37
117 171 38
117 179 56
117 186 37
117 192 7
117 199 99
117 202 74
117 205 28
117 222 47
117 235 88
117 253 43
118 131 93
118 265 88
118 269 54
118 149 18
118 284 88
118 287 49
118 295 81
118 298 23
118 223 52
118 197 17
118 209 82
118 213 73
118 215 77
118 220 21
118 224 4
118 244 72
118 246 91
118 252 85
119 130 59
119 299 38
119 262 99
119 137 39
119 267 85
119 147 23
119 155 0
119 286 76
119 287 22
119 163 23
119 296 30
119 298 10
119 180 6
119 190 9
119 201 41
119 211 98
119 221 39
119 222 42
119 232 80
119 253 97
120 260 12
120 134 89
120 267 75
120 144 74
120 293 69
120 177 94
120 201 43
120 188 95
120 204 75
120 214 90
120 294 38
120 233 100
120 244 36
120 122 45
120 253 75
120 166 39
121 270 66
121 272 73
121 145 14
121 278 70
121 282 31
121 158 56
121 163 20
121 181 15
121 196 95
121 210 46
121 213 66
121 216 26
121 297 14
121 228 62
121 230 82
121 238 6
121 242 16
121 246 77
121 247 22
121 123 32
122 131 64
122 133 56
122 266 47
122 270 48
122 274 21
122 153 63
122 159 58
122 181 53
122 182 69
122 191 77
122 192 56
122 239 49
122 124 25
122 255 51
123 131 83
123 271 38
123 146 100
123 155 67
123 157 98
123 159 60
123 214 99
123 229 17
123 248 91
123 124 44
124 258 10
124 283 82
124 261 80
124 262 33
124 195 13
124 263 6
124 247 15
124 275 16
124 150 36
124 153 58
124 253 7
124 165 53
125 259 28
125 261 97
125 280 87
125 285 34
125 292 26
125 173 3
125 174 25
125 175 19
125 176 36
125 181 85
125 189 79
125 191 93
125 217 3
125 220 94
125 231 51
125 146 65
125 251 94
125 254 21
126 129 53
126 299 91
126 262 83
126 138 59
126 267 36
126 148 29
126 134 46
126 178 91
126 192 51
126 197 67
126 253 67
127 129 9
127 260 28
127 134 68
127 152 45
127 148 1
127 155 60
127 289 18
127 198 94
127 170 95
127 173 22
127 190 74
127 232 43
127 244 71
127 245 13
128 262 87
128 135 82
128 141 29
128 275 73
128 156 54
128 287 73
128 296 74
128 176 7
128 189 41
128 192 100
128 196 33
128 201 87
128 219 54
128 238 90
128 242 29
129 260 25
129 133 65
129 264 90
129 288 60
129 289 21
129 162 9
129 164 62
129 293 11
129 294 22
129 176 62
129 161 10
129 205 16
129 221 99
129 223 92
129 144 73
129 236 8
129 242 42
130 131 46
130 268 42
130 273 73
130 274 8
130 275 76
130 149 13
130 151 99
130 294 78
130 296 69
130 179 76
130 180 15
130 186 70
130 213 20
130 214 7
130 221 70
130 246 63
130 249 31
131 144 50
131 146 41
131 281 58
131 289 35
131 180 60
131 158 22
131 191 9
131 253 68
132 288 18
132 193 81
132 266 96
132 293 30
132 177 64
132 264 18
132 234 48
132 140 46
132 205 38
132 207 68
132 240 79
132 184 36
132 216 21
132 186 38
132 253 96
132 222 49
133 256 49
133 267 61
133 144 51
133 145 87
133 277 58
133 187 27
133 201 3
133 202 47
133 207 6
133 223 82
133 224 31
133 226 20
133 241 50
133 245 74
133 246 83
133 248 74
133 252 75
133 254 70
134 257 87
134 272 87
134 148 20
134 281 4
134 157 95
134 290 85
134 174 66
134 185 56
134 188 79
134 205 29
134 239 11
135 264 31
135 276 12
135 151 83
135 280 48
135 283 93
135 157 99
135 168 20
135 183 55
135 193 84
135 200 49
135 201 40
135 215 50
135 232 19
135 236 36
135 247 7
135 252 73
135 254 73
136 261 7
136 157 49
136 158 73
136 165 22
136 298 28
136 174 63
136 179 80
136 181 82
136 182 28
136 189 33
136 203 83
136 207 68
136 210 95
136 223 77
136 229 25
136 295 32
136 241 12
136 245 30
136 246 78
136 170 11
136 255 77
137 263 38
137 142 78
137 152 38
137 154 97
137 283 22
137 162 16
137 166 37
137 173 46
137 179 33
137 183 0
137 190 31
137 199 4
137 203 88
137 215 41
137 239 34
137 241 95
138 260 99
138 145 52
138 238 50
138 279 42
138 163 26
138 296 29
138 196 42
138 219 42
138 220 62
138 240 78
138 244 18
138 247 20
138 251 8
139 224 68
139 163 98
139 153 90
139 281 8
139 237 51
139 273 86
139 210 0
139 247 83
139 164 31
139 186 6
139 220 58
139 222 53
140 265 45
140 145 5
140 276 74
140 280 37
140 158 94
140 295 95
140 297 34
140 182 67
140 184 97
140 212 28
140 221 21
140 224 52
140 225 72
140 239 1
141 193 86
141 203 41
141 142 65
141 189 87
141 190 66
142 267 59
142 165 74
142 243 13
142 233 93
142 183 5
142 241 82
142 211 30
142 196 16
142 281 57
142 280 56
142 197 72
143 264 40
143 149 92
143 150 73
143 159 50
143 170 26
143 207 10
143 214 62
143 220 34
143 233 48
143 235 62
143 245 62
143 247 95
144 163 33
144 236 92
144 234 79
144 172 58
144 208 8
144 146 60
144 190 15
144 279 14
144 217 66
144 154 21
144 283 33
145 270 5
145 153 69
145 166 98
145 295 48
145 298 19
145 179 94
145 193 35
145 219 98
145 221 34
145 228 34
145 231 87
145 297 27
146 227 88
146 195 42
146 160 57
146 174 33
146 176 16
146 281 4
147 256 1
147 259 73
147 261 13
147 148 83
147 154 5
147 279 57
147 282 92
147 156 21
147 240 98
147 162 61
147 165 52
147 168 41
147 298 83
147 171 3
147 175 28
147 176 47
147 199 15
147 230 2
148 274 9
148 276 70
148 150 76
148 151 80
148 282 79
148 201 57
148 222 26
148 243 56
148 245 51
149 269 98
149 153 62
149 289 0
149 291 33
149 170 30
149 186 18
149 188 71
149 189 55
149 210 65
150 257 46
150 265 69
150 287 26
150 165 56
150 168 5
150 299 74
150 174 72
150 175 57
150 194 54
150 198 87
150 201 92
150 204 77
150 210 92
150 231 12
150 240 52
150 249 83
151 258 50
151 273 24
151 154 14
151 156 15
151 165 42
151 183 38
151 186 37
151 193 37
151 197 67
151 218 75
151 224 46
151 188 52
151 240 46
151 250 82
152 260 88
152 274 37
152 199 25
152 204 72
152 215 72
152 224 51
152 241 42
152 254 55
153 266 78
153 275 69
153 277 92
153 280 77
153 158 62
153 163 0
153 293 81
153 295 43
153 171 91
153 180 64
153 197 6
153 212 72
153 214 20
153 216 93
153 234 79
153 248 13
154 281 89
154 282 48
154 156 47
154 157 91
154 161 14
154 291 59
154 178 15
154 180 9
154 188 63
154 209 90
154 210 72
154 215 17
154 217 82
154 223 1
154 232 94
154 250 54
154 252 7
154 255 83
155 281 65
155 288 98
155 162 62
155 292 7
155 178 54
155 179 88
155 180 4
155 187 26
155 204 35
155 203 57
155 241 72
155 242 7
156 261 65
156 169 89
156 298 6
156 173 14
156 178 33
156 211 30
156 225 49
156 253 48
156 245 57
156 247 1
156 170 90
157 271 79
157 277 5
157 159 34
157 290 41
157 262 17
157 173 58
157 191 4
157 192 71
157 194 47
157 199 93
157 217 75
157 220 53
157 221 54
157 224 93
157 246 17
157 248 92
157 252 85
157 254 73
158 262 3
158 266 69
158 274 30
158 275 48
158 278 63
158 281 83
158 288 46
158 289 44
158 290 77
158 176 66
158 178 15
158 183 35
158 207 66
158 248 59
158 251 50
159 261 56
159 262 75
159 287 89
159 290 91
159 169 32
159 172 67
159 192 90
159 206 23
159 238 26
159 240 6
159 244 30
160 257 87
160 264 27
160 270 50
160 273 67
160 281 76
160 282 57
160 161 36
160 169 21
160 183 36
160 203 43
160 215 37
160 227 8
160 230 82
160 242 83
160 251 16
160 253 23
161 265 11
161 267 63
161 269 27
161 276 72
161 281 36
161 219 79
161 184 60
161 238 63
161 241 48
161 247 73
161 255 11
162 259 44
162 260 86
162 263 47
162 264 73
162 271 13
162 291 71
162 297 75
162 175 82
162 185 70
162 192 84
162 237 62
162 247 53
162 249 5
162 250 96
163 256 41
163 195 63
163 284 30
163 288 68
163 197 45
163 211 23
163 218 46
163 224 26
163 225 78
163 236 29
163 253 0
163 254 37
164 266 51
164 274 21
164 168 29
164 178 25
164 185 24
164 194 26
164 206 80
164 207 53
164 210 63
164 221 69
164 222 10
164 226 97
164 212 27
165 268 31
165 270 42
165 278 80
165 279 4
165 284 98
165 287 33
165 291 49
165 173 22
165 181 35
165 215 89
165 237 16
165 242 35
165 191 56
166 195 50
166 272 5
166 225 3
166 299 4
166 219 33
166 221 73
166 190 2
167 176 13
167 235 62
167 295 33
167 232 2
167 220 80
167 172 75
167 207 88
167 296 92
167 276 33
167 251 23
167 250 84
167 188 76
167 282 41
168 256 85
168 269 14
168 284 42
168 295 27
168 192 98
168 195 84
168 197 1
168 200 10
168 202 73
168 209 55
168 222 23
168 233 5
168 238 8
168 240 59
169 283 65
169 293 1
169 298 15
169 190 10
169 195 45
169 218 31
169 238 72
169 239 56
169 240 23
169 241 50
170 288 2
170 225 24
170 259 79
170 182 11
170 209 53
170 245 10
170 237 30
170 207 9
170 240 84
170 273 100
170 227 11
170 183 24
171 262 0
171 271 40
171 178 70
171 182 47
171 198 80
171 203 74
171 212 97
171 215 97
171 223 93
171 229 68
171 234 2
171 237 12
172 277 68
172 278 32
172 196 99
172 283 25
172 185 91
172 200 77
172 203 89
172 211 82
172 272 58
172 251 35
172 255 37
173 215 49
173 271 46
173 276 94
173 283 48
173 239 89
173 286 38
173 287 46
173 291 47
173 296 16
173 298 58
173 181 56
173 237 96
173 253 15
174 280 7
174 281 15
174 296 62
174 176 20
174 264 78
174 200 31
174 207 47
174 211 96
174 225 62
174 274 49
174 239 20
174 241 43
174 244 46
175 267 20
175 270 4
175 274 74
175 287 33
175 298 28
175 299 16
175 181 14
175 291 22
175 240 82
175 249 78
175 250 69
176 262 80
176 269 91
176 271 53
176 278 28
176 282 35
176 178 74
176 180 38
176 181 22
176 185 51
176 186 10
176 189 68
176 192 87
176 198 60
176 203 19
176 212 64
176 226 29
176 239 70
176 297 55
176 252 91
177 259 80
177 268 2
177 274 59
177 282 83
177 194 89
177 195 72
177 200 48
177 201 79
177 215 59
177 221 4
177 226 54
177 230 96
177 249 35
177 252 64
178 263 48
178 269 51
178 289 89
178 293 29
178 294 97
178 184 62
178 204 13
178 227 86
178 225 11
178 226 10
178 228 15
178 230 66
179 256 3
179 278 27
179 299 55
179 184 44
179 193 55
179 216 63
179 224 76
179 225 69
179 226 55
179 230 14
179 254 16
179 263 47
180 268 75
180 270 53
180 271 67
180 283 80
180 289 40
180 186 58
180 191 24
180 206 49
180 207 19
180 219 54
180 221 56
180 223 68
180 236 23
180 242 88
181 262 30
181 265 48
181 273 73
181 196 58
181 287 7
181 290 10
181 192 46
181 195 50
181 208 10
181 209 13
181 235 27
181 242 15
181 252 72
181 255 8
182 267 25
182 271 27
182 195 4
182 277 76
182 291 72
182 188 11
182 217 47
182 223 27
182 229 97
182 231 80
182 240 100
183 256 85
183 273 35
183 275 89
183 276 21
183 187 86
183 199 55
183 203 100
183 213 67
183 237 62
183 252 20
183 254 46
184 267 71
184 239 14
184 272 38
184 248 15
184 185 1
184 220 43
185 260 60
185 203 31
185 241 35
185 196 25
185 281 20
185 285 89
185 190 84
186 235 27
186 262 56
186 263 19
186 195 68
186 281 29
186 282 92
186 295 72
186 188 8
186 196 18
186 210 8
186 225 47
186 238 67
186 255 63
187 290 38
187 257 90
187 297 57
187 274 60
187 215 83
187 282 6
187 283 3
187 189 18
187 229 19
188 266 84
188 268 10
188 275 8
188 296 94
188 193 42
188 234 23
188 242 84
189 278 11
189 284 75
189 289 51
189 298 51
189 225 84
189 229 1
189 239 18
190 277 22
190 206 95
190 210 36
190 216 6
190 217 66
190 233 93
190 239 4
190 249 31
191 261 7
191 265 61
191 266 23
191 291 32
191 214 44
191 217 63
191 233 92
191 244 46
192 256 84
192 257 63
192 271 60
192 274 86
192 276 81
192 285 15
192 194 84
192 290 51
192 205 38
192 217 34
192 225 95
192 295 80
193 256 44
193 279 71
193 281 30
193 282 79
193 294 41
193 201 40
193 196 67
193 205 24
193 207 67
193 208 95
193 215 63
193 217 6
193 230 74
194 283 97
194 284 77
194 195 13
194 210 66
194 212 35
194 217 64
194 218 69
194 249 95
194 255 89
195 268 55
195 275 3
195 260 60
195 295 99
195 196 15
195 201 86
195 226 47
195 291 29
195 216 37
195 242 28
195 251 93
196 269 93
196 276 61
196 281 62
196 282 13
196 283 93
196 288 54
196 299 74
196 202 25
196 211 40
196 216 15
196 231 90
196 234 59
196 236 6
196 238 59
196 249 48
197 260 30
197 236 4
197 222 92
197 274 74
197 275 22
197 297 53
197 198 70
197 204 93
197 205 82
197 224 35
197 240 49
197 250 98
198 262 19
198 280 48
198 283 4
198 293 2
198 295 2
198 299 68
198 199 5
198 202 36
198 204 72
198 215 76
198 239 4
198 255 13
199 270 3
199 287 99
199 294 50
199 223 54
199 200 42
199 291 92
199 293 67
199 275 76
199 244 32
200 282 24
200 286 75
200 289 25
200 291 16
200 201 30
200 220 68
200 234 56
200 246 32
200 250 96
200 253 91
201 257 26
201 269 48
201 273 99
201 279 65
201 283 100
201 285 11
201 293 30
201 298 97
201 208 18
201 220 11
201 231 39
201 252 16
202 242 8
202 234 54
202 203 79
202 207 88
202 208 39
202 278 27
202 266 59
202 230 10
203 263 67
203 266 26
203 268 30
203 278 70
203 297 49
203 204 69
203 213 95
203 228 47
203 234 8
203 276 56
204 265 20
204 267 30
204 288 64
204 295 50
204 218 96
204 231 27
204 233 9
204 236 30
204 245 11
205 268 1
205 274 47
205 285 30
205 208 25
205 213 64
205 220 6
205 233 36
205 243 27
205 245 24
205 251 96
206 264 39
206 268 15
206 207 37
206 208 55
206 215 57
206 232 54
206 242 8
206 245 46
206 246 83
206 250 7
207 260 66
207 285 5
207 288 14
207 219 8
207 209 98
207 214 15
207 221 95
207 247 75
207 249 8
208 262 43
208 268 68
208 281 51
208 283 62
208 284 84
208 215 58
208 227 89
208 228 77
208 232 43
209 257 2
209 258 49
209 259 6
209 263 69
209 265 12
209 282 71
209 298 3
209 299 5
209 214 78
209 219 61
209 230 53
209 238 55
209 250 73
209 255 25
210 268 64
210 292 21
210 267 40
210 217 94
210 219 29
210 230 87
210 240 32
210 241 42
210 246 43
210 248 22
211 257 97
211 269 86
211 279 21
211 212 92
211 220 53
212 261 6
212 268 29
212 222 34
212 232 42
212 235 42
212 237 49
212 239 87
212 250 60
212 281 78
212 298 60
212 255 18
213 229 65
213 297 23
213 233 11
213 254 31
214 257 69
214 270 7
214 283 56
214 295 46
214 296 87
214 297 36
214 298 68
214 219 9
214 251 71
214 241 85
214 253 87
215 281 41
215 229 57
215 240 6
215 254 73
216 266 62
216 270 72
216 283 68
216 298 15
216 220 52
216 236 46
217 256 25
217 282 87
217 260 32
217 275 6
217 281 84
217 297 91
217 224 72
218 228 32
218 286 4
219 221 83
219 223 91
219 226 88
219 237 33
219 242 2
219 244 66
220 263 72
220 268 9
220 291 52
220 299 0
220 221 74
220 295 75
220 248 90
221 274 15
221 277 95
221 279 80
221 283 84
221 296 97
221 268 82
221 243 33
222 289 95
222 250 90
223 278 62
223 279 18
223 281 81
223 289 97
223 295 8
223 264 32
223 225 40
223 234 16
223 239 35
224 258 77
224 273 97
224 284 49
224 289 87
224 298 88
224 226 76
224 234 2
224 248 24
225 265 68
225 283 56
225 290 30
225 293 54
225 298 85
225 268 33
225 294 20
225 245 36
225 246 61
225 248 56
226 258 24
226 274 43
226 281 6
226 283 12
226 230 46
226 243 39
226 255 44
227 235 56
227 244 9
227 278 33
227 267 66
227 284 80
228 256 0
228 258 2
228 268 10
228 285 72
228 291 95
228 298 64
228 234 60
228 235 43
229 231 93
229 233 4
229 248 52
230 266 90
230 276 26
230 289 5
230 292 6
231 274 42
231 236 72
231 238 89
231 253 96
231 240 69
232 235 52
232 272 23
232 273 88
232 284 14
233 256 38
233 276 100
233 296 62
233 242 86
233 245 1
234 292 90
234 242 3
235 256 0
235 259 74
235 238 80
236 268 46
236 270 11
236 280 64
236 282 100
236 263 62
236 249 17
237 254 83
238 285 38
238 287 27
238 291 99
238 298 66
238 299 96
238 266 33
238 249 49
239 287 72
239 293 92
240 283 7
240 244 80
240 246 65
240 297 60
240 251 73
241 279 26
241 296 60
241 299 66
241 255 67
242 269 84
242 293 41
242 247 13
242 251 16
242 252 91
242 255 68
243 261 100
243 273 63
243 277 100
243 281 80
243 290 37
243 298 61
244 259 81
244 278 74
244 298 58
244 287 24
244 247 83
245 289 2
245 271 80
245 272 41
246 270 2
246 273 40
246 276 86
246 282 36
246 288 19
246 251 87
247 261 0
247 270 68
247 273 81
247 294 5
247 295 70
248 267 61
248 270 50
248 277 68
248 278 80
248 279 88
248 293 78
249 262 25
249 265 58
249 294 37
250 258 33
250 267 37
250 275 27
250 284 21
250 288 57
251 256 90
251 271 27
251 273 47
251 283 58
251 298 82
252 279 74
252 283 16
252 284 19
252 287 24
252 293 8
253 263 99
253 274 95
253 285 86
253 297 96
254 258 0
254 277 11
255 268 36
255 289 84
256 273 43
256 277 52
256 282 42
257 269 17
257 274 55
257 275 81
257 277 26
257 294 79
257 299 65
257 298 96
258 260 58
258 263 13
258 267 46
258 276 15
258 283 62
258 290 94
258 262 22
259 271 56
259 274 36
259 281 84
259 294 51
259 290 59
260 261 82
260 262 19
260 274 81
260 283 53
260 294 13
260 266 79
261 264 12
262 299 57
262 267 65
262 276 7
262 281 54
262 285 58
262 293 90
263 271 12
263 278 46
263 294 40
264 295 43
265 298 92
266 268 16
266 277 34
266 296 72
266 298 65
267 271 73
268 279 63
268 282 3
268 283 27
268 293 36
269 273 56
269 284 89
270 299 31
270 279 31
270 281 47
270 284 12
270 287 27
271 277 50
271 278 83
271 284 14
271 295 39
271 298 79
271 272 37
272 297 11
272 287 64
273 298 72
274 291 28
275 279 48
275 284 25
275 288 9
276 282 56
276 298 95
277 288 20
277 289 15
277 291 74
278 280 69
278 281 10
278 296 89
278 297 18
278 298 47
279 286 27
279 289 71
279 293 32
280 289 21
281 298 23
281 299 72
282 285 93
283 297 21
283 299 61
284 285 39
284 291 26
286 287 93
287 290 99
287 292 25
287 295 72
287 298 56
288 294 55
288 298 85
289 297 82
291 296 99
292 294 34
295 298 28
