300 4000
0 256 99
0 289 68
0 113 56
0 70 31
0 51 65
0 33 66
0 296 17
0 297 43
0 172 91
0 210 0
0 14 87
0 177 87
0 178 6
0 115 99
0 21 28
0 22 14
0 233 75
0 292 87
0 91 34
0 126 10
0 127 16
1 22 90
1 143 58
1 16 51
1 278 28
1 280 49
1 286 52
1 161 53
1 162 65
1 163 100
1 293 29
1 298 62
1 44 56
1 58 22
1 81 24
1 82 77
1 91 76
1 225 31
1 144 77
1 236 15
1 109 74
1 110 23
1 120 99
1 249 57
1 250 98
1 251 82
1 125 45
2 263 99
2 142 65
2 274 92
2 149 90
2 28 38
2 36 90
2 46 4
2 176 88
2 187 72
2 63 20
2 64 94
2 193 42
2 195 99
2 198 74
2 79 97
2 204 22
2 207 21
2 91 38
2 221 29
2 106 56
2 108 43
2 112 52
3 4 65
3 133 77
3 135 82
3 136 80
3 283 62
3 286 87
3 289 17
3 40 78
3 53 63
3 189 63
3 62 31
3 63 43
3 64 70
3 202 86
3 203 80
3 208 55
3 224 92
3 100 86
3 232 66
3 107 58
3 113 60
3 190 97
3 247 21
3 251 90
3 255 10
4 129 66
4 133 26
4 135 44
4 264 52
4 12 15
4 144 73
4 147 23
4 29 90
4 286 78
4 161 23
4 167 8
4 49 77
4 184 6
4 58 27
4 64 10
4 193 91
4 80 71
4 212 69
4 88 35
4 221 3
4 295 62
4 238 91
4 243 41
4 244 86
4 125 24
5 135 49
5 11 53
5 17 84
5 19 15
5 278 41
5 279 46
5 28 83
5 288 31
5 161 28
5 163 97
5 164 56
5 39 21
5 296 18
5 297 51
5 298 67
5 50 40
5 57 69
5 60 74
5 191 59
5 139 22
5 70 49
5 74 77
5 85 88
5 214 42
5 97 57
5 227 31
5 230 24
5 231 60
5 108 16
5 168 28
5 275 51
5 122 59
5 123 54
5 255 83
6 256 63
6 259 9
6 262 50
6 14 98
6 273 7
6 150 94
6 157 80
6 33 92
6 39 67
6 299 90
6 172 22
6 45 43
6 52 17
6 181 100
6 186 90
6 198 28
6 289 61
6 205 42
6 206 10
6 84 31
6 85 65
6 223 45
6 98 47
6 102 40
6 145 43
6 105 33
6 108 1
6 112 14
6 241 45
6 242 80
6 252 56
6 125 89
7 266 25
7 267 64
7 151 71
7 280 38
7 27 90
7 157 22
7 35 47
7 167 25
7 168 29
7 41 19
7 299 62
7 58 1
7 61 53
7 70 34
7 203 1
7 204 50
7 77 95
7 209 60
7 87 65
7 88 19
7 223 81
7 100 4
7 105 30
7 114 34
7 169 93
8 160 82
8 130 47
8 68 75
8 38 37
8 295 15
8 31 21
8 9 73
8 266 82
8 139 87
8 125 83
8 141 57
8 270 99
8 271 23
8 208 89
8 40 24
8 211 63
8 201 23
8 184 60
8 207 95
8 221 67
8 159 8
9 135 89
9 10 84
9 267 83
9 140 73
9 269 10
9 14 30
9 143 98
9 149 14
9 151 90
9 155 99
9 156 26
9 29 77
9 158 37
9 173 7
9 47 8
9 50 96
9 63 22
9 194 87
9 196 42
9 71 24
9 74 40
9 217 53
9 90 29
9 91 44
9 92 32
9 110 34
9 112 57
9 252 93
9 21 99
10 258 11
10 135 11
10 266 39
10 215 75
10 270 93
10 273 95
10 146 62
10 147 94
10 276 72
10 22 66
10 153 73
10 31 60
10 33 70
10 295 32
10 48 54
10 51 9
10 184 10
10 193 48
10 69 72
10 87 60
10 216 68
10 93 33
10 224 63
10 225 23
10 39 60
10 112 70
10 275 53
10 252 22
10 254 8
11 43 43
11 134 54
11 263 11
11 264 61
11 137 15
11 18 38
11 20 54
11 24 65
11 30 34
11 292 95
11 299 47
11 175 53
11 55 20
11 184 64
11 186 96
11 192 53
11 80 80
11 213 14
11 90 57
11 219 72
11 97 20
11 227 5
11 228 39
11 102 70
11 241 33
12 128 49
12 258 35
12 259 45
12 260 8
12 263 68
12 269 75
12 271 6
12 149 67
12 151 62
12 25 3
12 27 85
12 284 22
12 287 51
12 161 2
12 39 78
12 49 89
12 186 19
12 63 25
12 67 11
12 211 47
12 84 0
12 86 7
12 215 19
12 93 52
12 223 63
12 97 13
12 233 12
12 109 67
12 239 95
12 115 20
12 253 52
12 21 51
13 193 58
13 219 37
13 38 95
13 257 71
13 264 27
13 265 80
13 41 12
13 235 60
13 275 15
13 239 23
13 16 46
13 50 52
13 51 6
13 244 14
13 213 85
13 86 44
13 55 81
13 57 22
13 175 78
13 156 54
13 35 89
14 259 88
14 131 0
14 150 1
14 30 19
14 37 61
14 296 74
14 43 25
14 174 7
14 48 53
14 181 48
14 185 2
14 63 5
14 66 41
14 69 24
14 70 17
14 71 40
14 262 18
14 214 90
14 215 18
14 92 88
14 250 21
14 223 97
14 225 93
14 122 61
14 126 27
14 127 49
15 256 98
15 132 4
15 23 22
15 142 93
15 272 47
15 17 12
15 18 91
15 275 13
15 151 24
15 26 96
15 285 40
15 32 85
15 164 55
15 168 36
15 42 37
15 47 47
15 178 41
15 184 17
15 36 92
15 68 9
15 197 49
15 205 51
15 79 4
15 215 64
15 89 5
15 207 22
15 97 10
15 226 76
15 106 29
15 274 33
15 127 8
16 135 45
16 274 40
16 147 66
16 150 11
16 23 14
16 24 23
16 289 67
16 294 2
16 297 33
16 45 30
16 175 9
16 54 40
16 185 9
16 95 36
16 189 29
16 192 36
16 208 95
16 84 66
16 220 25
16 223 10
16 123 44
16 230 53
16 111 70
16 121 60
16 251 40
16 252 42
16 254 93
17 261 71
17 264 73
17 147 85
17 148 4
17 23 56
17 157 90
17 34 10
17 164 72
17 294 24
17 168 45
17 171 18
17 46 65
17 177 70
17 64 80
17 70 11
17 292 12
17 202 41
17 82 69
17 36 82
17 93 63
17 96 82
17 166 32
17 232 51
17 113 50
17 243 44
17 276 27
17 250 59
18 256 84
18 269 50
18 152 97
18 196 32
18 291 21
18 294 2
18 40 98
18 169 100
18 177 36
18 55 81
18 56 11
18 63 54
18 64 95
18 65 99
18 66 53
18 68 86
18 76 24
18 77 51
18 80 58
18 210 100
18 231 24
18 234 90
18 107 80
18 116 63
18 247 86
18 248 49
18 255 93
19 261 12
19 264 95
19 272 78
19 23 19
19 24 92
19 283 45
19 29 14
19 291 48
19 165 51
19 40 50
19 41 82
19 187 14
19 188 58
19 64 42
19 193 58
19 206 47
19 208 21
19 37 86
19 106 60
19 235 33
19 109 63
19 241 51
20 224 3
20 289 82
20 227 83
20 100 93
20 228 5
20 103 37
20 236 61
20 175 77
20 81 80
20 50 3
20 149 15
20 89 23
20 57 94
20 249 6
20 119 77
20 126 100
21 128 54
21 259 20
21 257 78
21 276 0
21 27 31
21 287 31
21 289 72
21 296 79
21 297 53
21 49 7
21 57 95
21 61 81
21 65 71
21 68 98
21 73 59
21 74 84
21 76 36
21 205 13
21 81 46
21 85 11
21 215 11
21 90 99
21 96 94
21 230 40
21 111 0
21 242 82
21 117 14
21 253 30
22 256 95
22 136 12
22 145 13
22 282 30
22 156 48
22 159 50
22 288 92
22 162 22
22 36 59
22 42 34
22 43 75
22 178 85
22 52 87
22 183 25
22 58 17
22 96 42
22 199 60
22 200 8
22 55 4
22 81 77
22 84 25
22 93 56
22 95 85
22 224 84
22 108 75
22 109 3
22 245 29
22 118 51
22 212 21
23 128 14
23 257 14
23 138 49
23 272 34
23 283 78
23 157 66
23 159 54
23 38 89
23 298 17
23 47 18
23 49 51
23 54 88
23 184 8
23 59 7
23 64 26
23 200 60
23 76 29
23 56 1
23 89 21
23 98 49
23 229 89
23 231 18
23 233 54
23 114 66
24 32 80
24 225 57
24 194 94
24 155 53
24 100 13
24 295 88
24 104 20
24 112 82
24 170 78
24 208 77
24 143 69
24 240 31
24 149 19
24 88 73
24 58 59
24 91 41
24 127 59
25 135 48
25 151 59
25 287 98
25 289 32
25 292 77
25 39 20
25 185 51
25 67 70
25 68 40
25 197 39
25 71 69
25 206 31
25 210 24
25 84 17
25 78 42
25 216 90
25 226 9
25 99 99
25 102 24
25 230 0
25 161 7
25 243 100
26 129 8
26 258 63
26 260 12
26 142 87
26 272 13
26 282 2
26 35 9
26 164 9
26 166 30
26 170 4
26 47 79
26 48 43
26 180 29
26 185 87
26 65 23
26 68 26
26 76 4
26 226 73
26 205 44
26 89 53
26 218 41
26 98 13
26 101 7
26 111 97
26 113 98
26 250 15
26 252 98
27 128 60
27 134 81
27 143 80
27 146 59
27 282 40
27 90 57
27 159 52
27 33 97
27 176 96
27 172 61
27 48 17
27 55 95
27 61 98
27 69 78
27 83 25
27 88 82
27 218 25
27 220 56
27 223 81
27 96 11
27 99 58
27 101 100
27 230 99
27 109 78
28 257 80
28 138 41
28 140 90
28 279 20
28 280 71
28 153 83
28 157 53
28 32 68
28 161 30
28 38 11
28 241 59
28 296 94
28 41 14
28 181 9
28 184 65
28 185 61
28 60 89
28 67 12
28 76 90
28 83 58
28 92 70
28 225 100
28 98 29
28 102 60
28 106 54
28 238 59
28 239 59
28 168 9
28 117 3
28 120 6
28 253 56
29 133 31
29 267 59
29 145 79
29 287 72
29 32 79
29 289 29
29 163 2
29 165 84
29 53 65
29 188 92
29 197 49
29 72 99
29 201 30
29 74 66
29 205 16
29 206 50
29 120 27
29 210 62
29 91 45
29 95 82
29 97 39
29 234 83
29 246 50
29 248 0
29 123 0
30 256 28
30 259 38
30 136 74
30 271 86
30 144 33
30 145 63
30 150 12
30 155 52
30 299 59
30 56 15
30 57 87
30 59 60
30 192 4
30 193 90
30 200 3
30 79 24
30 81 65
30 88 78
30 219 55
30 93 2
30 99 52
30 104 6
30 115 73
30 118 10
30 119 38
31 131 1
31 269 53
31 142 30
31 272 84
31 152 67
31 283 19
31 161 95
31 35 80
31 168 34
31 172 74
31 174 37
31 175 87
31 50 65
31 181 48
31 185 9
31 60 84
31 192 42
31 195 87
31 197 44
31 72 45
31 201 48
31 206 8
31 208 41
31 91 9
31 221 33
31 97 30
31 226 17
31 102 87
31 104 23
31 107 88
31 239 79
31 243 58
31 117 83
31 254 14
32 225 48
32 123 64
32 291 30
32 103 52
32 297 30
32 299 58
32 257 49
32 77 27
32 142 19
32 272 24
32 205 38
32 83 70
32 181 100
32 219 25
32 59 78
33 128 70
33 131 43
33 133 90
33 270 83
33 143 33
33 145 67
33 277 32
33 280 76
33 153 98
33 284 12
33 165 50
33 167 51
33 42 27
33 45 17
33 175 81
33 187 42
33 225 54
33 207 97
33 209 51
33 85 91
33 93 28
33 97 53
33 113 50
33 242 91
33 124 30
33 125 1
34 262 69
34 137 95
34 139 82
34 279 4
34 154 14
34 156 50
34 165 29
34 41 63
34 44 27
34 46 91
34 48 79
34 51 43
34 60 48
34 192 2
34 202 94
34 212 71
34 214 70
34 218 61
34 227 38
34 100 78
34 101 75
34 102 41
34 103 76
34 234 1
34 243 39
34 118 17
34 125 46
35 96 80
35 68 80
35 196 4
35 229 32
35 165 46
35 108 59
35 173 87
35 93 47
35 143 7
35 58 68
35 276 80
35 89 81
35 217 26
35 185 90
35 122 26
35 284 6
35 157 40
36 224 75
36 291 80
36 182 91
36 70 59
36 194 65
36 268 33
36 290 92
36 44 21
36 258 10
36 112 78
36 117 14
36 185 8
36 153 12
36 59 81
37 256 7
37 171 11
37 133 35
37 137 63
37 158 95
37 293 30
37 169 4
37 43 85
37 44 63
37 56 48
37 61 71
37 63 53
37 66 46
37 198 51
37 73 6
37 207 17
37 80 70
37 211 24
37 142 82
37 94 35
37 95 86
37 96 98
37 227 78
37 189 11
37 249 23
37 250 52
38 131 73
38 263 72
38 279 84
38 269 97
38 144 55
38 146 17
38 147 99
38 277 67
38 285 34
38 289 28
38 291 88
38 39 100
38 298 19
38 299 7
38 180 93
38 188 8
38 189 71
38 190 41
38 194 85
38 196 83
38 206 46
38 81 41
38 82 94
38 216 7
38 207 85
38 61 61
38 116 13
38 119 44
38 120 45
38 249 92
38 255 80
39 43 83
39 265 80
39 138 16
39 279 80
39 155 56
39 156 45
39 287 18
39 41 66
39 42 80
39 171 15
39 50 68
39 181 62
39 66 37
39 197 34
39 206 9
39 210 66
39 83 68
39 87 78
39 226 48
39 227 14
39 114 46
39 247 59
39 250 20
39 170 88
40 280 0
40 158 35
40 296 41
40 169 53
40 171 11
40 45 61
40 51 86
40 54 70
40 56 2
40 59 21
40 199 60
40 207 10
40 210 77
40 84 74
40 91 68
40 187 73
40 101 62
40 107 99
40 109 48
40 121 72
41 257 78
41 131 69
41 155 37
41 285 92
41 168 0
41 299 100
41 175 14
41 191 47
41 67 90
41 69 75
41 70 51
41 219 99
41 220 88
41 96 60
41 233 80
41 239 87
41 157 81
41 113 13
41 275 37
41 247 58
41 126 56
42 99 29
42 231 92
42 236 9
42 199 65
42 76 50
42 45 100
42 77 41
42 71 79
42 49 99
42 82 31
42 214 14
42 297 45
42 225 3
42 282 70
42 251 2
42 156 75
43 259 21
43 266 45
43 148 7
43 150 57
43 283 37
43 156 87
43 45 100
43 200 61
43 178 50
43 186 61
43 190 49
43 63 62
43 68 29
43 197 36
43 70 72
43 72 59
43 202 29
43 75 75
43 206 65
43 208 88
43 212 10
43 89 21
43 91 59
43 223 96
43 106 17
43 240 5
43 120 20
43 250 45
43 254 7
44 130 73
44 131 61
44 132 37
44 262 51
44 260 96
44 283 79
44 90 81
44 160 42
44 176 78
44 182 45
44 183 44
44 190 55
44 200 90
44 206 33
44 82 71
44 218 77
44 91 64
44 222 10
44 223 78
44 98 3
44 210 26
44 250 13
44 255 64
45 299 98
45 138 25
45 140 35
45 275 59
45 277 96
45 163 71
45 165 16
45 241 20
45 178 15
45 50 34
45 183 40
45 92 58
45 236 16
45 113 68
45 245 18
45 123 33
45 254 8
45 127 92
46 128 12
46 257 38
46 134 53
46 264 67
46 268 12
46 143 63
46 144 83
46 149 44
46 278 11
46 281 73
46 296 88
46 297 78
46 176 46
46 63 4
46 193 77
46 75 67
46 76 44
46 87 30
46 91 36
46 225 38
46 228 57
46 102 62
46 112 92
46 248 73
46 124 57
47 268 72
47 141 0
47 270 45
47 146 10
47 158 3
47 295 43
47 297 65
47 50 5
47 51 60
47 182 50
47 186 97
47 187 55
47 190 38
47 68 58
47 197 69
47 81 54
47 227 28
47 217 71
47 223 36
47 97 71
47 99 91
47 209 76
47 233 28
47 241 5
47 121 30
47 253 41
48 144 60
48 196 9
48 178 45
48 139 92
48 237 3
48 208 87
48 242 85
48 211 33
48 244 76
48 54 47
48 184 68
48 57 19
48 92 42
49 129 64
49 136 60
49 151 75
49 269 7
49 271 85
49 260 33
49 154 25
49 296 39
49 298 43
49 58 84
49 69 45
49 80 73
49 210 48
49 86 5
49 216 9
49 221 89
49 102 39
49 103 64
49 108 98
49 253 28
49 254 8
50 281 99
50 288 47
50 53 61
50 59 16
50 197 93
50 78 15
50 207 77
50 210 83
50 224 64
50 102 3
50 236 68
50 113 28
50 116 63
50 254 78
51 132 52
51 261 71
51 271 74
51 280 36
51 275 79
51 277 47
51 279 70
51 152 60
51 281 8
51 161 58
51 164 93
51 165 64
51 179 70
51 65 8
51 69 38
51 203 45
51 206 92
51 82 80
51 293 18
51 123 5
52 130 51
52 259 78
52 150 58
52 268 34
52 270 30
52 158 60
52 261 81
52 160 42
52 167 23
52 174 12
52 176 40
52 53 68
52 54 74
52 184 80
52 61 11
52 65 33
52 198 54
52 84 91
52 142 39
52 217 54
52 104 11
52 110 57
52 241 42
52 244 33
52 120 88
53 262 85
53 142 89
53 272 49
53 131 34
53 276 21
53 282 86
53 158 14
53 289 63
53 164 9
53 168 48
53 299 56
53 175 74
53 179 96
53 187 29
53 61 93
53 64 55
53 193 12
53 67 29
53 198 32
53 74 40
53 208 10
53 81 69
53 92 86
53 223 92
53 96 97
53 259 63
53 125 26
53 113 58
53 147 4
53 247 7
53 248 93
53 121 66
53 252 99
53 253 8
54 257 7
54 132 94
54 270 13
54 143 9
54 273 2
54 148 79
54 278 80
54 279 97
54 153 43
54 285 95
54 289 60
54 291 37
54 174 62
54 177 97
54 182 26
54 60 92
54 189 30
54 62 43
54 66 58
54 74 11
54 85 90
54 93 21
54 95 33
54 96 4
54 272 97
54 100 95
54 232 87
54 244 48
54 118 90
54 123 44
54 255 28
55 192 53
55 150 72
55 296 63
55 265 38
55 144 86
55 82 23
55 280 88
55 89 53
55 154 56
55 93 100
55 287 55
56 266 82
56 141 52
56 147 31
56 150 19
56 156 43
56 184 26
56 192 76
56 66 0
56 196 29
56 69 15
56 74 1
56 77 96
56 225 83
56 228 55
56 101 44
56 168 62
56 119 45
56 126 10
56 255 81
57 192 30
57 226 62
57 291 62
57 260 69
57 134 74
57 168 57
57 105 40
57 109 27
57 104 80
57 227 67
57 116 89
57 223 6
58 265 13
58 290 58
58 285 38
58 159 20
58 162 8
58 163 100
58 168 63
58 169 33
58 180 71
58 70 71
58 62 51
58 63 93
58 66 91
58 198 52
58 72 10
58 204 43
58 205 70
58 82 73
58 211 22
58 212 64
58 221 80
58 94 91
58 98 78
58 233 25
58 236 8
58 245 26
58 122 42
59 243 65
59 233 93
59 74 40
59 107 5
59 110 78
59 209 9
59 178 15
59 83 74
59 84 54
59 206 79
59 247 95
59 164 84
59 155 36
59 231 21
59 287 64
60 288 96
60 144 32
60 283 40
60 132 64
60 225 9
60 72 88
60 284 51
60 171 67
60 172 22
60 272 11
60 145 7
60 220 47
60 150 59
60 184 44
60 94 14
61 260 84
61 147 46
61 288 42
61 289 6
61 166 72
61 173 99
61 176 14
61 64 12
61 73 61
61 202 56
61 206 11
61 210 53
61 214 52
61 87 100
61 220 19
61 123 78
61 240 30
61 248 15
61 251 68
61 149 73
62 129 64
62 132 41
62 260 64
62 267 34
62 274 98
62 259 12
62 149 71
62 281 30
62 286 37
62 290 73
62 175 67
62 189 70
62 192 13
62 68 83
62 102 92
62 241 53
62 115 88
62 125 55
62 127 6
63 133 75
63 262 60
63 143 48
63 144 90
63 280 65
63 153 58
63 289 36
63 162 46
63 73 37
63 74 17
63 203 13
63 210 9
63 91 64
63 100 25
63 232 71
63 233 41
63 113 88
64 100 10
64 294 97
64 227 93
64 200 95
64 105 83
64 143 48
64 111 66
64 84 74
64 278 57
64 219 81
64 286 43
64 191 73
65 256 19
65 136 21
65 154 57
65 283 8
65 285 10
65 193 52
65 69 89
65 198 84
65 201 10
65 203 38
65 77 15
65 214 14
65 88 36
65 224 84
65 99 57
65 228 60
65 229 85
65 230 18
65 107 18
65 118 28
65 250 19
65 102 41
66 128 49
66 267 74
66 141 51
66 272 49
66 150 2
66 283 100
66 157 90
66 296 9
66 169 21
66 177 80
66 178 36
66 194 28
66 196 26
66 70 23
66 199 84
66 206 31
66 79 11
66 87 33
66 217 27
66 90 16
66 219 38
66 226 7
66 106 79
66 108 48
66 110 55
66 111 61
66 112 60
66 246 83
66 121 31
66 122 73
67 261 14
67 134 63
67 146 33
67 275 9
67 153 98
67 288 34
67 164 17
67 167 73
67 172 4
67 180 71
67 184 88
67 185 6
67 187 31
67 199 52
67 81 50
67 210 68
67 83 21
67 226 38
67 82 31
67 239 48
68 146 27
68 286 44
68 288 29
68 174 83
68 179 86
68 182 57
68 189 81
68 217 91
68 219 33
68 102 60
68 234 46
68 239 47
68 116 22
68 246 66
68 124 75
69 128 66
69 261 61
69 137 21
69 148 94
69 159 97
69 162 3
69 164 14
69 166 45
69 168 96
69 175 43
69 186 79
69 208 52
69 210 70
69 95 27
69 100 2
69 102 94
69 111 88
69 115 12
69 297 1
69 123 28
69 254 100
70 129 72
70 299 3
70 134 9
70 273 38
70 146 43
70 280 22
70 281 21
70 86 24
70 295 64
70 184 53
70 191 4
70 200 23
70 74 64
70 214 83
70 223 42
70 103 45
70 106 55
70 241 26
70 118 73
70 252 78
71 160 57
71 97 49
71 204 47
71 276 98
71 135 100
71 140 35
71 172 69
71 166 48
71 271 86
71 113 52
71 84 76
71 181 19
71 108 14
71 152 92
71 283 43
71 124 45
71 245 71
72 171 1
72 133 45
72 268 35
72 273 15
72 299 12
72 154 81
72 161 20
72 162 81
72 163 37
72 296 12
72 140 25
72 75 38
72 88 91
72 92 73
72 224 54
72 109 0
72 238 22
72 121 65
72 251 63
73 128 92
73 133 24
73 267 51
73 109 8
73 152 5
73 154 39
73 287 24
73 289 92
73 179 21
73 184 78
73 188 16
73 75 8
73 76 0
73 96 12
73 101 80
73 234 15
73 237 62
73 244 58
73 125 43
74 257 88
74 138 65
74 268 46
74 274 58
74 150 11
74 282 35
74 290 98
74 166 28
74 92 2
74 298 90
74 157 33
74 178 80
74 183 22
74 191 48
74 192 76
74 75 9
74 212 85
74 214 90
74 220 13
74 222 58
74 223 85
74 109 26
74 110 58
74 243 45
74 116 16
74 246 73
74 253 25
75 132 88
75 150 68
75 139 72
75 269 71
75 274 28
75 148 74
75 278 40
75 260 9
75 163 43
75 165 32
75 174 71
75 182 35
75 187 20
75 190 84
75 195 43
75 197 73
75 198 38
75 79 42
75 216 38
75 101 98
75 234 59
75 236 16
75 245 8
75 118 93
75 250 64
75 123 24
76 129 1
76 265 88
76 269 79
76 270 50
76 148 20
76 160 19
76 166 9
76 297 18
76 172 50
76 243 51
76 184 1
76 222 8
76 100 42
76 229 68
76 105 36
76 115 13
76 255 44
77 257 22
77 258 47
77 134 0
77 272 90
77 277 33
77 152 20
77 157 13
77 162 74
77 177 66
77 178 92
77 197 9
77 207 27
77 212 51
77 226 22
77 232 88
77 106 45
77 236 78
77 240 80
77 241 79
77 234 76
77 126 50
78 134 60
78 173 11
78 274 16
78 147 53
78 151 99
78 152 72
78 154 67
78 282 99
78 159 25
78 168 73
78 299 53
78 178 47
78 245 84
78 198 60
78 199 25
78 206 98
78 207 70
78 83 91
78 214 41
78 96 95
78 98 65
78 104 12
78 117 66
78 247 64
78 121 92
78 191 73
78 281 44
79 130 4
79 132 51
79 143 58
79 275 80
79 150 37
79 153 88
79 285 47
79 167 71
79 170 29
79 183 58
79 185 81
79 189 44
79 195 43
79 198 98
79 203 85
79 210 14
79 90 46
79 271 80
79 223 62
79 98 14
79 106 24
79 239 70
79 116 87
79 245 80
79 246 15
79 248 6
79 121 94
80 266 13
80 139 70
80 268 9
80 269 78
80 270 61
80 144 15
80 273 20
80 282 58
80 158 23
80 287 78
80 177 28
80 181 67
80 187 91
80 197 44
80 205 91
80 286 49
80 231 99
80 232 99
80 238 68
80 241 83
80 119 17
80 122 17
80 251 61
81 137 72
81 150 47
81 152 56
81 175 7
81 284 66
81 159 20
81 290 88
81 163 89
81 164 32
81 165 82
81 167 78
81 178 42
81 265 22
81 184 12
81 188 84
81 196 30
81 206 69
81 207 4
81 211 0
81 213 67
81 90 27
81 225 40
81 102 14
81 233 98
81 234 47
81 237 19
81 117 57
81 120 1
81 252 28
82 131 41
82 137 50
82 142 3
82 276 10
82 149 76
82 283 98
82 156 16
82 166 25
82 178 83
82 197 68
82 84 49
82 213 45
82 186 14
82 91 11
82 93 66
82 95 33
82 229 62
82 111 61
82 249 23
82 251 29
82 254 10
83 128 65
83 144 22
83 150 38
83 280 77
83 281 70
83 294 22
83 295 41
83 168 46
83 175 24
83 176 83
83 184 65
83 189 98
83 92 49
83 93 56
83 222 59
83 224 23
83 97 22
83 166 91
83 104 13
83 106 23
83 123 26
83 252 76
83 254 1
84 269 99
84 271 57
84 273 66
84 281 95
84 163 43
84 165 48
84 183 90
84 186 90
84 221 32
84 222 43
84 144 18
84 99 48
84 122 19
84 251 87
84 253 45
84 127 62
85 192 61
85 251 3
85 289 32
85 234 43
85 114 86
85 223 68
85 178 25
85 115 52
85 276 2
85 277 35
85 278 21
85 134 39
85 281 31
85 155 7
85 126 62
86 132 61
86 169 59
86 298 14
86 239 38
86 205 26
86 150 81
86 279 58
86 260 28
86 252 24
86 255 98
87 259 94
87 132 79
87 142 33
87 274 49
87 275 36
87 158 78
87 291 56
87 164 69
87 181 62
87 92 70
87 93 94
87 231 56
87 112 99
87 118 77
87 254 69
87 255 29
88 139 79
88 269 24
88 142 23
88 279 75
88 132 57
88 288 53
88 179 24
88 185 18
88 186 69
88 192 87
88 209 98
88 91 43
88 94 50
88 233 34
88 241 92
88 243 10
88 122 86
88 126 4
89 260 54
89 141 27
89 272 36
89 147 16
89 288 26
89 168 11
89 299 45
89 177 91
89 187 62
89 190 56
89 203 73
89 208 36
89 93 33
89 102 63
89 105 78
89 106 58
89 241 15
89 253 50
89 127 50
90 288 40
90 172 21
90 139 25
90 225 75
90 299 13
90 240 25
90 96 70
90 243 73
90 276 6
90 150 49
90 247 50
90 249 6
90 208 16
91 259 96
91 138 23
91 270 55
91 156 55
91 161 53
91 180 46
91 182 75
91 104 57
91 287 47
91 211 7
91 94 38
91 99 71
91 228 83
91 102 76
91 232 85
91 235 15
91 109 57
91 112 28
91 168 71
91 122 11
91 124 0
92 136 46
92 267 79
92 269 6
92 275 43
92 280 35
92 281 8
92 156 54
92 168 39
92 177 65
92 195 89
92 205 52
92 215 35
92 95 43
92 231 13
92 237 16
92 119 31
92 121 74
92 127 53
93 128 24
93 149 100
93 278 13
93 279 25
93 162 95
93 165 29
93 169 35
93 174 26
93 185 80
93 192 21
93 201 73
93 249 67
93 216 85
93 228 90
93 230 46
93 105 82
93 121 20
93 127 23
94 128 45
94 299 81
94 260 3
94 147 50
94 150 62
94 151 82
94 155 88
94 162 5
94 171 36
94 191 14
94 205 71
94 206 86
94 211 56
94 212 78
94 215 5
94 165 13
94 104 32
94 235 91
94 236 29
94 111 89
95 131 76
95 137 87
95 143 58
95 274 61
95 149 70
95 278 50
95 150 96
95 162 44
95 170 24
95 173 51
95 158 20
95 189 75
95 194 24
95 195 21
95 213 40
95 219 10
95 224 55
95 103 41
95 238 11
95 112 73
95 241 98
95 243 60
96 147 99
96 280 86
96 281 95
96 159 24
96 164 46
96 171 62
96 175 75
96 189 4
96 181 79
96 210 66
96 217 85
96 102 60
96 107 80
96 242 76
96 124 93
97 128 4
97 129 87
97 268 69
97 273 71
97 157 50
97 167 54
97 199 76
97 181 19
97 198 40
97 219 96
97 221 90
97 233 36
97 121 33
97 127 53
98 128 28
98 262 3
98 263 50
98 271 60
98 279 34
98 198 19
98 203 12
98 212 1
98 207 71
98 293 71
98 230 80
98 105 59
98 107 80
98 109 91
98 243 69
98 121 78
98 254 18
99 258 86
99 269 18
99 142 51
99 143 57
99 273 61
99 238 73
99 151 83
99 292 57
99 173 84
99 286 75
99 200 95
99 202 51
99 209 33
99 228 91
99 106 6
99 109 47
99 110 96
99 240 91
99 255 47
100 262 75
100 143 56
100 273 72
100 147 38
100 277 62
100 278 45
100 283 12
100 162 19
100 165 20
100 294 14
100 296 52
100 174 73
100 177 57
100 201 53
100 204 35
100 222 63
100 223 82
100 231 7
100 259 33
100 107 13
100 244 56
100 247 95
100 125 99
101 130 11
101 136 32
101 279 91
101 271 60
101 278 78
101 151 18
101 293 38
101 169 63
101 173 60
101 178 70
101 185 48
101 192 22
101 197 50
101 201 82
101 208 87
101 209 28
101 143 59
101 107 21
101 110 22
101 116 3
101 117 63
101 123 68
102 135 23
102 146 60
102 163 39
102 295 83
102 284 32
102 176 81
102 139 53
102 199 81
102 205 5
102 208 72
102 213 84
102 230 15
102 231 79
102 104 21
102 109 76
102 113 90
102 253 67
103 132 23
103 133 76
103 266 6
103 267 55
103 273 11
103 147 21
103 148 13
103 153 42
103 168 32
103 178 72
103 181 75
103 182 100
103 191 93
103 139 95
103 204 18
103 290 72
103 221 79
103 227 75
103 107 32
103 240 39
103 126 41
104 265 57
104 139 80
104 145 52
104 278 69
104 279 74
104 280 76
104 156 53
104 285 65
104 184 31
104 201 66
104 111 40
104 116 65
105 259 57
105 264 8
105 139 11
105 271 47
105 147 69
105 148 94
105 282 62
105 287 99
105 289 94
105 167 100
105 135 32
105 178 13
105 188 33
105 267 28
105 198 12
105 226 74
105 206 10
105 212 12
105 218 73
105 230 71
105 233 12
105 111 6
105 244 51
105 254 29
105 126 66
106 217 28
106 289 70
106 201 25
106 204 72
106 215 84
106 222 64
106 110 53
106 115 25
106 244 50
106 123 33
106 126 87
107 130 80
107 262 78
107 145 86
107 144 72
107 273 96
107 146 88
107 156 19
107 291 45
107 167 48
107 183 19
107 189 49
107 272 36
107 209 96
107 212 41
107 225 82
107 226 63
107 238 98
107 253 6
108 129 34
108 258 24
108 260 3
108 264 49
108 149 35
108 289 86
108 165 22
108 297 41
108 114 55
108 136 12
108 179 92
108 291 54
108 219 86
108 226 39
108 227 54
108 239 5
108 113 88
108 242 63
108 245 63
108 249 100
109 128 15
109 257 19
109 131 55
109 136 100
109 137 66
109 146 61
109 278 84
109 151 35
109 295 46
109 135 99
109 172 16
109 175 42
109 200 30
109 192 85
109 193 100
109 185 27
109 230 92
109 232 69
109 235 23
109 116 36
109 245 11
109 254 73
110 257 44
110 138 14
110 142 43
110 147 31
110 153 34
110 281 67
110 283 21
110 284 72
110 158 24
110 172 42
110 174 54
110 178 74
110 180 49
110 198 14
110 201 38
110 224 48
110 123 100
110 249 24
110 122 28
110 251 66
110 252 20
110 125 71
111 262 60
111 263 8
111 137 76
111 141 45
111 151 74
111 280 98
111 284 94
111 158 67
111 291 82
111 292 9
111 293 8
111 156 43
111 192 27
111 205 18
111 269 3
111 216 69
111 222 97
111 210 13
111 241 27
111 245 68
111 119 96
111 121 2
111 123 74
112 256 33
112 262 23
112 141 64
112 145 55
112 146 5
112 148 27
112 283 25
112 156 48
112 161 81
112 295 8
112 188 17
112 189 49
112 197 55
112 198 55
112 213 19
112 130 88
112 223 69
112 251 61
113 264 28
113 267 19
113 276 35
113 155 48
113 284 7
113 287 32
113 160 99
113 175 26
113 185 75
113 186 78
113 187 91
113 203 94
113 217 27
113 219 67
113 240 5
113 119 4
113 125 0
113 254 68
114 261 20
114 139 14
114 146 24
114 275 8
114 281 75
114 284 52
114 157 1
114 158 75
114 287 55
114 163 10
114 166 55
114 177 20
114 178 38
114 182 55
114 186 85
114 191 29
114 211 95
114 218 35
114 221 97
114 225 47
114 238 45
114 117 3
114 119 79
115 128 92
115 268 95
115 271 21
115 146 77
115 154 13
115 287 44
115 160 89
115 168 69
115 185 55
115 211 23
115 215 99
115 223 37
115 230 61
115 235 4
115 237 51
115 240 39
115 126 36
116 130 6
116 135 80
116 258 20
116 147 70
116 276 90
116 150 10
116 159 7
116 263 57
116 178 72
116 175 15
116 176 55
116 177 39
116 183 66
116 184 73
116 190 90
116 205 38
116 206 46
116 211 92
116 213 65
116 219 20
116 222 9
116 226 37
116 233 85
116 246 87
117 131 22
117 262 9
117 264 86
117 140 91
117 271 55
117 273 88
117 151 15
117 281 67
117 287 78
117 293 76
117 295 69
117 169 96
117 183 18
117 191 34
117 247 13
117 230 39
117 119 99
117 121 10
117 251 74
117 125 33
117 255 96
118 194 21
118 169 91
118 266 59
118 126 31
118 273 52
118 158 7
118 183 6
118 219 70
118 138 47
118 159 39
119 268 75
119 142 69
119 280 2
119 155 49
119 163 54
119 190 4
119 245 78
119 193 51
119 204 7
119 211 17
119 230 79
119 231 28
119 236 49
119 237 98
119 244 2
119 124 42
119 255 94
120 260 100
120 135 95
120 137 56
120 143 27
120 149 93
120 279 56
120 152 28
120 294 100
120 190 49
120 191 69
120 193 43
120 208 71
120 212 10
120 236 95
120 249 91
120 251 74
120 127 72
121 139 26
121 239 57
121 155 49
121 158 44
121 290 47
121 293 51
121 181 23
121 143 95
121 124 80
122 266 96
122 157 78
122 162 80
122 168 66
122 211 34
122 215 20
122 218 52
122 225 40
122 227 74
122 242 64
122 249 40
122 255 98
122 127 45
123 128 2
123 262 32
123 263 81
123 265 3
123 269 14
123 143 80
123 286 85
123 295 93
123 168 66
123 185 90
123 200 25
123 173 25
123 210 47
123 221 90
123 222 29
123 230 51
123 244 83
123 249 92
123 250 78
123 254 28
124 264 24
124 137 6
124 151 80
124 161 95
124 279 7
124 280 24
124 281 17
124 289 25
124 290 22
124 199 74
124 224 88
124 197 78
124 220 20
124 233 60
124 239 96
124 125 44
125 132 72
125 269 92
125 271 3
125 272 7
125 149 75
125 154 75
125 295 36
125 170 76
125 208 50
125 212 62
125 216 22
125 242 91
125 247 74
125 249 37
126 246 23
126 145 60
126 139 89
126 237 2
126 180 19
126 293 95
126 216 34
126 245 93
127 132 94
127 268 10
127 143 67
127 275 47
127 149 81
127 152 49
127 156 23
127 288 13
127 290 32
127 291 55
127 165 85
127 160 73
127 203 25
127 206 66
127 207 5
127 246 83
127 255 69
128 260 57
128 268 21
128 271 20
128 273 94
128 163 39
128 296 81
128 299 10
128 174 91
128 181 0
128 185 66
128 192 87
128 250 7
129 188 69
129 291 93
129 261 6
129 134 18
129 231 67
129 233 6
129 270 61
129 239 25
129 211 40
129 220 12
129 157 52
129 159 30
130 272 14
130 156 37
130 157 73
130 158 59
130 299 69
130 173 37
130 188 2
130 201 69
130 204 56
130 218 32
130 232 96
130 242 46
130 246 97
130 250 91
130 255 9
131 258 22
131 146 11
131 148 44
131 149 2
131 166 12
131 298 81
131 179 98
131 187 83
131 188 36
131 214 92
131 217 81
131 238 79
131 242 30
132 150 86
132 152 61
132 290 29
132 296 0
132 173 5
132 176 20
132 190 6
132 204 72
132 206 42
132 214 48
132 217 8
132 218 45
132 224 22
132 228 80
132 237 78
132 242 78
132 250 20
132 254 33
133 258 99
133 142 49
133 155 59
133 159 74
133 166 87
133 168 47
133 193 97
133 203 58
133 212 17
133 270 7
133 214 19
133 216 38
133 237 47
133 240 18
134 258 49
134 137 12
134 272 96
134 148 26
134 280 79
134 282 100
134 284 13
134 161 25
134 291 73
134 165 10
134 170 74
134 177 12
134 192 92
134 201 72
134 234 71
134 239 63
134 243 94
134 244 29
135 260 16
135 267 49
135 142 2
135 145 33
135 277 71
135 157 34
135 287 67
135 288 51
135 168 61
135 159 21
135 191 78
135 201 74
135 207 74
135 226 38
135 229 79
135 238 47
135 239 65
135 242 96
135 249 96
136 264 78
136 270 94
136 146 23
136 277 66
136 153 92
136 285 92
136 286 16
136 292 74
136 297 93
136 274 100
136 182 61
136 186 36
136 191 19
136 192 62
136 201 58
136 206 19
136 234 79
136 241 77
137 283 80
137 171 34
137 178 59
137 181 3
137 187 86
137 203 51
137 220 22
137 225 70
137 235 47
137 250 19
137 255 85
138 225 96
138 240 76
138 195 92
138 277 92
138 273 11
138 140 93
138 287 4
138 145 55
138 181 60
138 217 20
138 255 86
139 256 43
139 148 55
139 283 70
139 159 43
139 289 78
139 164 60
139 299 26
139 287 58
139 195 67
139 207 71
139 210 33
139 214 95
139 223 41
139 227 69
139 235 95
140 264 36
140 268 4
140 280 7
140 291 56
140 166 9
140 171 28
140 172 3
140 176 56
140 186 86
140 188 68
140 191 34
140 198 18
140 206 44
140 214 84
140 220 4
140 242 78
140 248 9
140 251 85
141 289 91
141 168 15
141 235 81
141 268 45
141 270 82
141 147 54
141 212 61
141 245 90
141 249 95
141 186 89
141 143 50
141 253 89
141 286 13
142 261 18
142 284 21
142 290 18
142 292 11
142 160 38
142 196 55
142 222 11
142 241 71
142 255 74
143 192 58
143 277 12
143 280 33
143 281 91
143 163 69
143 295 75
143 181 0
143 223 94
143 161 32
143 152 26
143 222 36
143 232 93
143 167 6
143 242 100
144 261 94
144 270 67
144 174 50
144 171 93
144 182 90
144 185 42
144 221 3
144 230 15
144 233 14
144 240 1
145 272 21
145 282 5
145 287 46
145 288 32
145 290 77
145 166 73
145 171 91
145 285 56
145 180 28
145 183 31
145 184 87
145 185 86
145 189 99
145 196 63
145 206 3
145 215 9
145 242 56
145 255 79
146 262 9
146 272 34
146 149 74
146 196 6
146 175 37
146 180 19
146 194 15
146 219 40
146 225 35
146 231 82
146 233 75
146 248 90
147 148 28
147 217 77
147 285 17
147 287 52
147 293 40
147 294 35
147 173 95
147 183 4
147 191 43
147 194 23
147 228 3
147 204 27
147 207 5
147 222 79
147 231 69
147 276 30
147 255 70
148 273 77
148 155 65
148 157 85
148 291 94
148 170 78
148 190 7
148 195 84
148 199 90
148 214 46
148 215 29
148 182 34
148 227 33
148 253 34
148 243 25
148 298 34
149 152 88
149 295 5
149 202 88
149 214 20
149 216 33
149 228 72
149 230 91
149 232 26
149 234 11
149 235 54
150 258 48
150 266 90
150 280 72
150 158 36
150 295 20
150 168 41
150 298 80
150 184 5
150 185 6
150 195 16
150 221 83
150 234 59
150 237 0
150 238 7
150 241 12
151 156 81
151 163 73
151 164 60
151 295 78
151 198 27
151 206 42
151 224 16
151 227 48
151 229 49
151 231 38
151 236 79
151 213 100
152 270 99
152 284 11
152 163 35
152 292 58
152 197 84
152 198 87
152 203 99
152 206 25
152 220 21
152 227 61
152 233 11
152 245 13
153 293 68
153 241 56
153 204 6
153 269 60
153 176 62
153 273 61
153 164 2
153 154 43
154 156 37
154 287 95
154 294 65
154 299 8
154 174 39
154 184 76
154 190 48
154 197 18
154 202 88
154 203 41
154 162 70
154 209 98
154 244 45
154 252 78
154 254 51
155 256 99
155 258 12
155 273 84
155 286 85
155 164 62
155 298 66
155 175 73
155 196 34
155 208 19
155 210 23
155 227 46
155 229 79
155 235 85
155 242 14
156 259 85
156 260 7
156 272 36
156 273 62
156 285 78
156 289 59
156 167 76
156 187 32
156 190 88
156 208 72
156 209 47
156 211 63
156 222 90
156 230 25
156 245 18
157 266 63
157 279 72
157 194 10
157 277 21
157 285 76
157 288 9
157 242 92
157 178 79
157 182 17
157 202 41
157 201 71
157 209 35
157 211 19
157 217 77
157 222 34
157 244 39
157 276 90
158 262 18
158 290 38
158 172 84
158 185 62
158 207 62
158 211 52
158 214 9
158 231 78
158 234 89
158 237 4
158 240 31
158 246 14
158 250 13
159 256 48
159 267 81
159 281 66
159 286 6
159 296 47
159 257 59
159 193 62
159 194 8
159 211 10
159 206 7
159 248 44
160 289 63
160 162 7
160 275 36
160 261 70
160 199 44
160 298 11
160 206 97
160 276 96
161 257 34
161 272 16
161 284 95
161 162 32
161 164 9
161 165 61
161 294 2
161 181 4
161 191 83
161 195 40
161 196 42
161 208 93
161 292 79
161 219 83
161 230 50
161 233 12
161 238 98
162 269 28
162 273 83
162 275 46
162 286 75
162 164 9
162 221 79
162 177 12
162 180 34
162 287 93
162 197 34
162 205 91
162 219 24
162 240 47
162 251 19
163 256 41
163 168 57
163 170 32
163 185 0
163 207 6
163 227 95
163 236 98
163 243 67
164 261 15
164 291 38
164 167 44
164 175 59
164 183 67
164 215 59
164 204 92
164 206 73
164 229 73
164 209 92
164 255 92
165 261 85
165 275 83
165 282 15
165 293 60
165 167 93
165 221 76
165 198 0
165 210 86
165 252 30
166 272 26
166 280 56
166 287 19
166 293 2
166 185 50
166 187 82
166 189 43
166 190 73
166 193 32
166 200 22
166 201 54
166 209 29
166 223 97
166 225 28
166 210 96
166 241 4
166 246 74
167 264 93
167 294 72
167 168 24
167 183 44
167 190 42
167 204 3
167 207 84
167 208 13
167 220 80
167 236 90
168 286 94
168 176 49
168 219 26
168 199 45
168 210 59
168 223 92
168 225 91
168 237 19
168 244 31
168 246 23
168 248 12
168 250 29
168 253 87
169 229 7
169 201 89
169 197 99
169 221 94
169 271 31
169 285 47
169 261 97
170 193 44
170 232 29
170 299 15
170 296 88
170 223 21
170 271 83
170 211 65
170 181 41
170 216 33
170 295 20
170 287 52
171 258 64
171 260 4
171 284 21
171 172 87
171 192 31
171 202 3
171 212 48
171 232 94
171 235 30
171 251 90
172 284 86
172 288 62
172 295 10
172 180 47
172 185 66
172 193 28
172 200 0
172 212 81
172 230 20
172 255 74
173 257 88
173 181 59
173 192 70
173 237 41
173 176 89
173 210 47
173 297 76
173 216 46
173 187 28
174 257 49
174 266 59
174 267 80
174 272 24
174 273 92
174 279 85
174 293 58
174 294 92
174 298 81
174 176 50
174 187 24
174 201 32
174 211 77
174 217 76
174 223 19
174 230 30
174 247 96
175 263 88
175 286 79
175 288 80
175 197 25
175 291 67
175 181 25
175 267 88
175 229 90
175 237 86
175 247 69
175 254 9
175 255 37
176 259 37
176 261 17
176 271 24
176 294 55
176 181 19
176 185 84
176 189 50
176 207 19
176 210 1
176 241 18
176 248 100
177 179 77
177 183 80
177 186 75
177 196 78
177 208 62
177 216 1
177 219 36
177 223 11
177 244 17
178 261 0
178 262 71
178 273 14
178 282 72
178 287 90
178 296 60
178 180 86
178 181 49
178 209 87
178 216 100
178 243 27
178 254 25
179 232 88
179 269 61
179 270 91
179 275 69
179 254 48
180 262 33
180 201 21
180 234 34
180 235 70
180 294 18
180 275 17
180 244 71
180 297 64
180 187 35
181 283 1
181 187 31
181 193 80
181 206 69
181 217 53
181 236 67
182 264 9
182 285 58
182 292 59
182 242 5
182 201 95
182 220 32
182 226 45
182 247 58
182 252 32
183 275 81
183 281 33
183 287 60
183 296 32
183 184 25
183 236 83
183 252 60
184 265 96
184 275 59
184 280 18
184 290 38
184 296 75
184 297 45
184 202 35
184 215 44
184 224 45
184 188 20
184 250 28
185 256 17
185 267 37
185 276 39
185 283 26
185 285 41
185 288 56
185 193 66
185 199 97
185 212 46
185 236 85
186 225 72
186 296 87
186 243 75
186 214 76
186 218 75
187 260 35
187 292 44
187 295 47
187 201 39
187 215 65
187 218 66
187 233 57
187 238 11
187 240 17
187 242 4
187 241 42
188 227 35
188 261 89
188 203 9
188 258 45
188 291 2
188 207 60
188 210 64
188 270 37
188 252 32
189 262 94
189 266 67
189 259 56
189 282 28
189 286 95
189 289 44
189 204 100
189 207 70
189 231 1
189 247 11
189 249 57
190 269 13
190 299 84
190 287 66
190 291 72
190 197 24
190 207 86
190 217 4
190 295 17
190 245 96
190 246 89
190 253 56
191 264 56
191 263 61
191 198 23
191 217 27
191 220 58
191 228 21
192 272 7
192 298 40
192 207 42
192 215 16
192 219 15
192 243 38
192 254 13
192 255 0
193 256 62
193 268 39
193 237 43
193 272 42
193 276 94
193 260 33
193 297 36
193 203 2
193 204 76
193 213 2
193 221 75
193 222 47
193 227 26
193 231 40
193 243 14
193 253 32
194 253 33
194 266 77
194 235 96
194 226 58
194 207 7
194 212 98
194 213 78
194 279 20
194 248 85
194 249 48
195 262 18
195 226 47
195 216 9
195 283 39
196 259 59
196 277 89
196 278 96
196 288 95
196 293 37
196 229 33
196 236 30
196 252 98
197 257 82
197 260 41
197 262 95
197 268 66
197 213 80
197 229 85
197 236 78
197 239 79
198 284 39
198 285 59
198 294 61
198 298 16
198 224 0
198 230 6
198 234 25
198 239 47
199 260 74
199 266 30
199 281 35
199 282 94
199 299 79
199 202 48
199 203 31
199 224 2
199 236 52
199 247 68
199 298 87
199 254 31
200 261 10
200 270 73
200 282 74
200 205 2
200 210 13
200 220 15
200 235 27
200 236 69
200 243 95
200 246 90
200 252 52
200 255 59
201 278 68
201 288 98
201 205 86
201 208 73
201 215 84
201 217 16
201 218 72
201 221 66
201 231 39
201 237 10
201 239 10
202 261 96
202 265 69
202 279 71
202 288 37
202 289 85
202 290 4
202 295 37
202 209 59
202 211 72
202 213 71
202 224 15
202 231 22
202 246 92
203 258 84
203 264 27
203 267 70
203 275 12
203 282 43
203 290 57
203 241 31
203 298 16
203 220 91
203 229 47
203 232 49
204 274 90
204 207 3
204 216 15
204 217 61
204 227 33
204 295 39
204 240 73
205 259 7
205 265 22
205 266 44
205 239 14
205 292 35
205 224 99
205 231 27
205 235 66
205 236 75
205 243 80
205 253 34
206 268 75
206 292 24
206 208 59
206 221 44
206 225 17
206 230 15
206 232 82
206 234 66
206 255 35
206 252 90
207 256 29
207 277 46
207 295 86
207 210 87
207 212 74
207 228 45
207 238 32
207 245 97
208 269 68
208 271 88
208 279 43
208 282 44
208 286 88
208 292 22
208 293 78
208 294 32
208 228 12
208 239 29
209 267 7
209 271 32
209 216 64
209 274 12
209 275 20
209 296 99
209 298 31
209 217 96
209 234 69
209 242 47
209 246 87
209 247 86
210 274 69
210 276 97
210 279 3
210 286 48
210 218 55
210 226 8
210 229 3
210 232 16
210 237 86
210 240 87
210 247 31
211 265 30
211 231 35
211 235 37
211 237 31
211 255 98
212 266 91
212 282 34
212 292 84
212 214 50
212 246 48
213 273 83
213 274 82
213 277 68
213 280 88
213 286 9
213 293 54
213 223 32
213 227 85
213 231 41
213 243 42
214 265 86
214 277 38
214 279 100
214 261 84
214 297 67
214 216 96
214 231 89
214 242 46
214 251 21
215 257 11
215 297 94
215 216 10
215 217 74
215 219 66
215 231 4
215 244 16
215 249 26
215 250 89
216 256 6
216 267 13
216 285 67
216 287 28
216 229 64
216 237 89
216 245 50
216 246 86
217 257 29
217 259 84
217 273 69
217 296 77
217 298 27
217 226 26
217 229 35
217 231 25
217 235 83
217 255 18
218 235 56
218 239 100
218 252 64
218 287 27
219 275 14
219 284 49
219 293 69
219 299 71
219 230 14
220 266 62
220 273 75
220 285 97
220 297 48
220 236 16
220 238 58
220 239 54
221 270 15
221 271 6
221 279 23
221 293 49
221 222 4
221 228 69
222 257 42
222 259 75
222 262 19
222 299 84
222 225 27
222 230 49
222 245 30
222 250 16
223 257 14
223 299 76
223 260 16
223 290 78
223 295 53
223 228 18
223 271 8
223 233 29
223 239 66
224 266 8
224 272 89
224 274 93
224 288 65
224 295 13
224 298 30
224 243 99
224 255 8
225 258 38
225 262 17
225 270 48
225 271 42
225 292 66
225 229 14
225 298 17
226 256 39
226 251 69
227 260 57
227 240 35
227 243 27
228 270 56
228 272 11
228 277 20
228 293 89
228 237 12
228 240 94
229 264 35
229 268 78
229 269 77
229 277 95
229 288 50
229 290 20
229 293 71
229 296 67
229 244 79
229 245 2
229 251 51
229 254 45
230 280 94
230 298 28
230 242 68
230 252 85
230 254 16
231 268 30
231 278 52
231 297 65
231 299 23
231 243 63
231 275 99
231 244 4
231 251 33
232 270 5
232 275 97
232 235 19
232 238 58
232 248 79
232 251 32
232 298 76
232 254 41
232 277 65
233 260 54
233 287 32
233 288 92
233 238 33
234 268 21
234 279 48
234 285 9
234 237 87
235 237 55
235 293 54
235 294 62
235 246 8
235 254 85
236 257 8
236 262 96
236 265 2
236 292 54
236 298 90
236 237 48
236 251 25
237 257 14
237 261 87
237 266 60
237 279 50
237 288 6
238 257 2
238 271 90
238 295 89
238 284 53
238 298 1
238 239 12
238 253 5
239 256 43
239 274 50
239 283 57
239 286 3
239 293 93
239 241 53
240 256 0
240 269 35
240 254 7
241 274 74
241 282 61
241 291 100
241 297 31
242 256 7
242 265 57
242 299 85
242 244 65
243 258 65
243 262 61
243 246 75
244 274 72
244 282 1
244 247 57
244 252 80
244 253 3
244 254 100
245 256 13
245 257 59
245 259 77
245 282 19
245 289 63
245 250 47
246 257 79
246 259 17
246 283 23
246 286 60
246 290 60
246 291 52
246 255 25
247 257 84
247 262 18
247 286 45
247 293 28
247 299 82
247 253 29
248 299 88
248 263 85
248 264 66
248 249 90
249 292 48
249 264 0
250 265 64
250 267 0
250 270 53
250 274 63
250 275 37
250 279 85
250 298 51
250 296 55
251 278 74
251 280 2
251 292 89
252 292 60
253 258 65
253 260 25
253 274 50
253 276 14
253 282 40
253 287 0
253 290 57
254 262 98
254 266 79
254 273 61
254 283 85
255 260 82
255 277 4
255 278 61
256 267 9
256 293 57
257 289 36
257 292 52
258 260 56
258 270 26
258 273 31
259 272 64
259 284 22
259 270 80
260 264 66
260 274 76
260 279 72
260 281 94
260 283 32
262 272 4
262 277 78
262 280 79
263 274 9
263 287 55
264 288 85
265 291 96
265 292 97
265 285 70
265 277 75
266 272 37
266 279 29
266 283 36
266 286 25
266 292 86
266 293 57
267 278 61
267 282 34
267 298 52
268 278 48
268 287 4
268 298 75
269 275 61
269 285 34
269 286 66
269 294 47
270 272 21
270 296 69
272 297 100
273 275 23
273 285 87
273 292 27
274 289 57
275 280 50
275 288 19
277 299 31
278 286 14
278 287 45
278 295 90
279 280 7
279 287 19
279 292 42
279 297 26
280 282 25
280 296 19
280 298 19
281 299 59
284 292 3
286 288 8
286 291 26
286 292 75
286 298 100
286 299 88
288 299 19
290 296 95
294 296 87
295 297 44
