300 4000
0 257 57
0 2 93
0 260 88
0 262 62
0 137 73
0 270 84
0 15 99
0 276 1
0 265 51
0 34 98
0 294 5
0 296 97
0 45 18
0 176 29
0 49 25
0 52 56
0 9 71
0 185 7
0 199 20
0 75 80
0 290 25
0 210 32
0 216 28
0 95 84
0 101 56
0 110 87
0 240 89
0 245 50
0 38 35
1 129 3
1 259 66
1 138 75
1 143 51
1 148 3
1 149 95
1 278 0
1 69 1
1 40 38
1 44 87
1 45 83
1 47 8
1 181 18
1 186 34
1 31 13
1 68 45
1 197 34
1 71 42
1 74 74
1 207 2
1 86 58
1 216 0
1 271 17
1 122 53
1 222 64
1 223 26
1 226 37
1 231 62
1 242 71
1 250 12
1 124 17
2 128 90
2 3 70
2 4 16
2 269 77
2 270 29
2 20 5
2 151 9
2 25 71
2 154 39
2 28 77
2 158 86
2 289 47
2 46 15
2 55 18
2 161 71
2 72 93
2 209 69
2 84 18
2 88 67
2 91 55
2 223 59
2 97 26
2 103 27
2 234 0
2 110 75
2 241 29
3 261 2
3 193 1
3 264 61
3 9 73
3 138 63
3 139 26
3 271 33
3 273 27
3 147 66
3 20 49
3 34 78
3 163 91
3 41 26
3 180 67
3 184 63
3 60 57
3 65 9
3 72 66
3 201 35
3 203 31
3 77 55
3 79 14
3 81 18
3 87 23
3 96 94
3 100 57
3 102 98
3 232 93
3 112 59
3 120 92
4 129 79
4 6 5
4 20 86
4 21 46
4 26 97
4 158 72
4 160 98
4 290 0
4 169 89
4 171 51
4 44 89
4 30 1
4 192 31
4 195 97
4 199 69
4 75 80
4 76 5
4 81 46
4 210 63
4 219 89
4 226 81
4 99 95
4 107 63
4 241 37
4 246 84
5 128 5
5 129 49
5 258 67
5 109 96
5 23 78
5 28 96
5 290 92
5 40 30
5 50 51
5 52 54
5 56 44
5 197 71
5 202 93
5 79 17
5 213 29
5 88 36
5 15 85
5 95 3
5 101 23
5 236 14
5 237 62
5 254 30
6 134 84
6 137 67
6 141 87
6 270 65
6 15 43
6 148 42
6 196 56
6 282 37
6 248 94
6 158 16
6 37 90
6 39 30
6 45 90
6 176 92
6 183 84
6 191 61
6 195 50
6 68 89
6 199 78
6 201 65
6 205 0
6 81 51
6 240 68
6 113 100
6 115 60
6 120 13
6 122 87
6 126 17
7 261 78
7 262 32
7 137 73
7 138 12
7 273 87
7 276 27
7 238 23
7 31 40
7 291 84
7 38 79
7 172 99
7 174 82
7 181 43
7 203 23
7 210 77
7 212 6
7 85 10
7 87 29
7 218 30
7 228 53
7 231 42
7 105 80
7 110 11
7 112 21
7 252 97
8 224 57
8 64 85
8 162 3
8 130 56
8 193 16
8 136 11
8 236 26
8 173 74
8 174 55
8 24 77
8 272 15
8 113 91
8 179 98
8 180 89
8 142 78
8 214 13
8 120 56
8 60 72
8 257 98
8 254 5
8 159 63
9 257 92
9 10 22
9 152 68
9 27 38
9 285 97
9 159 46
9 162 72
9 164 26
9 38 35
9 168 63
9 297 27
9 175 99
9 58 48
9 266 22
9 70 4
9 72 54
9 77 50
9 212 69
9 87 43
9 92 13
9 224 80
9 100 5
9 101 26
9 230 85
9 234 53
9 110 42
9 246 99
9 248 8
9 125 5
9 255 100
10 266 40
10 270 49
10 271 9
10 145 54
10 147 27
10 150 21
10 152 10
10 286 59
10 160 91
10 34 49
10 166 19
10 39 32
10 45 54
10 51 65
10 62 4
10 206 18
10 209 64
10 227 21
10 249 3
10 219 15
10 92 41
10 250 47
10 95 78
10 99 7
10 106 100
10 242 100
10 118 81
10 119 78
10 121 50
10 122 92
10 255 82
11 132 45
11 134 15
11 270 1
11 271 72
11 146 47
11 278 68
11 39 46
11 168 35
11 299 33
11 176 31
11 178 63
11 180 39
11 57 93
11 62 65
11 296 94
11 196 17
11 78 86
11 207 7
11 84 37
11 214 54
11 226 42
11 110 90
11 111 23
11 113 88
11 117 91
11 249 81
11 124 91
11 253 3
11 127 13
12 132 2
12 270 48
12 17 34
12 18 61
12 25 22
12 281 8
12 157 62
12 289 48
12 290 92
12 37 81
12 166 96
12 167 20
12 44 74
12 177 81
12 179 99
12 53 73
12 188 54
12 65 51
12 194 95
12 197 42
12 204 74
12 208 4
12 213 82
12 86 93
12 87 52
12 80 86
12 229 16
12 234 77
12 39 13
12 110 17
12 120 84
12 249 52
13 14 59
13 143 56
13 273 0
13 279 69
13 153 33
13 31 41
13 33 62
13 291 89
13 167 69
13 168 62
13 299 41
13 173 59
13 175 57
13 177 88
13 50 24
13 183 42
13 185 15
13 187 19
13 62 82
13 196 50
13 202 100
13 78 98
13 84 72
13 215 74
13 236 75
13 237 13
13 243 92
13 118 35
13 251 25
14 135 71
14 136 80
14 138 82
14 272 11
14 281 11
14 285 69
14 48 58
14 290 68
14 37 71
14 39 3
14 298 75
14 172 23
14 176 46
14 65 54
14 67 79
14 196 83
14 204 65
14 87 30
14 98 58
14 229 66
14 127 23
15 260 92
15 133 89
15 139 95
15 18 66
15 25 46
15 159 21
15 44 7
15 175 33
15 52 47
15 183 83
15 184 88
15 185 95
15 186 32
15 31 46
15 194 98
15 78 12
15 212 8
15 206 81
15 221 6
15 98 36
15 102 12
15 234 97
15 107 72
15 109 100
15 120 40
15 253 88
15 254 84
16 261 46
16 264 23
16 265 71
16 267 29
16 143 99
16 147 1
16 152 13
16 159 32
16 163 42
16 164 43
16 170 61
16 45 52
16 47 82
16 136 14
16 183 89
16 188 19
16 192 73
16 199 86
16 201 74
16 81 16
16 82 25
16 84 68
16 292 70
16 271 21
16 92 0
16 101 97
16 236 12
16 238 91
16 117 20
16 252 14
17 128 93
17 258 45
17 139 99
17 143 54
17 151 87
17 26 24
17 155 1
17 160 15
17 161 72
17 163 95
17 41 27
17 175 64
17 65 15
17 267 43
17 70 9
17 199 16
17 81 22
17 237 15
17 213 99
17 219 53
17 106 33
17 108 54
17 109 85
17 240 61
17 248 85
18 144 40
18 274 33
18 294 63
18 167 65
18 47 37
18 52 10
18 55 12
18 58 52
18 60 22
18 62 42
18 195 40
18 196 53
18 87 82
18 90 52
18 226 1
18 231 79
18 106 29
18 107 59
18 246 83
18 249 33
18 251 39
18 252 95
19 259 36
19 134 15
19 138 37
19 274 37
19 131 70
19 149 35
19 150 58
19 90 48
19 289 29
19 34 50
19 35 37
19 293 87
19 171 25
19 179 73
19 187 52
19 66 84
19 80 92
19 209 48
19 210 20
19 291 88
19 213 94
19 217 86
19 218 47
19 96 47
19 225 94
19 234 70
19 107 77
19 111 55
20 261 60
20 138 24
20 270 53
20 21 97
20 280 30
20 132 24
20 37 9
20 171 94
20 221 47
20 179 78
20 188 51
20 266 9
20 191 80
20 64 49
20 197 3
20 80 92
20 218 21
20 93 21
20 101 20
20 225 6
20 100 35
20 229 48
20 231 23
20 103 61
20 243 52
20 245 29
20 119 89
20 249 5
20 63 69
21 259 44
21 135 14
21 265 65
21 23 13
21 282 50
21 155 93
21 156 7
21 166 14
21 299 95
21 183 94
21 189 54
21 63 38
21 199 41
21 208 64
21 84 77
21 87 88
21 89 22
21 222 36
21 95 8
21 224 4
21 98 14
21 103 87
21 244 97
21 119 94
21 126 98
22 131 54
22 261 36
22 266 99
22 268 69
22 269 9
22 276 22
22 23 46
22 25 27
22 155 3
22 289 86
22 165 67
22 52 10
22 193 62
22 72 60
22 205 93
22 141 17
22 82 57
22 86 52
22 216 95
22 98 48
22 227 17
22 228 39
22 230 23
22 102 28
22 103 83
22 234 68
22 242 76
22 249 100
22 122 2
22 127 39
23 256 5
23 142 65
23 145 66
23 151 54
23 283 68
23 33 10
23 27 47
23 39 73
23 296 21
23 41 56
23 299 24
23 180 85
23 181 92
23 182 87
23 56 67
23 191 85
23 66 33
23 195 52
23 203 75
23 78 67
23 209 30
23 214 70
23 90 70
23 93 39
23 95 95
23 105 5
23 236 98
23 240 65
23 245 73
23 126 74
23 255 13
24 227 86
24 164 46
24 230 87
24 134 0
24 169 23
24 74 88
24 107 15
24 219 77
24 182 70
24 111 67
24 280 45
24 155 93
24 203 4
24 120 51
24 123 72
24 92 72
24 30 36
24 191 92
25 130 12
25 266 15
25 278 33
25 26 49
25 286 33
25 133 71
25 290 31
25 163 13
25 164 28
25 166 97
25 170 43
25 46 37
25 53 68
25 56 66
25 58 10
25 199 78
25 34 47
25 207 11
25 87 90
25 94 53
25 98 45
25 103 19
25 232 100
25 244 25
25 119 19
25 121 8
25 126 94
26 259 23
26 277 99
26 161 50
26 34 40
26 49 68
26 50 85
26 52 32
26 182 8
26 55 6
26 57 78
26 187 57
26 60 98
26 63 2
26 67 41
26 196 72
26 198 98
26 205 12
26 83 76
26 84 93
26 85 71
26 94 22
26 59 75
26 246 71
26 249 37
26 251 81
26 252 59
27 192 14
27 84 22
27 283 79
27 260 3
27 266 52
27 235 60
27 140 79
27 143 36
27 60 5
27 147 81
27 215 57
27 88 5
27 57 48
27 91 24
27 28 72
27 253 5
27 30 93
28 138 82
28 267 25
28 145 79
28 279 48
28 33 24
28 162 97
28 163 54
28 295 55
28 45 66
28 175 1
28 176 94
28 63 45
28 67 74
28 202 15
28 213 29
28 215 13
28 88 80
28 223 99
28 110 21
28 113 94
28 120 42
28 249 6
28 250 6
29 129 84
29 43 6
29 138 77
29 142 20
29 278 71
29 157 13
29 287 48
29 288 3
29 291 82
29 294 0
29 168 64
29 299 76
29 44 35
29 266 62
29 191 40
29 192 98
29 65 66
29 196 51
29 198 72
29 71 81
29 73 97
29 247 9
29 76 29
29 83 48
29 119 88
29 125 57
29 127 97
30 140 84
30 141 17
30 277 42
30 282 12
30 156 43
30 158 91
30 43 43
30 172 14
30 179 38
30 186 41
30 187 27
30 189 26
30 62 37
30 191 32
30 192 60
30 193 63
30 216 74
30 219 17
30 92 46
30 232 64
30 113 43
30 243 36
30 118 70
30 250 9
31 129 7
31 258 42
31 278 79
31 136 15
31 137 56
31 268 46
31 239 37
31 150 79
31 151 0
31 152 18
31 155 56
31 283 83
31 171 99
31 264 94
31 181 18
31 184 14
31 185 36
31 59 10
31 61 78
31 193 40
31 203 11
31 74 11
31 119 40
31 210 79
31 227 94
31 213 37
31 217 84
31 98 48
31 99 21
31 231 94
31 105 57
31 111 74
31 114 77
31 116 26
31 247 11
31 250 50
31 125 51
32 132 61
32 268 5
32 280 92
32 176 45
32 163 76
32 170 60
32 299 95
32 44 51
32 47 81
32 48 41
32 49 36
32 193 75
32 198 3
32 200 93
32 73 15
32 202 15
32 203 31
32 204 93
32 214 96
32 218 55
32 98 64
32 104 8
32 233 100
32 237 23
32 115 73
32 121 78
32 253 98
32 127 39
33 138 57
33 215 71
33 194 32
33 144 10
33 145 21
33 282 9
33 283 92
33 154 77
33 288 14
33 50 86
33 178 76
33 51 63
33 54 58
33 57 86
33 266 36
33 117 33
33 66 87
33 200 30
33 75 87
33 87 73
33 90 25
33 122 22
33 99 82
33 228 22
33 233 58
33 191 98
33 245 72
33 105 94
33 250 57
33 251 14
33 125 35
34 135 26
34 136 92
34 140 25
34 141 100
34 150 21
34 283 62
34 284 52
34 158 59
34 289 26
34 36 47
34 40 20
34 172 50
34 50 59
34 184 86
34 188 62
34 161 39
34 206 14
34 79 89
34 86 63
34 222 62
34 96 76
34 101 29
34 109 38
34 246 18
34 123 41
35 135 14
35 268 9
35 149 17
35 279 8
35 155 45
35 159 81
35 163 55
35 292 87
35 296 4
35 44 5
35 91 51
35 188 82
35 197 80
35 87 39
35 216 46
35 219 52
35 229 12
35 233 94
35 106 93
35 236 52
35 118 6
35 123 81
35 254 31
36 256 38
36 131 37
36 267 37
36 271 86
36 144 15
36 274 47
36 147 3
36 149 23
36 153 81
36 281 73
36 154 84
36 167 7
36 296 66
36 53 9
36 185 98
36 203 53
36 207 51
36 81 96
36 211 80
36 90 66
36 112 68
36 245 54
36 254 5
37 96 51
37 225 37
37 130 37
37 164 37
37 49 22
37 200 33
37 108 19
37 162 77
37 177 68
37 257 0
37 243 96
37 113 14
37 120 8
37 84 84
37 155 96
37 221 82
37 255 62
38 224 42
38 193 25
38 66 25
38 131 62
38 69 14
38 233 68
38 138 24
38 299 23
38 161 71
38 239 80
38 113 89
38 115 11
38 149 81
38 218 11
38 187 6
38 190 67
38 159 38
39 131 58
39 194 70
39 275 75
39 276 87
39 278 23
39 152 42
39 159 60
39 164 73
39 165 55
39 64 15
39 66 56
39 199 99
39 83 75
39 85 0
39 215 76
39 89 17
39 90 88
39 219 81
39 223 95
39 113 32
39 123 68
40 130 1
40 264 97
40 44 77
40 269 58
40 272 76
40 278 50
40 158 21
40 163 24
40 171 70
40 172 58
40 175 93
40 182 36
40 63 59
40 196 50
40 71 39
40 95 10
40 224 8
40 226 100
40 227 27
40 228 64
40 245 63
40 253 97
41 258 43
41 271 64
41 148 39
41 278 76
41 287 29
41 293 1
41 50 55
41 94 0
41 182 47
41 53 50
41 75 79
41 88 97
41 222 99
41 101 53
41 103 100
41 232 36
41 110 98
41 241 73
41 245 50
41 119 76
41 248 71
41 124 57
41 254 38
42 136 50
42 172 2
42 143 71
42 277 17
42 150 52
42 152 83
42 164 56
42 166 54
42 297 67
42 44 5
42 173 46
42 49 89
42 194 32
42 77 88
42 81 13
42 214 69
42 87 76
42 217 42
42 223 88
42 226 88
42 227 85
42 228 19
42 108 73
42 237 8
42 248 2
42 250 90
42 127 70
43 259 29
43 88 23
43 275 92
43 276 18
43 149 34
43 152 11
43 292 39
43 170 64
43 45 30
43 180 70
43 191 92
43 64 48
43 65 22
43 70 52
43 75 71
43 205 22
43 206 98
43 80 8
43 212 49
43 213 3
43 215 33
43 216 16
43 218 16
43 220 42
43 93 20
43 208 40
43 100 43
43 148 85
43 127 28
44 131 16
44 135 8
44 144 81
44 275 96
44 155 83
44 157 23
44 289 99
44 163 42
44 164 97
44 167 87
44 174 51
44 175 55
44 63 98
44 65 86
44 194 46
44 68 31
44 77 23
44 209 83
44 291 90
44 85 11
44 227 77
44 294 74
44 231 66
44 238 67
44 115 30
44 244 28
44 245 27
44 254 82
45 258 94
45 262 21
45 135 91
45 268 4
45 145 10
45 158 53
45 288 21
45 292 38
45 48 58
45 177 26
45 128 87
45 188 68
45 73 37
45 88 93
45 218 73
45 219 23
45 96 98
45 227 3
45 228 21
45 103 95
45 106 98
45 237 47
45 238 7
45 240 50
46 269 61
46 271 36
46 111 100
46 161 77
46 48 34
46 178 6
46 57 17
46 189 79
46 192 33
46 193 86
46 197 96
46 71 89
46 208 98
46 220 96
46 221 69
46 229 97
46 110 37
46 239 21
46 116 54
46 249 45
47 134 61
47 136 63
47 269 23
47 275 13
47 148 1
47 149 17
47 294 74
47 299 73
47 176 76
47 50 15
47 192 25
47 74 39
47 211 3
47 213 34
47 216 22
47 225 56
47 229 3
47 233 42
47 113 66
47 243 78
48 260 25
48 261 33
48 142 48
48 272 47
48 156 92
48 284 16
48 221 11
48 115 83
48 180 43
48 61 74
48 65 52
48 196 25
48 199 15
48 200 21
48 80 91
48 212 59
48 91 17
48 93 70
48 243 42
48 123 59
48 127 42
49 257 62
49 131 66
49 141 97
49 277 90
49 283 6
49 154 61
49 297 100
49 51 78
49 54 31
49 66 27
49 70 48
49 202 51
49 207 27
49 82 95
49 211 0
49 86 43
49 87 57
49 91 70
49 94 69
49 98 37
49 227 17
49 101 67
49 246 63
49 251 2
50 267 80
50 144 22
50 285 44
50 55 28
50 59 77
50 192 5
50 67 14
50 70 31
50 209 32
50 85 17
50 216 2
50 220 29
50 93 17
50 119 36
50 121 40
50 250 13
50 125 10
50 254 17
51 194 67
51 299 3
51 81 43
51 257 24
51 296 10
51 167 28
51 171 54
51 274 31
51 79 88
51 271 82
51 221 85
51 141 97
51 247 80
51 87 25
51 123 86
51 60 18
51 189 90
51 65 11
52 136 70
52 265 38
52 277 14
52 278 69
52 279 98
52 294 17
52 181 47
52 54 52
52 55 35
52 57 69
52 60 3
52 192 37
52 73 40
52 183 3
52 207 51
52 224 8
52 99 24
52 235 36
52 237 40
52 241 67
52 114 61
52 120 67
52 121 69
53 270 99
53 277 82
53 153 68
53 285 94
53 159 86
53 289 70
53 297 8
53 173 10
53 62 29
53 64 61
53 66 60
53 161 97
53 72 50
53 211 10
53 212 40
53 239 31
53 114 89
53 117 24
53 122 97
54 131 94
54 136 73
54 142 57
54 281 60
54 283 30
54 294 91
54 296 9
54 221 76
54 180 89
54 183 40
54 201 77
54 211 68
54 212 1
54 213 91
54 86 11
54 121 36
54 89 25
54 90 7
54 93 89
54 100 20
54 103 63
54 231 70
54 110 86
54 117 55
54 246 39
54 120 20
54 249 63
55 128 93
55 130 62
55 142 66
55 149 57
55 150 60
55 279 90
55 60 78
55 189 97
55 69 41
55 199 1
55 78 21
55 214 27
55 218 69
55 99 73
55 232 6
55 236 91
55 146 5
55 240 23
55 241 35
56 265 27
56 270 60
56 144 41
56 275 22
56 149 20
56 278 34
56 286 53
56 133 65
56 292 22
56 296 8
56 298 88
56 182 13
56 184 54
56 68 70
56 209 14
56 231 58
56 236 10
56 112 39
56 251 18
56 254 66
57 261 46
57 268 48
57 276 99
57 284 61
57 154 36
57 291 65
57 293 11
57 181 63
57 189 53
57 190 57
57 73 40
57 202 26
57 83 43
57 213 74
57 96 90
57 99 2
57 242 97
57 118 5
57 120 90
57 125 13
57 126 37
58 130 47
58 143 30
58 149 48
58 278 84
58 154 97
58 166 20
58 182 21
58 186 41
58 60 1
58 64 27
58 209 37
58 82 51
58 86 87
58 87 31
58 90 1
58 91 9
58 220 84
58 227 27
58 110 100
58 246 24
58 120 24
58 252 40
59 133 44
59 262 6
59 136 82
59 276 80
59 161 73
59 293 1
59 241 83
59 169 12
59 172 0
59 176 28
59 177 94
59 188 29
59 62 99
59 194 16
59 70 55
59 200 34
59 78 51
59 82 60
59 213 23
59 95 93
59 96 2
59 99 49
59 231 33
59 233 92
59 113 38
59 123 47
59 253 38
60 261 30
60 139 42
60 110 0
60 153 81
60 284 88
60 290 14
60 166 90
60 296 21
60 178 10
60 65 19
60 194 17
60 68 80
60 76 94
60 205 98
60 216 38
60 223 21
60 104 27
60 105 73
60 238 55
60 168 57
60 242 72
60 124 13
61 131 0
61 265 40
61 267 27
61 278 34
61 281 68
61 282 5
61 156 64
61 154 60
61 292 77
61 293 52
61 298 12
61 173 53
61 174 68
61 176 8
61 189 50
61 65 42
61 78 78
61 80 94
61 217 29
61 218 2
61 219 12
61 94 63
61 108 10
61 242 53
61 115 9
61 122 87
62 131 41
62 136 54
62 140 27
62 145 84
62 151 92
62 280 54
62 173 57
62 68 62
62 199 67
62 73 45
62 203 91
62 81 64
62 216 6
62 91 41
62 92 90
62 221 70
62 224 22
62 225 72
62 232 86
62 234 14
62 236 81
62 116 79
62 249 15
63 215 48
63 148 92
63 151 47
63 164 100
63 249 54
63 66 24
63 68 72
63 71 86
63 201 29
63 76 26
63 209 92
63 87 77
63 89 26
63 97 96
63 99 3
63 100 67
63 233 81
63 235 46
63 239 94
63 240 6
63 241 43
63 248 88
64 131 81
64 134 60
64 137 22
64 138 46
64 142 42
64 146 18
64 277 74
64 151 70
64 296 16
64 174 38
64 201 13
64 75 75
64 77 48
64 218 33
64 224 71
64 102 75
64 107 17
64 115 3
64 252 88
64 253 13
64 254 98
65 258 42
65 153 51
65 152 49
65 281 89
65 282 51
65 158 84
65 159 95
65 294 95
65 182 55
65 200 10
65 81 84
65 280 36
65 90 81
65 219 67
65 94 31
65 101 57
65 273 42
65 244 76
65 119 81
65 248 55
65 253 48
66 264 8
66 138 65
66 216 1
66 149 80
66 278 89
66 157 84
66 186 22
66 189 7
66 194 11
66 195 80
66 208 47
66 213 68
66 88 7
66 225 99
66 226 71
66 103 89
66 105 83
66 234 88
66 242 39
66 275 97
66 117 39
67 260 33
67 261 11
67 264 26
67 266 96
67 143 42
67 152 24
67 153 99
67 297 57
67 180 52
67 138 85
67 76 14
67 81 80
67 212 39
67 214 24
67 88 98
67 92 33
67 97 61
67 227 0
67 101 12
67 231 68
67 240 34
67 242 97
67 244 100
67 119 40
67 123 79
68 133 22
68 269 83
68 274 6
68 149 71
68 297 22
68 298 60
68 176 42
68 185 43
68 95 37
68 189 30
68 191 60
68 197 15
68 70 56
68 205 79
68 206 59
68 82 65
68 87 83
68 217 56
68 92 20
68 93 34
68 223 21
68 188 24
68 106 10
68 114 6
68 243 80
68 190 80
68 119 24
68 248 78
68 121 24
69 289 88
69 98 77
69 163 67
69 167 44
69 201 66
69 202 24
69 247 62
69 175 2
69 241 91
69 146 83
69 209 89
69 148 11
69 213 14
69 281 10
69 90 23
69 187 86
70 133 57
70 271 11
70 144 97
70 278 28
70 153 1
70 150 77
70 289 75
70 166 77
70 295 41
70 170 65
70 173 7
70 179 2
70 195 90
70 201 31
70 204 83
70 205 66
70 80 20
70 214 0
70 216 4
70 92 94
70 94 41
70 226 66
70 105 45
70 241 26
70 244 88
70 247 7
71 164 33
71 116 45
71 265 27
71 203 20
71 205 67
71 144 30
71 124 84
71 244 15
71 181 97
71 182 49
71 88 38
71 121 56
71 218 40
71 223 100
71 284 60
72 256 74
72 133 3
72 146 43
72 275 76
72 149 43
72 283 60
72 166 11
72 297 79
72 176 57
72 177 78
72 178 79
72 181 51
72 183 39
72 198 63
72 199 60
72 87 60
72 89 49
72 225 52
72 227 29
72 100 73
72 103 16
72 234 9
72 235 0
72 110 64
72 240 81
73 144 96
73 291 10
73 207 44
73 295 73
73 296 54
73 297 50
73 171 81
73 174 20
73 80 96
73 177 40
73 147 58
73 217 70
73 282 72
73 123 90
73 221 60
74 258 64
74 227 52
74 228 89
74 261 41
74 295 60
74 299 24
74 143 54
74 289 10
74 144 32
74 159 33
74 179 47
74 245 13
74 123 20
74 220 1
74 125 93
74 126 4
75 258 69
75 132 60
75 268 78
75 147 49
75 153 77
75 157 23
75 291 54
75 294 42
75 177 76
75 202 98
75 203 62
75 83 69
75 89 28
75 221 37
75 94 24
75 95 85
75 228 13
75 101 76
75 236 43
75 239 23
75 117 18
75 121 16
76 257 86
76 133 95
76 147 16
76 217 25
76 154 45
76 284 27
76 292 38
76 169 80
76 299 20
76 200 1
76 202 55
76 82 92
76 212 93
76 85 53
76 215 96
76 89 41
76 297 57
76 226 11
76 104 86
76 109 72
76 247 42
77 192 69
77 258 39
77 132 26
77 261 26
77 134 34
77 129 0
77 138 23
77 140 72
77 141 80
77 146 96
77 148 2
77 150 86
77 156 46
77 278 95
77 164 33
77 196 27
77 198 46
77 268 92
77 214 62
77 122 27
77 236 80
77 250 76
78 129 52
78 261 29
78 263 37
78 136 39
78 274 0
78 279 21
78 169 86
78 179 15
78 197 41
78 199 66
78 81 24
78 85 67
78 220 63
78 187 8
78 232 92
78 243 24
78 120 45
78 122 27
78 255 52
79 160 76
79 98 23
79 195 28
79 262 22
79 200 31
79 275 86
79 140 59
79 173 73
79 226 37
79 144 93
79 168 97
79 99 64
79 90 40
79 219 60
79 264 32
79 287 81
80 96 72
80 160 93
80 195 8
80 292 89
80 259 100
80 142 5
80 115 10
80 117 87
80 164 44
80 92 87
80 172 78
81 141 21
81 143 53
81 144 15
81 148 88
81 149 100
81 154 48
81 285 63
81 287 31
81 167 86
81 200 38
81 214 51
81 87 33
81 94 68
81 232 30
81 237 68
81 272 2
81 115 85
81 123 15
81 252 89
82 128 40
82 133 13
82 263 3
82 140 61
82 269 39
82 144 36
82 155 16
82 162 35
82 163 60
82 165 29
82 208 97
82 83 67
82 216 47
82 220 37
82 229 45
82 111 60
82 112 15
82 119 81
82 253 77
83 259 9
83 147 49
83 148 42
83 149 35
83 162 33
83 292 15
83 165 14
83 195 63
83 196 57
83 206 96
83 84 40
83 93 33
83 99 25
83 228 99
83 236 62
83 112 19
83 243 2
83 276 36
83 250 44
84 256 53
84 235 86
84 261 53
84 266 1
84 145 69
84 148 39
84 277 8
84 151 73
84 163 10
84 298 18
84 182 37
84 191 31
84 199 26
84 86 13
84 98 76
84 231 8
84 107 84
84 240 69
84 118 84
85 134 23
85 156 88
85 157 20
85 287 71
85 180 29
85 190 33
85 203 58
85 87 17
85 216 100
85 94 83
85 225 28
85 109 48
85 114 30
85 116 37
85 120 68
85 251 16
85 253 80
86 132 36
86 136 5
86 267 2
86 144 90
86 275 88
86 284 93
86 169 8
86 172 44
86 176 63
86 177 49
86 180 21
86 189 42
86 190 18
86 204 29
86 213 53
86 93 53
86 225 90
86 227 50
86 100 34
86 103 93
86 104 70
86 108 62
86 114 64
86 244 39
86 250 92
86 126 21
87 128 9
87 134 26
87 268 6
87 142 100
87 290 79
87 164 94
87 168 32
87 179 73
87 180 80
87 192 60
87 224 32
87 199 100
87 205 95
87 217 26
87 96 53
87 226 87
87 104 37
87 105 24
87 239 14
87 117 5
87 246 85
87 251 64
88 257 11
88 150 57
88 160 79
88 163 74
88 178 96
88 181 69
88 191 3
88 201 4
88 249 37
88 223 64
88 100 8
88 102 78
88 121 75
89 136 52
89 137 30
89 291 43
89 294 59
89 170 77
89 172 77
89 175 61
89 180 22
89 182 19
89 221 76
89 226 7
89 228 25
89 166 23
89 234 97
89 235 77
89 109 88
89 115 94
89 251 64
90 129 11
90 259 88
90 150 81
90 291 27
90 169 30
90 189 42
90 197 14
90 200 45
90 217 88
90 105 73
90 109 2
90 118 53
90 247 20
90 249 28
91 129 92
91 260 59
91 263 54
91 137 15
91 274 81
91 148 95
91 180 93
91 184 71
91 185 9
91 192 53
91 198 8
91 206 27
91 216 75
91 217 33
91 224 19
91 226 33
91 100 61
91 104 49
91 233 16
91 243 69
91 247 24
92 262 26
92 266 56
92 152 85
92 274 71
92 155 7
92 157 1
92 293 20
92 166 10
92 182 76
92 189 90
92 191 54
92 193 11
92 211 71
92 280 28
92 95 4
92 96 52
92 100 78
92 230 94
92 105 84
92 234 56
92 242 7
92 115 84
92 118 45
92 250 80
93 130 17
93 150 46
93 262 2
93 271 79
93 146 52
93 278 89
93 164 29
93 298 40
93 209 90
93 213 7
93 222 70
93 96 74
93 102 4
93 230 66
93 241 19
93 115 28
93 249 76
93 125 79
94 130 42
94 258 29
94 271 30
94 150 69
94 293 99
94 172 85
94 186 73
94 193 56
94 199 99
94 203 41
94 269 84
94 208 73
94 210 21
94 216 55
94 222 79
94 227 44
94 229 52
94 112 44
94 241 66
94 114 49
94 248 47
94 126 88
94 213 68
95 257 78
95 258 23
95 129 85
95 140 86
95 269 71
95 271 33
95 154 75
95 283 66
95 285 75
95 292 53
95 165 75
95 166 84
95 157 96
95 176 33
95 184 13
95 186 95
95 188 12
95 192 13
95 208 7
95 209 64
95 218 33
95 143 84
95 229 90
95 249 86
96 133 10
96 137 22
96 215 90
96 282 80
96 157 62
96 295 86
96 221 21
96 180 89
96 193 33
96 206 78
96 211 72
96 216 8
96 226 86
96 233 97
96 111 2
96 112 39
96 127 68
97 290 53
97 164 46
97 229 48
97 166 40
97 199 51
97 162 86
97 203 91
97 206 47
97 174 13
97 247 37
97 153 2
97 249 69
98 193 0
98 136 100
98 143 35
98 272 2
98 277 85
98 294 0
98 174 6
98 178 50
98 181 90
98 189 24
98 288 35
98 199 99
98 210 40
98 215 96
98 221 86
98 232 3
98 235 27
98 113 71
98 117 23
98 247 3
98 123 66
99 187 24
99 164 14
99 230 26
99 171 35
99 108 46
99 174 46
99 272 36
99 145 30
99 211 24
99 154 41
100 129 35
100 260 45
100 265 66
100 277 39
100 282 10
100 158 39
100 164 14
100 294 4
100 200 8
100 181 49
100 186 96
100 195 8
100 199 64
100 204 32
100 212 50
100 219 18
100 224 100
100 229 23
100 105 86
100 191 50
100 113 59
100 123 11
100 252 85
101 130 51
101 148 79
101 152 82
101 288 88
101 289 50
101 298 37
101 196 57
101 200 68
101 216 29
101 109 15
101 241 83
101 124 35
102 133 80
102 275 61
102 154 97
102 168 83
102 171 77
102 198 55
102 204 71
102 209 66
102 223 20
102 230 76
102 103 82
102 108 55
102 109 0
102 238 75
102 118 21
102 249 33
103 150 84
103 266 2
103 139 73
103 268 24
103 151 43
103 283 5
103 286 47
103 170 60
103 186 0
103 197 33
103 200 34
103 153 100
103 223 27
103 224 27
103 232 6
103 243 40
103 248 74
103 253 94
103 277 95
104 279 34
104 162 71
104 293 32
104 135 85
104 200 58
104 284 88
104 106 18
104 139 99
104 108 96
104 123 15
104 105 80
104 176 77
104 187 99
104 266 65
104 286 50
105 128 15
105 256 36
105 135 87
105 276 67
105 281 9
105 156 86
105 285 38
105 164 97
105 295 31
105 176 70
105 178 34
105 193 55
105 197 34
105 210 47
105 212 78
105 229 7
105 106 33
105 238 43
105 239 87
105 243 45
105 121 97
105 255 17
106 261 90
106 140 12
106 141 82
106 149 42
106 152 74
106 153 53
106 166 100
106 173 5
106 186 62
106 188 9
106 190 20
106 203 3
106 212 74
106 218 16
106 122 53
106 108 28
106 274 21
106 114 31
106 246 12
106 250 7
106 251 46
107 226 0
107 228 23
107 165 47
107 296 78
107 108 99
107 162 84
107 240 87
107 120 27
107 213 89
107 215 31
107 153 39
108 131 61
108 143 23
108 272 48
108 147 49
108 222 78
108 225 92
108 273 7
108 237 91
108 253 80
108 246 79
108 248 11
108 170 11
109 257 54
109 258 80
109 263 47
109 136 9
109 130 75
109 275 68
109 155 98
109 166 88
109 295 97
109 173 75
109 157 73
109 199 65
109 141 66
109 213 11
109 218 24
109 112 61
109 241 24
109 244 35
109 119 11
110 260 75
110 258 53
110 147 43
110 280 30
110 286 35
110 160 5
110 162 67
110 291 3
110 183 34
110 186 12
110 187 71
110 192 90
110 198 34
110 269 8
110 218 14
110 221 88
110 242 52
110 122 89
111 269 79
111 280 58
111 149 18
111 289 81
111 162 6
111 291 76
111 294 94
111 299 81
111 172 9
111 177 50
111 192 35
111 205 70
111 216 7
111 221 62
111 229 13
111 237 67
111 117 72
111 127 51
112 128 28
112 264 77
112 138 62
112 281 79
112 154 45
112 155 83
112 158 91
112 136 20
112 209 60
112 225 42
112 229 4
112 116 87
112 250 69
113 263 63
113 269 36
113 270 51
113 289 95
113 299 62
113 172 12
113 181 74
113 182 70
113 184 37
113 189 21
113 208 56
113 213 62
113 220 52
113 222 10
113 115 28
113 121 50
113 252 10
114 270 54
114 144 63
114 277 34
114 217 6
114 196 21
114 157 65
114 287 53
114 164 6
114 295 96
114 296 100
114 179 73
114 180 81
114 198 9
114 212 56
114 292 79
114 233 5
114 127 61
114 255 93
115 267 19
115 279 88
115 152 22
115 161 69
115 167 71
115 170 96
115 299 3
115 201 47
115 205 91
115 219 66
115 251 74
115 126 72
116 161 53
116 283 19
116 132 90
116 182 35
116 225 2
116 139 10
116 141 32
116 208 20
116 210 57
116 243 17
116 246 22
116 248 16
116 123 8
117 130 50
117 135 13
117 265 64
117 140 1
117 269 0
117 144 69
117 277 49
117 279 68
117 294 51
117 173 81
117 174 31
117 195 66
117 213 56
117 240 51
117 247 85
117 250 48
117 252 95
118 257 17
118 261 32
118 262 23
118 268 50
118 279 38
118 280 44
118 160 44
118 166 7
118 298 45
118 266 12
118 193 36
118 209 11
118 252 79
119 130 67
119 133 52
119 134 27
119 136 28
119 195 7
119 149 65
119 172 33
119 175 88
119 177 77
119 182 89
119 190 51
119 221 35
119 227 93
119 234 78
120 270 55
120 282 37
120 168 64
120 156 38
120 176 31
120 189 76
120 197 85
120 231 36
120 234 20
120 236 16
120 239 6
120 247 42
120 248 92
121 128 86
121 129 94
121 267 59
121 140 14
121 142 90
121 145 24
121 149 99
121 279 31
121 285 93
121 159 81
121 161 91
121 241 8
121 204 66
121 208 5
121 212 78
121 214 86
121 245 4
121 254 36
122 258 19
122 261 62
122 270 8
122 273 49
122 146 44
122 161 86
122 169 6
122 189 1
122 195 87
122 201 91
122 206 80
122 239 54
123 256 94
123 258 18
123 261 99
123 145 97
123 279 89
123 179 75
123 156 17
123 287 97
123 288 42
123 176 29
123 296 97
123 299 25
123 181 63
123 186 22
123 193 94
123 211 70
123 213 16
123 219 2
123 248 19
123 251 55
124 195 51
124 165 71
124 198 70
124 129 17
124 137 64
124 252 66
124 299 72
124 166 24
124 156 74
124 243 99
124 212 85
124 149 37
125 225 46
125 292 63
125 261 96
125 200 56
125 140 76
125 144 16
125 273 97
125 204 61
125 278 18
125 184 35
125 266 22
125 293 64
126 160 7
126 226 95
126 139 60
126 166 37
126 235 85
126 268 27
126 175 8
126 241 28
126 252 84
126 159 43
127 257 60
127 278 5
127 269 82
127 143 31
127 297 59
127 175 7
127 139 51
127 203 54
127 206 84
127 208 79
127 229 93
127 240 78
127 248 48
127 252 1
128 135 0
128 146 57
128 279 88
128 152 33
128 156 36
128 186 8
128 207 65
128 208 17
128 221 42
128 227 61
128 245 93
128 250 90
128 251 77
129 263 70
129 138 68
129 153 53
129 163 2
129 198 42
129 199 98
129 224 1
129 233 6
129 235 31
129 238 77
129 243 2
129 245 5
129 254 18
130 192 52
130 160 44
130 282 85
130 295 53
130 172 57
130 217 91
130 252 29
131 140 7
131 278 86
131 279 10
131 155 60
131 170 20
131 196 72
131 200 33
131 206 66
131 207 36
131 226 13
131 236 62
131 253 11
132 267 2
132 141 53
132 279 25
132 152 95
132 154 50
132 283 0
132 282 59
132 296 41
132 175 84
132 181 0
132 184 22
132 187 23
132 223 82
132 224 72
133 269 26
133 145 30
133 152 77
133 288 47
133 161 15
133 292 7
133 167 8
133 297 92
133 298 19
133 200 52
133 202 55
133 208 55
133 215 31
133 217 40
133 219 63
133 220 7
133 228 92
133 233 84
134 256 76
134 263 30
134 137 87
134 143 71
134 152 99
134 153 16
134 175 34
134 284 29
134 286 5
134 287 35
134 290 23
134 167 71
134 296 63
134 170 67
134 177 24
134 197 59
134 206 59
134 219 21
134 227 13
134 233 34
134 234 85
134 248 23
134 255 37
135 173 40
135 148 47
135 292 46
135 295 46
135 170 45
135 191 84
135 192 18
135 203 4
135 207 9
135 210 62
135 142 42
135 218 99
135 221 48
135 226 65
135 235 89
135 246 1
135 254 15
135 255 81
136 268 44
136 274 5
136 154 29
136 295 60
136 198 48
136 209 25
136 213 86
136 227 17
136 251 60
136 252 8
136 254 74
137 259 67
137 260 26
137 272 44
137 145 18
137 275 20
137 148 12
137 278 3
137 282 99
137 285 55
137 175 14
137 176 25
137 190 47
137 211 30
137 165 24
137 236 49
137 239 15
138 264 16
138 291 22
138 292 65
138 298 57
138 299 43
138 216 70
138 229 91
138 245 10
138 249 26
138 250 15
138 253 45
139 224 69
139 267 52
139 205 57
139 270 78
139 278 11
139 215 59
139 248 10
139 153 65
139 154 13
139 284 86
139 183 98
140 263 72
140 143 97
140 274 15
140 148 47
140 278 8
140 293 76
140 167 40
140 296 37
140 172 38
140 193 10
140 204 99
140 212 62
140 225 20
140 228 79
140 231 7
140 245 94
140 248 100
141 147 46
141 157 10
141 162 2
141 180 99
141 211 85
141 213 75
141 207 50
141 239 79
141 246 25
141 249 3
142 275 52
142 151 98
142 153 84
142 287 36
142 288 49
142 289 18
142 163 20
142 297 10
142 181 43
142 192 63
142 199 48
142 217 71
142 219 50
143 259 42
143 264 68
143 270 7
143 152 6
143 151 10
143 280 10
143 282 17
143 160 38
143 296 17
143 173 94
143 183 46
143 185 43
143 198 54
143 205 41
143 269 54
143 218 70
143 219 1
143 221 3
143 272 63
143 243 35
144 273 30
144 276 64
144 153 4
144 161 32
144 168 48
144 242 0
144 174 21
144 181 45
144 196 29
144 216 50
144 220 16
144 221 59
144 234 24
144 240 36
144 247 43
145 286 44
145 166 57
145 168 51
145 174 4
145 183 68
145 184 9
145 266 16
145 221 92
145 225 15
145 239 20
145 252 26
146 262 17
146 268 28
146 270 16
146 166 100
146 171 7
146 191 41
146 203 76
146 219 81
146 223 58
146 224 76
146 234 94
146 243 42
146 245 54
146 247 53
146 254 22
147 268 36
147 154 0
147 285 5
147 161 79
147 164 71
147 293 76
147 166 56
147 175 44
147 198 88
147 289 92
147 215 65
147 241 67
148 258 81
148 272 12
148 286 88
148 290 42
148 293 23
148 295 25
148 168 33
148 174 15
148 178 74
148 185 81
148 215 91
148 216 98
148 221 1
148 222 25
148 224 28
148 240 15
148 247 67
148 250 46
149 294 78
149 271 98
149 196 78
149 283 57
149 165 87
149 167 21
149 182 68
149 189 89
149 209 65
149 213 26
149 215 16
149 219 11
149 222 11
149 229 64
149 241 49
149 244 6
149 255 29
150 274 28
150 279 18
150 289 54
150 295 90
150 177 5
150 181 51
150 193 99
150 204 43
150 162 28
150 208 10
150 210 79
150 212 52
150 227 70
150 235 13
151 161 48
151 262 87
151 211 94
151 167 63
151 190 85
151 258 26
151 175 50
151 209 82
151 179 71
151 286 25
152 277 9
152 280 24
152 286 46
152 186 50
152 192 87
152 198 100
152 200 37
152 222 29
152 243 94
153 258 23
153 260 82
153 270 41
153 155 89
153 286 58
153 185 43
153 190 100
153 197 4
153 267 52
153 217 84
153 221 49
153 227 10
153 245 87
154 256 94
154 268 100
154 279 10
154 286 10
154 290 1
154 167 8
154 200 54
154 203 52
154 222 16
154 229 3
154 189 33
154 275 95
154 253 8
154 264 17
155 284 43
155 290 88
155 177 47
155 180 59
155 183 60
155 204 17
155 280 76
155 210 34
155 250 7
155 252 61
155 253 64
156 261 55
156 274 62
156 275 7
156 163 12
156 180 96
156 186 96
156 201 38
156 202 79
156 211 73
156 237 35
156 239 62
156 247 34
157 256 19
157 260 52
157 261 3
157 267 36
157 283 84
157 164 88
157 166 49
157 194 42
157 215 94
157 217 50
157 227 30
157 228 100
157 294 36
157 232 53
158 192 62
158 268 60
158 171 53
158 204 64
158 237 70
158 209 66
158 181 11
158 176 51
158 292 100
158 187 18
158 253 80
159 285 99
159 288 80
159 161 46
159 165 46
159 295 50
159 181 96
159 194 34
159 196 42
159 213 66
159 227 39
159 235 2
159 250 93
159 252 75
160 257 24
160 280 91
160 282 14
160 287 73
160 288 65
160 290 78
160 167 33
160 296 20
160 173 15
160 205 2
160 211 2
160 215 25
160 216 39
160 237 71
160 238 27
161 265 73
161 266 1
161 270 45
161 277 29
161 284 14
161 282 63
161 261 31
161 163 91
161 175 28
161 180 72
161 192 66
161 209 97
161 227 26
161 230 90
161 239 70
161 240 1
161 251 75
162 266 27
162 238 94
162 285 5
162 179 73
162 182 93
162 195 67
162 198 99
162 227 11
162 249 20
163 260 78
163 276 86
163 283 47
163 286 63
163 299 37
163 180 30
163 194 96
163 200 27
163 221 20
163 237 95
163 249 19
164 258 34
164 262 44
164 215 20
164 270 16
164 281 72
164 280 9
164 282 25
164 290 64
164 294 5
164 173 65
164 178 43
164 183 89
164 189 96
164 191 72
164 195 27
164 232 30
164 167 26
164 208 53
164 241 73
164 243 61
164 255 8
165 291 44
165 294 83
165 168 87
165 169 85
165 299 79
165 174 49
165 186 81
165 191 53
165 200 73
165 209 82
165 216 14
165 241 86
166 259 1
166 260 61
166 269 81
166 284 84
166 289 55
166 198 48
166 197 2
166 225 43
166 205 48
166 237 37
166 248 13
166 251 62
166 252 7
167 261 38
167 243 62
167 286 24
167 172 79
167 174 50
167 201 69
167 185 66
167 197 8
167 213 12
167 240 70
168 195 42
168 241 25
168 298 54
168 204 16
168 206 50
168 210 20
168 207 93
168 255 0
169 262 100
169 260 90
169 283 49
169 294 15
169 175 98
169 186 56
169 195 80
169 205 11
169 212 19
169 229 14
169 230 56
169 236 54
169 253 92
169 255 93
170 258 51
170 259 84
170 283 96
170 289 45
170 299 63
170 186 18
170 189 83
170 193 48
170 194 94
170 197 38
170 205 79
170 213 18
170 228 64
170 238 65
170 239 96
170 241 66
170 253 75
171 267 76
171 275 17
171 279 18
171 280 23
171 174 50
171 204 45
171 226 93
171 233 49
171 240 96
171 249 13
171 252 92
172 264 73
172 183 20
172 185 48
172 202 98
172 223 74
172 231 15
172 234 90
172 246 75
172 248 77
172 249 50
173 265 79
173 267 9
173 279 9
173 284 81
173 295 57
173 299 34
173 181 65
173 208 74
173 212 9
173 228 29
173 229 33
173 230 87
173 231 57
173 233 63
173 237 87
173 251 12
174 265 91
174 291 67
174 297 96
174 298 99
174 179 87
174 187 2
174 197 71
174 208 41
174 213 21
174 216 91
174 222 72
174 238 70
174 247 36
174 248 26
175 262 55
175 268 40
175 289 91
175 294 57
175 295 99
175 177 59
175 181 19
175 184 21
175 202 83
175 213 13
175 219 31
175 220 92
175 221 25
175 217 92
176 256 0
176 261 76
176 272 94
176 277 35
176 279 88
176 282 78
176 296 73
176 177 93
176 184 34
176 189 81
176 242 36
176 253 67
177 262 92
177 277 66
177 189 7
177 192 22
177 193 97
177 199 35
177 204 25
177 214 60
177 229 51
177 238 20
177 240 71
177 249 45
178 226 61
178 209 75
178 264 4
178 214 40
178 280 28
178 185 10
178 187 57
178 284 48
178 285 20
178 190 45
178 247 91
179 263 43
179 274 71
179 190 34
179 193 20
179 203 0
179 211 19
179 226 59
179 237 71
180 273 45
180 277 33
180 282 43
180 183 87
180 195 23
180 206 43
180 209 44
180 212 63
180 220 32
180 223 63
180 228 46
180 229 92
181 259 100
181 262 14
181 264 14
181 267 91
181 271 12
181 274 59
181 286 32
181 290 53
181 295 72
181 196 98
181 207 33
181 209 37
181 211 87
181 222 100
181 229 27
181 236 84
181 237 72
181 244 81
181 248 98
181 255 7
182 270 14
182 276 12
182 288 78
182 201 74
182 206 96
182 215 37
182 234 67
182 237 0
182 241 53
182 243 91
182 251 99
183 261 80
183 274 54
183 280 42
183 285 13
183 187 33
183 190 7
183 195 80
183 203 79
183 210 74
183 222 17
183 248 3
183 255 83
184 261 64
184 294 98
184 204 98
184 209 88
184 215 90
184 232 14
184 235 23
184 242 91
184 248 90
185 256 69
185 273 36
185 277 41
185 285 31
185 294 36
185 297 77
185 192 94
185 292 76
185 224 62
185 228 75
185 230 22
185 240 100
185 249 19
186 256 32
186 194 0
186 289 64
186 294 32
186 188 8
186 212 88
186 249 81
186 253 36
187 225 78
187 263 57
187 298 12
187 235 19
187 269 78
187 202 29
188 192 98
188 200 30
188 209 0
188 251 86
188 285 31
189 267 15
189 268 72
189 283 72
189 288 17
189 192 52
189 199 76
189 202 51
189 226 81
189 248 92
189 217 28
189 232 90
189 243 10
189 298 83
190 265 53
190 279 36
190 282 86
190 283 12
190 285 92
190 298 82
190 196 43
190 197 1
190 201 8
190 208 41
190 214 54
190 235 65
191 268 61
191 269 28
191 273 44
191 295 70
191 289 57
191 203 38
191 215 83
191 219 95
191 236 14
191 212 76
192 281 2
192 263 67
192 223 1
192 194 45
192 195 32
192 216 38
193 260 66
193 263 83
193 204 7
193 225 95
193 228 87
193 238 80
193 247 28
193 250 47
193 255 70
194 269 39
194 200 30
194 207 77
194 210 11
194 271 63
194 227 32
194 251 15
195 257 69
195 279 34
195 269 83
195 272 22
195 298 99
195 209 14
195 222 18
195 235 88
195 251 47
196 257 56
196 275 51
196 201 28
196 203 65
196 216 62
196 231 51
196 244 85
196 247 44
197 272 34
197 278 2
197 288 10
197 289 52
197 208 58
197 229 61
197 231 0
197 242 31
197 247 80
197 277 31
198 258 5
198 259 21
198 266 42
198 276 14
198 282 76
198 290 37
198 209 18
198 235 33
198 237 70
198 241 88
199 258 49
199 266 38
199 256 44
199 273 90
199 279 81
199 288 49
199 292 8
199 217 80
199 220 85
199 238 71
200 257 69
200 268 56
200 282 94
200 211 4
200 228 8
200 221 44
200 230 47
200 233 11
200 238 70
200 240 11
200 255 53
201 266 70
201 281 82
201 202 43
201 207 62
201 211 25
201 232 24
201 254 86
202 274 30
202 276 45
202 289 71
202 295 56
202 204 68
202 206 58
202 269 71
202 237 39
202 242 42
203 258 29
203 267 63
203 283 21
203 297 74
203 208 91
203 218 66
203 242 86
203 253 91
204 269 7
204 206 50
204 288 37
204 227 11
204 240 40
205 275 14
205 239 23
205 286 65
205 211 15
205 217 2
205 220 76
205 227 32
205 230 37
205 250 21
206 264 69
206 273 66
206 285 83
206 288 93
206 289 7
206 292 85
207 265 75
207 284 42
207 212 31
207 218 56
207 220 12
207 242 41
207 250 76
208 212 58
208 230 6
209 261 27
209 277 57
209 279 30
209 283 26
209 288 31
209 292 81
209 221 89
209 267 1
209 245 72
209 247 33
210 264 43
210 293 26
210 294 54
210 299 95
210 219 5
210 226 99
210 254 55
211 264 40
211 267 96
211 268 63
211 272 30
211 274 24
211 277 14
211 280 78
211 294 47
211 297 41
211 213 78
211 214 74
211 226 87
211 228 44
211 231 72
211 253 13
212 260 31
212 287 67
212 294 57
212 220 54
212 234 12
212 247 58
212 249 49
212 255 62
213 279 55
213 243 90
213 298 92
214 256 13
214 268 59
214 285 7
214 296 57
214 220 82
214 233 14
214 236 11
215 266 63
215 275 27
215 289 61
215 222 85
216 299 96
216 278 9
216 262 83
216 267 93
216 272 68
216 228 46
216 229 65
216 231 58
216 248 66
216 251 7
217 291 49
217 218 16
217 244 63
217 252 50
217 254 12
217 255 61
218 256 36
218 260 30
218 283 45
218 221 69
218 229 42
218 247 50
218 254 95
219 277 68
219 279 11
219 289 9
219 290 99
219 273 75
219 232 32
219 233 44
219 237 100
219 245 37
220 264 16
220 290 78
220 291 50
220 227 58
220 229 43
220 233 75
220 248 69
221 268 11
221 286 8
221 287 23
221 295 72
221 296 56
221 229 77
222 262 97
222 265 96
222 278 70
222 224 24
222 240 15
222 255 3
223 263 93
223 265 18
223 285 68
223 297 46
223 228 24
223 236 7
223 239 16
223 242 96
223 247 29
223 253 7
224 257 79
224 298 4
224 235 6
225 266 66
225 271 6
225 290 65
225 291 53
225 299 32
225 233 54
225 245 23
225 248 96
225 255 5
226 248 40
227 260 33
227 267 63
227 294 77
227 241 2
228 263 14
228 276 56
228 287 100
228 291 98
228 230 3
229 287 92
229 231 8
229 238 59
229 240 45
229 248 100
230 258 85
230 295 22
230 299 44
230 238 26
230 274 83
230 286 10
231 261 31
231 273 77
231 234 74
231 250 59
231 255 79
232 268 69
232 270 60
232 273 74
232 297 61
232 299 14
232 285 75
233 267 10
233 275 30
233 282 49
233 288 85
233 248 66
233 254 71
234 278 81
234 262 68
234 269 21
234 290 70
234 258 59
234 236 77
235 260 45
235 268 8
235 271 29
235 272 31
235 248 67
235 251 62
236 239 87
236 243 78
236 245 17
236 251 95
237 273 97
237 275 8
237 290 65
237 298 15
238 270 47
238 281 29
238 294 90
238 246 1
238 252 41
239 258 98
239 267 11
239 296 29
240 260 77
240 261 27
240 268 77
240 292 51
240 289 87
240 243 29
241 256 70
241 257 100
241 270 83
241 273 8
241 280 83
241 288 6
241 293 95
241 252 95
241 298 80
242 265 31
242 290 53
243 263 64
244 261 58
244 294 51
244 277 0
244 272 69
244 251 94
245 283 24
245 294 23
245 268 30
245 281 52
246 263 29
246 271 32
246 280 95
246 282 7
247 258 85
248 266 91
248 286 98
250 265 98
250 277 87
250 290 30
250 293 92
250 284 34
250 299 40
251 258 55
251 268 9
251 278 93
251 279 83
251 293 0
251 253 35
252 270 34
252 280 16
252 288 4
253 262 47
253 284 19
253 288 13
253 294 64
253 298 19
254 292 42
254 271 57
255 256 41
255 258 80
255 270 3
255 280 66
255 288 66
255 262 7
256 297 43
256 272 9
256 286 34
257 259 33
257 266 44
257 271 31
257 284 34
257 296 75
257 265 20
258 259 56
258 272 59
258 296 26
259 262 81
259 263 47
259 279 49
259 284 43
259 290 18
259 275 82
260 290 44
261 279 54
261 289 16
262 264 72
262 271 99
262 287 23
263 269 24
263 277 49
263 285 95
263 287 82
263 290 86
263 299 68
264 268 34
264 293 62
264 272 10
265 291 22
265 283 55
266 275 57
267 274 34
267 279 76
268 277 70
268 281 29
268 295 77
269 282 11
269 292 3
269 297 33
270 274 5
270 284 90
270 293 19
270 294 44
270 298 94
270 295 59
273 294 56
273 285 58
275 281 60
275 296 95
277 285 32
277 293 38
278 289 70
279 281 91
279 297 45
280 285 32
280 293 84
280 295 98
280 297 6
281 299 10
282 283 69
283 293 12
284 285 6
284 289 91
285 297 82
287 296 6
291 298 77
293 294 74
295 296 81
297 299 14
