300 4000
0 256 89
0 171 46
0 135 23
0 265 56
0 138 5
0 139 84
0 141 60
0 270 68
0 19 3
0 22 42
0 153 8
0 25 38
0 27 84
0 28 79
0 286 73
0 290 30
0 169 64
0 299 50
0 175 67
0 52 72
0 185 41
0 226 44
0 82 83
0 90 71
0 220 89
0 98 80
0 229 43
0 247 32
1 131 75
1 4 15
1 9 20
1 266 23
1 12 1
1 272 51
1 145 63
1 21 74
1 280 83
1 283 11
1 285 9
1 287 22
1 164 44
1 166 15
1 42 77
1 43 35
1 50 8
1 52 28
1 188 45
1 63 24
1 201 65
1 77 97
1 207 30
1 80 84
1 81 19
1 103 71
1 233 26
1 234 20
1 241 90
1 268 46
1 125 91
1 126 65
2 258 97
2 4 11
2 261 100
2 265 60
2 11 75
2 147 8
2 150 27
2 153 15
2 38 5
2 169 23
2 172 89
2 48 65
2 51 59
2 75 5
2 203 76
2 211 3
2 217 83
2 218 26
2 97 18
2 231 33
2 233 92
2 103 14
2 109 40
2 112 12
2 241 82
2 247 92
2 125 58
3 5 37
3 134 80
3 7 73
3 9 77
3 267 11
3 14 47
3 274 66
3 281 60
3 283 61
3 34 9
3 291 75
3 296 29
3 170 27
3 188 58
3 193 81
3 194 15
3 11 100
3 70 46
3 201 89
3 202 75
3 211 44
3 218 14
3 221 72
3 231 43
3 233 90
3 107 60
3 110 97
3 118 76
3 125 5
4 137 8
4 276 66
4 46 100
4 278 1
4 29 66
4 289 82
4 290 43
4 36 54
4 296 1
4 42 31
4 171 20
4 174 15
4 184 34
4 57 38
4 191 18
4 197 58
4 205 50
4 82 27
4 85 87
4 93 26
4 106 86
4 210 60
4 118 39
4 119 73
4 248 28
4 123 28
4 124 85
4 126 38
5 265 74
5 19 48
5 150 16
5 152 78
5 291 76
5 292 62
5 51 67
5 53 36
5 54 79
5 66 10
5 68 8
5 69 70
5 198 6
5 71 3
5 78 90
5 207 92
5 80 96
5 84 97
5 89 15
5 79 51
5 259 19
5 234 66
5 236 97
5 115 16
5 212 53
6 265 8
6 273 37
6 110 33
6 278 20
6 152 35
6 155 3
6 160 81
6 165 24
6 38 90
6 39 45
6 170 42
6 177 0
6 51 79
6 185 81
6 61 44
6 194 23
6 195 20
6 208 24
6 88 97
6 223 42
6 97 34
6 106 83
6 236 19
6 238 26
7 257 11
7 130 61
7 261 77
7 12 37
7 142 64
7 272 38
7 146 77
7 148 23
7 160 43
7 38 82
7 168 97
7 41 98
7 170 14
7 45 30
7 47 28
7 177 1
7 178 77
7 61 0
7 191 7
7 195 35
7 199 91
7 74 8
7 75 15
7 86 98
7 219 43
7 241 84
7 117 100
7 118 25
7 248 66
8 263 96
8 264 36
8 272 78
8 276 86
8 21 97
8 279 67
8 282 77
8 33 31
8 34 73
8 35 31
8 292 17
8 177 31
8 58 43
8 190 99
8 70 54
8 289 55
8 163 44
8 90 5
8 91 72
8 226 95
8 235 65
8 236 38
9 265 29
9 12 72
9 13 80
9 273 18
9 23 85
9 155 63
9 158 7
9 34 55
9 27 4
9 164 96
9 170 11
9 48 52
9 178 57
9 52 16
9 184 64
9 188 35
9 62 22
9 63 91
9 67 87
9 162 56
9 213 3
9 220 65
9 224 35
9 60 1
9 238 40
9 240 64
9 126 53
10 295 61
10 101 94
10 38 66
10 243 67
10 138 65
10 43 8
10 210 33
10 274 65
10 51 81
10 276 1
10 245 33
10 151 4
10 184 52
10 282 9
10 135 11
10 126 45
10 85 7
11 129 56
11 134 74
11 264 38
11 266 54
11 140 100
11 143 39
11 259 24
11 22 22
11 24 19
11 154 54
11 294 15
11 39 54
11 169 95
11 53 76
11 186 51
11 190 40
11 191 100
11 147 0
11 219 21
11 220 31
11 98 41
11 228 61
11 108 89
11 110 29
11 243 46
12 128 16
12 258 46
12 131 84
12 129 31
12 138 84
12 19 6
12 149 67
12 280 37
12 153 43
12 34 74
12 164 26
12 293 73
12 168 29
12 45 29
12 177 76
12 50 19
12 181 27
12 265 19
12 58 31
12 59 64
12 191 16
12 195 12
12 197 68
12 199 30
12 75 2
12 88 76
12 135 33
12 93 14
12 94 41
12 187 16
12 103 17
12 171 29
12 236 21
12 147 37
12 254 100
13 134 75
13 138 2
13 271 89
13 16 2
13 17 21
13 148 56
13 22 43
13 281 0
13 38 26
13 295 37
13 41 92
13 43 70
13 44 50
13 49 72
13 55 25
13 185 86
13 187 24
13 64 30
13 75 58
13 80 2
13 215 66
13 97 71
13 99 52
13 100 38
13 39 88
13 243 21
13 248 35
13 127 96
14 132 79
14 133 77
14 274 42
14 149 29
14 154 43
14 156 28
14 161 73
14 34 22
14 37 12
14 177 20
14 51 8
14 62 100
14 70 15
14 199 79
14 77 17
14 210 73
14 215 16
14 222 12
14 225 86
14 101 14
14 230 11
14 103 55
14 106 71
14 107 8
14 241 59
15 128 80
15 258 23
15 142 17
15 145 95
15 147 91
15 21 21
15 292 80
15 295 35
15 169 75
15 176 27
15 50 67
15 183 91
15 63 92
15 65 85
15 204 56
15 206 27
15 270 84
15 94 99
15 98 11
15 231 9
15 109 56
15 238 100
15 246 15
15 41 72
15 255 83
16 256 10
16 147 31
16 281 98
16 25 43
16 26 5
16 32 84
16 289 25
16 36 51
16 298 29
16 52 41
16 56 29
16 186 77
16 64 13
16 65 73
16 201 94
16 74 87
16 217 49
16 219 29
16 221 15
16 229 70
16 119 52
17 256 25
17 128 45
17 137 41
17 141 14
17 145 74
17 152 90
17 153 42
17 283 86
17 32 9
17 162 3
17 44 20
17 179 32
17 66 86
17 198 48
17 290 84
17 207 51
17 95 74
17 224 21
17 225 86
17 106 0
17 240 22
17 118 6
17 121 36
17 127 100
18 96 70
18 160 87
18 66 30
18 187 3
18 230 64
18 166 83
18 33 35
18 200 87
18 265 89
18 209 52
18 269 75
18 168 77
18 111 87
18 81 58
18 20 40
18 118 28
18 152 69
18 52 41
18 219 48
18 126 28
19 130 27
19 265 92
19 139 97
19 258 22
19 274 88
19 23 16
19 28 86
19 286 72
19 32 79
19 161 85
19 34 99
19 171 0
19 48 73
19 62 76
19 192 78
19 66 98
19 195 14
19 199 95
19 206 47
19 80 53
19 248 83
19 219 3
19 226 28
19 100 26
19 103 33
19 114 12
19 243 71
19 247 40
19 120 0
19 124 76
20 271 14
20 145 69
20 276 43
20 149 100
20 151 16
20 280 16
20 218 35
20 31 27
20 160 59
20 292 94
20 170 39
20 299 10
20 175 74
20 49 13
20 50 58
20 183 5
20 191 58
20 32 59
20 196 15
20 197 9
20 201 51
20 81 20
20 90 86
20 92 93
20 224 39
20 115 96
20 63 58
20 42 7
21 130 18
21 263 66
21 172 71
21 139 80
21 268 88
21 269 68
21 147 11
21 150 82
21 26 6
21 29 72
21 197 24
21 291 54
21 37 94
21 44 99
21 46 82
21 176 55
21 177 31
21 53 70
21 73 16
21 60 48
21 64 65
21 69 95
21 70 81
21 201 44
21 78 97
21 213 74
21 101 60
21 229 76
21 230 77
21 233 2
21 108 42
21 110 40
21 242 97
21 243 77
21 247 3
21 251 53
21 255 20
22 257 33
22 275 38
22 277 75
22 278 28
22 151 42
22 285 16
22 286 29
22 31 77
22 37 46
22 297 29
22 44 11
22 46 38
22 157 16
22 178 59
22 51 97
22 52 62
22 30 21
22 54 99
22 190 94
22 193 68
22 195 55
22 196 72
22 71 71
22 202 81
22 206 39
22 79 7
22 78 49
22 218 78
22 293 1
22 225 82
22 115 29
22 250 61
23 128 71
23 129 55
23 257 6
23 141 58
23 142 83
23 272 34
23 273 36
23 150 31
23 286 73
23 33 89
23 290 90
23 37 21
23 167 68
23 297 57
23 171 11
23 54 47
23 137 20
23 56 89
23 186 4
23 60 51
23 74 39
23 195 55
23 225 7
23 202 17
23 205 24
23 77 46
23 209 85
23 58 79
23 220 32
23 93 71
23 97 3
23 226 4
23 228 16
23 189 96
23 240 77
23 241 13
23 244 23
23 246 86
23 123 3
24 132 42
24 262 61
24 265 100
24 144 59
24 152 48
24 154 35
24 36 39
24 295 63
24 171 19
24 178 99
24 52 96
24 192 7
24 196 1
24 76 92
24 205 13
24 80 27
24 214 55
24 216 34
24 94 26
24 96 73
24 97 86
24 230 85
24 103 28
24 248 58
24 121 89
24 122 58
25 134 90
25 137 24
25 27 2
25 158 66
25 31 61
25 289 35
25 188 11
25 189 69
25 62 80
25 63 62
25 194 1
25 203 73
25 204 62
25 79 7
25 214 71
25 207 70
25 144 6
25 228 29
25 110 96
25 61 76
25 243 99
25 253 56
26 257 63
26 140 54
26 141 56
26 269 34
26 151 32
26 34 25
26 37 62
26 170 83
26 53 60
26 55 20
26 61 4
26 195 45
26 162 77
26 206 55
26 205 67
26 217 70
26 108 92
26 110 68
26 112 68
26 244 48
26 121 56
27 136 88
27 270 3
27 153 65
27 283 3
27 285 78
27 32 2
27 289 82
27 39 95
27 296 47
27 43 8
27 190 66
27 191 36
27 193 45
27 33 79
27 77 91
27 206 46
27 78 45
27 230 60
27 232 61
27 239 67
27 241 58
27 116 16
27 62 98
27 250 25
27 126 98
28 257 74
28 140 52
28 141 97
28 148 93
28 149 4
28 283 60
28 157 20
28 292 50
28 295 9
28 298 75
28 47 8
28 58 5
28 191 78
28 193 56
28 76 37
28 84 3
28 227 62
28 101 98
28 241 61
28 242 86
28 276 61
28 251 14
29 235 28
29 293 58
29 40 60
29 107 74
29 237 29
29 81 80
29 274 87
29 227 2
29 244 25
29 219 60
29 87 88
29 56 92
29 249 18
29 163 14
29 91 76
29 126 33
29 287 58
30 34 39
30 99 78
30 68 28
30 37 46
30 38 100
30 71 58
30 232 56
30 138 43
30 175 98
30 209 60
30 114 71
30 275 18
30 89 98
30 58 22
31 257 66
31 129 84
31 141 53
31 149 73
31 162 9
31 35 18
31 36 98
31 295 71
31 297 56
31 182 89
31 186 19
31 62 13
31 192 99
31 196 74
31 69 92
31 203 43
31 76 26
31 163 43
31 214 10
31 217 56
31 95 39
31 99 61
31 169 29
31 276 27
31 125 74
32 130 6
32 132 89
32 292 30
32 165 79
32 182 52
32 185 58
32 192 64
32 194 49
32 54 18
32 201 88
32 76 90
32 214 1
32 122 14
32 94 81
32 100 56
32 230 61
32 239 35
32 112 66
32 113 31
32 249 7
32 250 54
32 126 76
32 255 43
33 258 77
33 131 53
33 263 94
33 216 5
33 288 25
33 289 49
33 165 85
33 167 45
33 175 37
33 49 86
33 178 78
33 179 94
33 183 68
33 184 20
33 59 43
33 192 40
33 72 25
33 76 29
33 215 62
33 88 26
33 226 32
33 295 53
33 114 10
33 127 29
33 255 23
34 276 97
34 238 55
34 150 47
34 279 76
34 37 28
34 39 90
34 40 5
34 43 80
34 174 6
34 49 26
34 61 8
34 196 7
34 204 69
34 83 89
34 87 77
34 108 36
34 110 8
34 239 13
34 112 37
35 130 95
35 258 32
35 270 49
35 274 100
35 283 95
35 156 75
35 38 17
35 177 51
35 45 82
35 49 15
35 54 46
35 57 84
35 58 79
35 187 93
35 182 62
35 76 46
35 121 31
35 218 47
35 91 33
35 221 84
35 99 45
35 100 5
35 245 41
35 249 84
35 122 4
35 254 50
35 127 46
36 143 67
36 273 30
36 260 79
36 162 61
36 292 45
36 37 33
36 167 13
36 174 61
36 54 90
36 55 48
36 58 57
36 70 76
36 199 75
36 200 85
36 120 83
36 84 12
36 164 67
36 93 36
36 223 10
36 224 49
36 104 56
36 107 84
36 239 7
36 248 94
36 122 22
37 129 74
37 108 15
37 143 53
37 284 14
37 287 20
37 290 41
37 169 24
37 172 36
37 179 61
37 58 96
37 189 80
37 210 51
37 83 23
37 89 81
37 90 54
37 94 44
37 225 94
37 232 61
37 234 41
37 236 64
37 254 28
38 264 38
38 268 12
38 143 50
38 295 30
38 40 68
38 172 19
38 174 59
38 179 10
38 185 74
38 186 58
38 68 36
38 198 4
38 203 70
38 207 94
38 220 7
38 93 43
38 95 72
38 104 90
38 238 47
38 244 16
38 249 14
38 127 85
39 256 10
39 65 62
39 163 19
39 293 25
39 134 90
39 257 18
39 66 93
39 52 92
39 55 25
39 56 15
39 153 58
39 283 75
39 94 79
40 257 21
40 136 42
40 267 30
40 269 18
40 272 9
40 147 92
40 217 75
40 157 91
40 160 2
40 292 5
40 173 16
40 49 92
40 61 69
40 203 99
40 85 12
40 89 100
40 226 78
40 166 60
40 249 89
41 130 3
41 136 84
41 267 68
41 140 7
41 270 50
41 277 82
41 161 21
41 42 97
41 43 24
41 56 63
41 192 88
41 196 86
41 72 89
41 201 77
41 258 59
41 209 77
41 213 39
41 214 19
41 89 31
41 271 99
41 224 55
41 242 40
41 115 85
41 127 70
42 44 60
42 146 92
42 284 51
42 157 61
42 160 56
42 289 22
42 163 76
42 295 53
42 172 67
42 178 3
42 180 60
42 53 10
42 182 75
42 189 21
42 63 39
42 71 56
42 75 79
42 89 61
42 90 4
42 101 81
42 102 24
42 119 74
42 121 71
43 67 9
43 276 13
43 277 1
43 150 39
43 154 43
43 294 57
43 228 44
43 197 42
43 73 92
43 75 48
43 76 50
43 78 18
43 211 95
43 89 85
43 90 43
43 100 20
43 229 9
43 231 25
43 104 25
43 114 32
43 118 29
43 247 48
43 122 28
43 252 75
44 130 80
44 142 18
44 276 51
44 162 74
44 166 2
44 295 33
44 297 65
44 174 38
44 64 74
44 73 27
44 210 71
44 95 49
44 99 93
44 102 33
44 167 8
44 236 26
44 110 4
44 244 22
44 247 53
44 251 79
45 257 77
45 137 100
45 141 67
45 149 59
45 289 9
45 162 71
45 164 99
45 129 53
45 171 77
45 48 69
45 94 54
45 188 97
45 194 88
45 73 27
45 203 43
45 206 32
45 80 19
45 213 4
45 222 63
45 99 69
45 228 37
45 103 56
45 248 79
45 85 21
45 127 12
46 267 15
46 141 89
46 151 43
46 280 37
46 155 69
46 285 1
46 177 74
46 50 88
46 54 54
46 58 34
46 195 77
46 216 73
46 89 23
46 227 96
46 106 33
46 240 69
46 246 6
46 251 90
46 252 95
47 256 2
47 137 69
47 140 84
47 274 60
47 153 88
47 294 82
47 242 28
47 53 0
47 187 56
47 64 36
47 194 32
47 196 0
47 73 71
47 202 97
47 75 11
47 83 97
47 84 13
47 214 45
47 87 11
47 221 94
47 229 61
47 110 3
47 113 94
47 114 47
48 256 54
48 128 46
48 265 13
48 266 53
48 173 69
48 277 85
48 155 2
48 156 76
48 290 95
48 166 60
48 297 94
48 176 16
48 50 96
48 181 15
48 187 68
48 69 87
48 80 53
48 209 3
48 87 95
48 218 44
48 223 93
48 236 24
48 244 79
48 252 25
49 257 5
49 264 13
49 143 99
49 283 92
49 284 9
49 165 54
49 170 52
49 173 19
49 181 78
49 245 91
49 207 51
49 86 31
49 218 14
49 269 48
49 232 57
49 106 17
49 117 19
49 246 61
49 247 75
49 121 39
49 191 83
50 149 50
50 263 51
50 140 42
50 146 38
50 147 85
50 277 21
50 155 57
50 163 72
50 297 7
50 298 70
50 171 11
50 205 53
50 210 78
50 84 93
50 86 41
50 93 21
50 100 77
50 230 95
50 106 86
50 241 14
50 246 98
50 127 19
51 257 58
51 265 69
51 272 94
51 148 43
51 167 100
51 54 40
51 55 95
51 186 45
51 62 26
51 63 74
51 78 35
51 219 25
51 93 77
51 233 47
51 108 48
51 110 4
51 254 89
52 130 17
52 132 38
52 266 11
52 66 76
52 146 30
52 148 6
52 149 93
52 281 2
52 165 30
52 297 32
52 170 41
52 171 29
52 172 28
52 53 32
52 194 84
52 197 30
52 78 38
52 87 56
52 94 35
52 103 93
52 234 53
52 107 66
52 251 55
53 129 13
53 262 66
53 270 67
53 275 32
53 279 32
53 283 35
53 292 55
53 134 77
53 184 95
53 66 33
53 202 26
53 75 5
53 81 40
53 213 70
53 98 94
53 233 36
53 235 16
53 238 78
53 249 6
54 278 14
54 144 21
54 148 24
54 158 91
54 69 13
54 165 32
54 297 27
54 116 47
54 190 85
54 197 86
54 85 10
54 218 75
54 97 59
54 105 8
54 238 84
54 244 62
54 248 88
54 252 96
55 259 83
55 136 4
55 138 82
55 269 67
55 143 2
55 273 30
55 276 98
55 277 22
55 296 100
55 68 53
55 198 65
55 207 21
55 214 35
55 221 50
55 96 12
55 100 5
55 231 99
55 232 35
55 295 74
55 239 30
55 113 59
55 247 9
55 125 49
56 266 44
56 267 55
56 271 4
56 274 42
56 148 82
56 149 86
56 283 62
56 284 6
56 296 28
56 299 66
56 181 78
56 187 27
56 60 92
56 73 99
56 80 49
56 212 89
56 89 10
56 220 77
56 223 62
56 97 14
56 115 32
56 244 59
56 121 54
56 123 92
56 254 15
57 129 58
57 259 51
57 260 15
57 134 97
57 136 45
57 141 28
57 148 12
57 281 96
57 280 21
57 132 87
57 158 15
57 295 96
57 298 44
57 182 76
57 185 86
57 193 87
57 66 37
57 72 49
57 75 11
57 209 8
57 211 11
57 86 45
57 92 24
57 221 72
57 222 45
57 225 64
57 227 48
57 234 23
57 239 99
57 241 64
57 242 29
57 245 10
57 122 83
58 258 51
58 131 85
58 263 67
58 139 100
58 271 49
58 273 71
58 276 68
58 282 73
58 158 54
58 159 41
58 161 41
58 165 60
58 166 94
58 167 8
58 193 20
58 171 74
58 177 4
58 59 13
58 65 75
58 267 60
58 204 41
58 78 22
58 212 41
58 85 38
58 225 73
58 102 92
58 106 99
58 117 70
58 118 23
58 252 16
59 256 76
59 133 43
59 271 99
59 279 67
59 164 97
59 169 60
59 187 37
59 195 5
59 71 37
59 205 9
59 212 71
59 89 19
59 227 56
59 229 25
59 161 51
59 107 33
59 236 71
59 242 2
59 119 82
59 248 76
59 123 24
59 126 8
59 127 58
60 64 55
60 161 65
60 197 29
60 134 80
60 113 73
60 296 44
60 74 90
60 70 36
60 270 53
60 112 59
60 81 77
60 179 45
60 206 61
60 279 59
60 92 82
60 285 62
61 133 40
61 140 79
61 274 71
61 148 54
61 157 16
61 161 46
61 171 19
61 181 37
61 193 63
61 75 1
61 77 97
61 83 79
61 84 81
61 213 60
61 217 49
61 221 43
61 98 32
61 113 57
61 242 96
61 123 15
61 252 59
61 253 6
61 126 4
62 259 98
62 262 87
62 136 6
62 141 59
62 150 79
62 152 73
62 160 29
62 168 10
62 170 47
62 178 66
62 181 83
62 187 46
62 193 60
62 77 31
62 81 59
62 210 88
62 211 82
62 216 57
62 103 73
62 105 33
62 116 87
62 119 90
62 251 44
63 262 58
63 136 29
63 142 38
63 147 36
63 153 72
63 165 98
63 297 90
63 177 77
63 200 35
63 203 25
63 207 54
63 225 69
63 103 42
63 237 73
63 241 86
63 119 98
63 250 14
63 126 3
63 247 44
64 131 14
64 261 35
64 150 26
64 159 89
64 166 62
64 177 31
64 180 62
64 181 48
64 196 48
64 197 17
64 72 36
64 204 86
64 213 26
64 215 65
64 219 10
64 226 50
64 233 39
64 240 81
64 122 26
64 252 16
64 127 1
65 258 71
65 136 86
65 137 50
65 279 93
65 284 28
65 168 33
65 298 15
65 174 58
65 192 22
65 66 41
65 67 56
65 72 87
65 201 82
65 202 17
65 210 55
65 217 20
65 107 94
65 113 75
65 121 56
65 124 73
66 257 30
66 263 71
66 139 7
66 282 78
66 286 28
66 176 75
66 182 70
66 267 37
66 71 27
66 80 53
66 213 77
66 90 40
66 91 46
66 103 17
66 108 16
66 239 99
66 241 26
66 126 2
67 128 46
67 257 95
67 259 75
67 136 0
67 274 76
67 284 26
67 161 67
67 162 83
67 264 45
67 180 92
67 187 56
67 190 12
67 195 50
67 204 37
67 211 55
67 218 93
67 99 27
67 228 38
67 240 91
67 118 45
67 249 33
67 123 12
67 125 48
68 288 13
68 208 79
68 291 40
68 163 20
68 225 83
68 75 79
68 77 28
68 206 71
68 112 10
68 210 96
68 179 17
68 180 56
68 183 25
68 280 72
68 69 33
68 165 25
68 215 1
69 134 35
69 139 15
69 142 93
69 279 100
69 184 2
69 197 47
69 203 3
69 207 79
69 208 95
69 219 80
69 95 61
69 96 57
69 226 65
69 103 33
69 110 64
69 113 56
69 242 64
69 119 57
69 121 75
69 125 8
70 260 44
70 262 24
70 138 7
70 145 72
70 279 70
70 154 24
70 284 0
70 158 64
70 177 64
70 297 89
70 170 80
70 174 86
70 136 3
70 196 28
70 206 73
70 103 10
70 239 49
70 118 80
70 250 65
70 277 32
71 258 65
71 259 22
71 265 80
71 141 7
71 270 23
71 131 34
71 165 78
71 192 14
71 79 7
71 208 72
71 214 97
71 293 58
71 96 39
71 101 95
71 231 9
71 108 49
71 118 88
71 248 89
71 121 19
71 123 27
71 252 14
72 166 100
72 256 92
72 296 45
72 234 98
72 279 61
72 76 20
72 78 74
72 145 40
72 156 5
72 118 88
72 137 90
72 89 81
72 87 85
72 220 22
72 223 39
73 128 63
73 192 90
73 290 95
73 131 1
73 165 95
73 166 38
73 232 26
73 297 19
73 205 67
73 80 44
73 108 46
73 114 79
73 118 49
73 122 1
73 282 26
74 128 71
74 140 63
74 146 21
74 154 36
74 172 22
74 178 88
74 190 81
74 191 75
74 75 39
74 206 69
74 79 73
74 81 23
74 84 77
74 91 79
74 222 51
74 104 60
74 243 57
74 120 81
74 253 85
75 266 62
75 139 48
75 141 77
75 146 29
75 281 90
75 153 99
75 158 78
75 292 57
75 166 90
75 170 51
75 174 17
75 188 68
75 138 90
75 190 17
75 80 28
75 83 9
75 91 52
75 222 6
75 294 21
75 233 26
75 108 4
75 238 13
75 114 44
75 121 75
75 122 49
75 123 41
76 136 99
76 267 25
76 142 97
76 148 0
76 155 91
76 163 51
76 174 19
76 189 100
76 193 70
76 197 50
76 199 84
76 79 4
76 84 5
76 90 36
76 94 59
76 224 22
76 225 17
76 226 7
76 100 91
76 104 71
76 232 8
76 245 5
76 122 89
76 126 50
77 155 60
77 298 72
77 267 18
77 143 28
77 110 67
77 239 74
77 208 66
77 139 28
77 214 2
77 248 90
77 266 86
77 124 79
78 257 39
78 286 21
78 160 75
78 163 99
78 177 3
78 181 55
78 197 47
78 209 22
78 210 41
78 99 56
78 117 56
78 119 41
78 251 38
78 200 29
79 260 69
79 151 64
79 272 61
79 153 60
79 288 46
79 290 84
79 165 87
79 168 63
79 176 45
79 187 50
79 188 63
79 191 24
79 246 88
79 203 20
79 93 34
79 224 51
79 101 5
79 239 28
79 113 6
79 254 3
79 118 42
79 126 58
80 136 96
80 270 27
80 277 36
80 284 45
80 261 79
80 161 42
80 164 34
80 298 59
80 183 67
80 159 84
80 189 65
80 199 64
80 200 30
80 209 83
80 86 29
80 215 12
80 221 62
80 97 16
80 232 8
80 234 66
80 225 66
80 242 58
80 249 13
81 262 83
81 140 58
81 271 92
81 148 68
81 278 37
81 281 87
81 160 93
81 161 4
81 293 36
81 167 96
81 299 22
81 182 38
81 82 60
81 211 89
81 89 23
81 100 47
81 102 28
81 103 6
81 232 11
81 111 12
81 243 14
81 244 87
81 126 12
81 253 48
81 254 65
82 194 47
82 203 13
82 133 8
82 135 92
82 266 27
82 299 72
82 238 34
82 157 2
82 259 57
82 85 75
82 186 24
82 271 56
82 124 34
82 221 1
82 286 85
83 262 2
83 135 85
83 136 80
83 267 5
83 272 52
83 275 12
83 148 82
83 152 71
83 154 7
83 157 52
83 286 26
83 288 16
83 297 100
83 183 22
83 188 72
83 205 78
83 209 93
83 84 43
83 87 73
83 227 0
83 239 6
83 119 63
83 248 26
83 123 33
83 124 5
83 255 83
84 135 97
84 270 48
84 147 16
84 152 11
84 293 62
84 186 78
84 190 91
84 208 99
84 212 19
84 220 54
84 107 16
84 240 85
84 113 50
84 243 33
84 121 28
84 127 57
85 257 19
85 131 89
85 133 0
85 264 91
85 137 59
85 267 74
85 269 10
85 274 40
85 290 46
85 298 36
85 171 1
85 182 6
85 265 38
85 199 60
85 216 45
85 89 55
85 224 75
85 226 79
85 103 97
85 234 99
85 113 54
85 114 28
85 252 7
86 132 23
86 147 44
86 276 45
86 161 73
86 162 100
86 163 50
86 298 27
86 299 33
86 172 93
86 183 70
86 192 5
86 194 18
86 201 28
86 215 22
86 90 68
86 105 78
86 107 11
86 239 83
86 114 64
86 127 0
87 130 71
87 135 30
87 141 18
87 145 95
87 148 63
87 153 24
87 287 13
87 176 17
87 164 86
87 294 15
87 298 94
87 187 52
87 191 32
87 204 95
87 205 1
87 206 62
87 208 94
87 211 28
87 216 67
87 220 41
87 221 81
87 224 40
87 240 66
87 115 75
87 250 79
88 259 95
88 108 30
88 141 11
88 152 90
88 155 13
88 295 94
88 171 4
88 178 42
88 194 86
88 140 65
88 206 26
88 209 23
88 210 28
88 215 19
88 90 47
88 224 64
88 99 16
88 231 61
88 232 91
88 107 41
88 236 39
89 256 15
89 147 0
89 279 22
89 153 7
89 164 20
89 173 39
89 177 28
89 286 64
89 244 32
89 189 65
89 195 19
89 90 58
89 235 99
89 239 24
89 112 49
89 116 9
89 122 1
89 252 27
90 137 53
90 268 71
90 194 80
90 156 82
90 286 90
90 289 87
90 291 61
90 296 52
90 191 30
90 193 82
90 209 77
90 211 74
90 216 61
90 96 86
90 225 64
90 107 25
90 108 16
90 246 61
90 122 71
91 130 58
91 133 90
91 262 55
91 139 5
91 269 20
91 155 7
91 289 88
91 292 65
91 173 32
91 213 41
91 214 49
91 215 57
91 234 85
91 240 93
91 245 83
91 124 52
91 255 19
92 260 88
92 141 42
92 150 10
92 151 53
92 153 80
92 289 75
92 165 17
92 296 95
92 171 95
92 174 91
92 188 19
92 195 86
92 197 90
92 204 62
92 211 69
92 185 0
92 216 24
92 224 28
92 228 24
92 101 49
92 122 91
92 252 32
92 254 5
93 256 32
93 135 68
93 145 38
93 149 59
93 279 6
93 156 13
93 157 52
93 294 72
93 169 3
93 285 67
93 139 15
93 205 38
93 214 69
93 207 57
93 222 84
93 101 20
93 102 35
93 231 61
93 234 45
93 103 35
93 236 58
93 247 67
93 255 44
94 256 0
94 128 91
94 258 8
94 148 87
94 149 93
94 281 32
94 161 7
94 175 56
94 183 83
94 189 44
94 190 92
94 199 94
94 224 34
94 114 1
94 117 26
94 124 56
94 126 17
95 100 11
95 226 51
95 132 52
95 293 0
95 297 47
95 258 93
95 238 91
95 143 11
95 208 26
95 140 93
95 169 48
95 137 56
95 217 34
95 250 93
95 265 95
95 261 77
96 134 60
96 276 67
96 283 78
96 157 49
96 158 74
96 168 30
96 170 22
96 199 16
96 173 43
96 286 93
96 187 38
96 99 76
96 228 35
96 102 62
96 232 51
96 252 33
96 236 86
96 125 39
96 104 15
96 245 46
96 251 60
96 124 85
96 298 61
97 264 54
97 271 13
97 152 49
97 276 41
97 153 64
97 283 9
97 287 100
97 166 98
97 159 75
97 191 4
97 203 55
97 205 57
97 212 100
97 229 66
97 102 17
97 231 75
97 108 45
97 118 99
97 119 92
97 120 69
97 122 4
97 253 33
98 131 58
98 263 81
98 264 59
98 268 6
98 141 30
98 270 9
98 145 41
98 160 13
98 163 1
98 294 5
98 172 39
98 197 99
98 201 22
98 210 98
98 211 47
98 229 39
98 108 4
98 239 54
98 116 69
98 119 53
99 262 99
99 263 6
99 268 64
99 150 11
99 279 12
99 156 90
99 168 90
99 169 89
99 183 87
99 188 2
99 190 42
99 191 18
99 224 82
99 197 90
99 199 42
99 232 57
99 240 71
99 113 35
99 115 27
100 139 37
100 143 22
100 276 39
100 152 73
100 154 10
100 286 46
100 297 12
100 181 59
100 288 83
100 199 52
100 247 18
100 207 38
100 233 86
100 237 32
100 113 51
100 119 32
100 255 88
101 128 14
101 261 6
101 134 41
101 143 79
101 150 21
101 281 69
101 154 87
101 159 81
101 162 83
101 293 25
101 197 28
101 198 54
101 201 46
101 217 12
101 165 95
101 228 81
101 118 66
102 258 87
102 261 55
102 262 16
102 264 47
102 140 77
102 141 14
102 142 42
102 145 47
102 287 10
102 289 20
102 163 10
102 296 68
102 195 78
102 246 40
102 203 78
102 222 70
102 239 0
102 240 81
102 118 39
102 252 77
103 257 24
103 262 59
103 264 31
103 258 54
103 274 17
103 150 59
103 284 80
103 158 36
103 168 32
103 170 63
103 181 51
103 185 20
103 198 82
103 207 7
103 209 88
103 211 40
103 226 41
103 227 66
103 235 85
103 242 17
103 116 49
103 255 16
103 127 73
104 129 13
104 133 84
104 264 35
104 266 99
104 143 36
104 152 13
104 281 14
104 167 88
104 297 19
104 180 22
104 181 54
104 198 17
104 214 88
104 248 5
104 250 82
104 123 79
105 262 83
105 143 44
105 272 45
105 150 1
105 152 14
105 282 96
105 164 57
105 297 27
105 172 92
105 188 61
105 197 76
105 204 41
105 221 79
105 223 71
105 224 73
105 233 32
105 243 81
105 119 34
105 251 34
105 125 31
106 258 18
106 266 59
106 260 60
106 154 84
106 288 61
106 177 10
106 191 40
106 197 12
106 211 36
106 222 53
106 223 1
106 224 44
106 234 52
106 116 97
106 245 2
106 247 48
106 123 81
107 143 6
107 152 98
107 158 79
107 202 84
107 206 15
107 228 94
107 230 77
107 234 41
107 236 19
107 242 18
107 116 15
107 117 81
107 118 95
107 212 20
108 264 76
108 143 100
108 151 100
108 284 51
108 286 89
108 193 5
108 203 15
108 118 6
108 208 56
108 217 60
108 218 16
108 271 58
108 227 82
108 246 67
109 291 18
109 114 46
109 130 22
109 295 2
109 242 86
109 172 94
109 146 88
109 174 76
109 175 20
109 272 36
109 274 61
109 179 81
109 181 96
109 246 75
109 186 32
109 251 21
109 252 5
109 154 28
110 263 20
110 136 50
110 151 83
110 280 54
110 288 82
110 161 77
110 294 91
110 295 83
110 169 92
110 175 95
110 176 89
110 180 19
110 181 85
110 208 0
110 210 44
110 216 37
110 218 62
110 229 59
110 111 52
110 240 58
110 113 62
110 114 84
110 117 98
110 250 58
111 225 7
111 167 18
111 168 25
111 138 36
111 146 0
111 239 59
111 184 92
111 122 22
111 123 87
111 222 63
112 261 20
112 258 79
112 270 87
112 145 62
112 148 19
112 164 89
112 183 78
112 191 27
112 288 62
112 290 8
112 269 66
112 218 72
112 252 33
112 239 60
112 124 48
112 253 61
113 271 69
113 144 41
113 279 73
113 283 23
113 180 89
113 196 36
113 202 53
113 204 55
113 227 71
113 243 54
113 116 1
114 138 17
114 151 76
114 156 11
114 159 96
114 167 92
114 296 2
114 175 54
114 158 61
114 197 21
114 204 48
114 215 57
114 224 86
114 240 52
115 214 21
115 225 11
115 162 70
115 166 52
115 173 5
115 270 87
115 271 68
115 153 89
115 155 41
115 130 4
116 129 81
116 133 24
116 268 8
116 144 96
116 274 60
116 290 30
116 163 80
116 185 68
116 192 96
116 194 92
116 195 64
116 196 95
116 237 3
116 239 41
116 118 73
116 255 20
117 256 55
117 136 62
117 137 25
117 267 95
117 145 17
117 284 87
117 162 98
117 163 53
117 295 12
117 181 52
117 184 70
117 202 47
117 206 31
117 208 1
117 246 92
117 120 52
117 249 89
117 252 91
118 257 62
118 230 41
118 135 17
118 136 100
118 270 51
118 144 64
118 282 11
118 284 10
118 286 63
118 289 91
118 296 77
118 173 13
118 181 84
118 194 30
118 209 60
118 250 34
118 199 33
118 244 91
118 122 76
118 254 39
118 127 92
119 256 43
119 262 39
119 135 93
119 140 3
119 277 94
119 150 99
119 289 75
119 168 46
119 170 69
119 175 86
119 177 83
119 204 28
119 206 38
119 217 34
119 218 58
119 224 90
119 232 27
119 236 1
119 241 33
119 254 27
119 127 39
120 129 17
120 258 58
120 203 54
120 293 7
120 297 53
120 267 9
120 208 82
120 245 38
120 215 76
120 184 16
120 185 98
120 156 67
120 265 33
120 247 24
121 262 23
121 142 38
121 144 59
121 157 56
121 287 18
121 290 51
121 169 41
121 188 99
121 193 14
121 199 89
121 200 79
121 205 5
121 238 30
121 240 34
121 122 57
122 129 54
122 261 11
122 257 4
122 271 28
122 161 87
122 165 4
122 170 43
122 173 65
122 178 61
122 188 32
122 199 44
122 210 83
122 242 43
122 247 30
122 254 71
123 136 77
123 266 45
123 275 41
123 279 71
123 286 95
123 288 100
123 165 17
123 171 3
123 184 70
123 188 48
123 160 38
123 194 58
123 197 63
123 201 56
123 215 0
123 225 96
123 237 5
123 147 62
123 247 4
123 249 71
124 261 74
124 272 29
124 289 54
124 167 18
124 168 49
124 298 44
124 243 92
124 191 96
124 218 21
124 232 94
124 210 12
124 211 98
124 251 17
125 256 39
125 264 90
125 273 82
125 277 51
125 279 50
125 280 60
125 282 35
125 168 34
125 183 86
125 209 80
125 215 85
125 224 61
125 230 30
125 234 4
125 248 51
126 256 32
126 129 26
126 268 5
126 273 85
126 146 93
126 275 17
126 280 43
126 163 0
126 164 38
126 169 69
126 170 22
126 217 51
126 224 56
126 235 11
126 236 30
126 244 21
126 247 71
126 254 19
126 127 83
127 131 7
127 135 38
127 270 26
127 271 2
127 156 87
127 159 55
127 177 39
127 212 92
127 143 39
127 220 21
127 294 5
127 249 38
127 253 68
128 161 98
128 193 33
128 167 59
128 174 33
128 176 56
128 275 65
128 212 66
128 286 9
128 246 10
128 153 97
128 271 90
129 258 45
129 132 30
129 135 92
129 138 14
129 270 34
129 285 85
129 191 82
129 198 82
129 200 55
129 227 22
129 251 60
129 254 32
130 259 87
130 267 10
130 269 43
130 272 17
130 273 35
130 277 74
130 278 85
130 165 100
130 294 1
130 177 51
130 203 24
130 232 5
130 236 16
131 256 54
131 224 85
131 164 64
131 138 79
131 173 24
131 273 58
131 202 81
131 281 20
131 191 78
131 220 19
131 186 43
132 141 78
132 142 14
132 276 42
132 153 81
132 284 10
132 164 83
132 166 59
132 299 22
132 183 25
132 199 13
132 202 91
132 203 83
132 185 80
132 253 97
133 227 37
133 261 63
133 197 88
133 168 2
133 190 42
133 204 36
133 255 14
133 159 85
133 222 94
133 296 45
134 267 32
134 271 27
134 152 10
134 168 84
134 297 71
134 173 78
134 177 8
134 198 57
134 203 7
134 209 29
134 211 89
134 213 93
134 218 32
134 246 72
135 260 97
135 256 23
135 279 92
135 157 38
135 292 16
135 293 92
135 177 72
135 183 62
135 200 51
135 247 59
135 233 85
135 210 67
135 239 11
136 193 35
136 267 50
136 273 65
136 274 13
136 148 80
136 151 63
136 293 5
136 196 11
136 206 39
136 222 100
136 223 0
136 208 74
136 146 92
136 240 52
136 253 0
136 254 79
137 262 37
137 149 31
137 278 77
137 163 96
137 293 27
137 294 83
137 190 86
137 211 61
137 217 63
137 235 43
137 252 10
138 261 40
138 262 31
138 147 51
138 276 61
138 277 12
138 278 74
138 285 64
138 299 7
138 242 84
138 178 67
138 191 83
138 234 64
138 246 4
139 260 15
139 267 48
139 144 4
139 151 16
139 154 60
139 155 37
139 156 20
139 290 99
139 187 87
139 199 51
139 204 28
139 220 70
139 275 84
140 258 63
140 266 41
140 141 97
140 147 23
140 281 34
140 282 29
140 286 99
140 287 70
140 174 6
140 175 31
140 193 99
140 197 35
140 203 40
140 204 19
140 211 4
140 169 42
140 218 19
140 209 91
140 243 81
140 255 45
141 265 6
141 173 56
141 281 48
141 292 34
141 293 47
141 169 27
141 175 4
141 178 80
141 184 30
141 206 27
141 245 50
141 255 92
142 257 16
142 266 98
142 151 11
142 269 55
142 153 1
142 155 83
142 294 47
142 295 71
142 169 45
142 191 52
142 205 48
142 206 19
142 219 30
142 227 74
142 241 16
142 244 81
142 252 55
143 161 52
143 162 15
143 167 29
143 205 16
143 269 2
143 281 93
144 264 81
144 150 0
144 158 23
144 164 96
144 165 15
144 295 63
144 299 43
144 188 96
144 216 29
144 219 80
144 225 49
144 235 47
144 236 62
144 242 4
144 247 12
145 273 40
145 150 59
145 280 17
145 153 82
145 293 61
145 170 42
145 175 10
145 190 23
145 198 77
145 203 12
145 226 6
145 211 0
145 214 55
145 223 63
145 232 2
145 241 100
145 251 76
146 274 6
146 151 18
146 281 72
146 290 8
146 163 15
146 295 34
146 205 90
146 215 38
146 225 74
146 230 0
146 233 71
146 242 85
146 244 92
147 261 0
147 274 6
147 148 86
147 164 24
147 173 57
147 176 30
147 179 70
147 181 44
147 183 23
147 186 93
147 203 40
147 232 33
147 250 64
147 252 47
148 171 95
148 276 97
148 280 4
148 154 12
148 159 83
148 163 27
148 294 93
148 296 24
148 299 90
148 182 96
148 191 55
148 196 69
148 199 88
148 269 11
148 227 93
148 241 24
148 211 92
149 267 1
149 276 0
149 277 4
149 285 83
149 161 87
149 167 79
149 175 98
149 289 92
149 207 90
149 217 82
149 224 0
149 221 12
150 261 93
150 264 43
150 273 96
150 275 13
150 154 42
150 159 58
150 289 31
150 162 91
150 163 17
150 179 77
150 186 80
150 218 94
150 232 87
150 241 90
150 245 88
151 262 18
151 238 82
151 294 73
151 195 46
151 198 47
151 201 1
151 270 51
151 220 82
151 231 9
151 246 97
152 258 44
152 270 0
152 282 9
152 286 31
152 183 74
152 189 42
152 191 51
152 197 86
152 202 70
152 203 25
152 208 60
152 219 89
152 226 74
153 282 20
153 161 53
153 167 93
153 299 54
153 179 42
153 195 94
153 270 62
153 232 36
153 234 47
153 238 5
153 252 66
154 258 6
154 259 15
154 280 53
154 292 13
154 296 58
154 169 98
154 174 28
154 200 9
154 221 44
154 226 37
154 240 11
154 251 24
155 272 44
155 280 32
155 283 97
155 287 45
155 291 88
155 298 38
155 173 54
155 178 80
155 180 95
155 196 92
155 199 55
155 216 92
155 218 41
155 242 43
155 249 96
156 165 65
156 184 13
156 223 86
156 174 45
156 264 74
156 244 4
156 278 81
156 183 15
156 219 81
157 263 56
157 270 91
157 278 49
157 282 91
157 286 93
157 180 40
157 186 50
157 214 4
157 224 78
157 239 6
157 243 77
157 251 91
158 289 73
158 232 13
158 203 41
158 270 96
158 275 93
158 277 90
158 201 33
158 159 41
159 290 85
159 291 37
159 257 43
159 169 16
159 224 39
159 175 64
159 241 56
159 213 88
159 185 22
159 222 39
160 256 74
160 272 62
160 277 15
160 285 80
160 162 60
160 169 37
160 179 38
160 184 78
160 192 9
160 203 66
160 207 42
160 206 57
160 214 65
160 225 29
160 243 32
160 248 86
160 253 80
161 196 52
161 217 9
161 223 97
161 208 47
161 189 89
161 275 100
161 246 17
161 253 78
162 290 97
162 182 100
162 193 9
162 198 88
162 221 20
162 222 50
162 229 80
162 226 19
163 262 44
163 282 45
163 287 11
163 289 13
163 290 23
163 165 8
163 168 41
163 169 21
163 178 10
163 209 76
163 212 40
163 222 43
163 236 17
163 245 22
164 274 27
164 281 2
164 282 17
164 283 11
164 294 43
164 295 54
164 299 43
164 176 6
164 180 44
164 193 20
164 196 91
164 211 26
164 214 83
164 216 23
164 227 49
164 242 4
164 249 16
164 250 68
165 263 7
165 290 85
165 292 98
165 293 96
165 203 50
165 204 41
165 222 88
165 223 68
165 243 34
165 247 12
166 259 52
166 264 5
166 270 21
166 278 68
166 169 0
166 200 38
166 185 19
166 203 99
166 197 68
166 207 19
166 214 59
166 216 79
166 223 33
166 230 79
166 249 87
167 279 23
167 168 62
167 242 29
167 177 65
167 178 21
167 191 36
167 199 8
167 205 47
167 208 19
167 213 99
167 224 30
167 227 24
168 262 60
168 290 33
168 291 68
168 293 97
168 298 35
168 176 80
168 183 30
168 205 97
168 240 70
168 248 33
169 264 81
169 273 71
169 277 57
169 283 79
169 180 25
169 267 48
169 225 32
169 232 83
169 235 12
169 246 42
170 258 77
170 261 7
170 265 17
170 281 26
170 290 24
170 262 26
170 184 31
170 229 97
171 259 90
171 276 91
171 280 10
171 282 3
171 286 78
171 292 59
171 299 11
171 174 35
171 232 33
171 239 65
172 260 99
172 262 6
172 267 9
172 258 62
172 275 16
172 286 92
172 176 25
172 198 50
172 206 8
172 209 45
172 216 33
172 232 60
172 237 19
172 242 57
172 245 11
172 246 84
172 233 94
172 251 23
173 258 37
173 260 62
173 271 81
173 286 80
173 288 80
173 200 87
173 238 69
173 241 49
174 257 19
174 258 17
174 270 13
174 278 40
174 260 35
174 290 50
174 298 84
174 175 52
174 181 18
174 185 1
174 195 32
174 199 79
174 201 76
174 208 24
174 211 84
174 223 28
174 227 10
174 229 26
174 247 54
174 253 21
175 259 38
175 260 91
175 237 63
175 274 83
175 296 6
175 298 59
175 299 96
175 179 21
175 195 40
175 204 56
175 205 82
175 212 60
175 215 15
175 216 54
175 229 8
175 230 11
175 246 63
175 247 35
176 256 63
176 291 79
176 204 67
176 177 64
176 244 65
176 214 14
176 280 11
176 220 52
176 277 65
177 257 68
177 261 48
177 265 30
177 269 98
177 286 97
177 288 36
177 292 78
177 178 85
177 190 41
177 223 89
177 228 11
177 237 19
177 239 47
177 245 39
177 234 60
177 254 12
177 255 76
178 271 38
178 298 12
178 181 37
178 196 49
178 208 10
178 214 96
178 219 66
178 224 37
178 236 8
178 248 96
178 252 29
179 266 54
179 279 31
179 286 19
179 292 97
179 294 14
179 185 59
179 186 67
179 218 34
179 234 54
179 238 7
180 257 14
180 260 59
180 231 47
180 239 89
180 232 36
180 195 50
180 213 54
181 269 32
181 297 84
181 298 95
181 190 25
181 191 2
181 202 83
182 266 51
182 272 30
182 288 88
182 293 96
182 296 31
182 188 64
182 197 46
182 206 98
182 225 42
182 228 57
182 235 18
182 238 92
182 243 58
182 247 94
182 252 39
182 254 53
183 279 40
183 287 62
183 188 30
183 189 52
183 192 56
183 194 25
183 198 80
183 229 30
183 231 18
183 250 4
183 252 82
184 256 58
184 268 65
184 280 96
184 211 8
184 229 52
184 230 3
184 240 17
184 242 56
184 244 16
185 264 75
185 271 22
185 280 53
185 291 85
185 192 38
185 193 93
185 231 26
185 245 29
185 253 0
186 281 32
186 289 5
186 285 75
186 202 36
186 218 53
186 221 49
186 243 42
186 255 4
187 259 45
187 266 22
187 277 2
187 289 3
187 189 89
187 199 86
187 200 4
187 227 18
187 237 59
187 246 9
188 267 26
188 270 79
188 273 35
188 279 96
188 291 24
188 192 19
188 213 45
188 226 43
188 233 17
189 258 70
189 266 43
189 272 91
189 276 54
189 283 55
189 196 34
189 198 48
189 201 84
189 206 94
189 213 71
189 218 62
189 225 68
190 296 45
190 195 79
190 211 67
190 213 25
190 215 28
190 217 20
190 221 16
190 226 15
190 242 2
190 252 76
190 254 2
191 277 30
191 282 0
191 289 67
191 197 38
191 200 84
191 208 5
191 233 24
191 254 23
192 293 12
192 294 85
192 296 12
192 299 81
192 206 56
192 220 20
192 228 77
193 262 12
193 263 27
193 272 55
193 274 63
193 277 39
193 280 23
193 296 77
193 197 84
193 199 69
193 209 57
193 226 42
193 234 67
193 240 89
193 254 46
194 259 2
194 203 65
194 272 18
194 271 96
194 221 47
194 223 11
195 256 94
195 283 48
195 291 86
195 208 61
195 212 23
195 213 59
195 230 92
195 231 48
195 237 53
195 238 3
195 248 80
196 257 62
196 273 37
196 288 77
196 290 51
196 201 97
196 203 46
196 204 63
196 210 8
196 245 51
196 255 85
197 262 17
197 269 14
197 271 12
197 277 4
197 280 24
197 260 53
197 295 66
197 203 77
197 205 71
197 224 82
197 227 21
197 231 31
197 248 67
198 224 25
198 240 38
198 242 24
199 263 97
199 286 37
199 290 88
199 249 67
199 242 46
200 267 31
200 273 65
200 277 38
200 284 22
200 207 67
200 213 9
200 223 55
200 226 73
200 228 1
200 241 77
200 242 46
200 246 57
200 250 34
200 252 34
201 270 74
201 259 71
201 206 35
201 210 98
201 216 35
201 220 90
201 228 46
201 238 87
202 229 18
202 209 10
202 292 73
202 220 4
202 253 67
203 230 55
203 281 88
203 216 25
203 223 93
203 224 97
203 225 92
203 236 3
203 244 56
204 264 58
204 291 59
204 294 97
204 232 37
204 244 18
205 257 96
205 284 1
205 285 4
205 287 77
205 251 33
206 272 53
206 283 12
206 293 33
206 211 0
206 214 82
206 271 11
206 233 21
206 248 44
207 258 17
207 260 43
207 261 80
207 268 38
207 280 60
207 282 85
207 291 22
207 299 71
207 211 1
208 273 85
208 279 15
208 286 98
208 291 56
208 298 19
208 213 5
208 219 83
208 224 48
208 232 44
208 238 80
208 243 93
208 249 67
208 253 99
209 263 25
209 267 59
209 288 31
209 254 10
210 261 17
210 262 81
210 269 98
210 276 29
210 226 69
210 239 99
211 270 62
211 277 86
211 286 9
211 288 94
211 292 29
211 213 1
211 219 29
211 235 38
211 241 88
212 258 74
212 266 73
212 281 65
212 287 46
212 292 37
212 215 89
212 218 53
212 219 34
212 220 72
212 233 32
212 250 94
213 214 16
213 231 29
213 242 15
213 252 13
214 271 2
214 279 51
214 283 32
214 288 90
214 292 67
214 224 80
214 240 71
214 242 63
214 285 64
214 250 20
215 259 29
215 241 87
215 249 80
215 282 13
216 242 21
216 243 23
216 252 5
217 257 12
217 298 39
217 289 37
218 266 76
218 267 40
218 284 98
218 293 8
218 297 5
218 230 22
218 253 46
219 257 34
219 264 48
219 281 66
219 290 85
219 267 67
219 270 42
219 241 22
219 245 18
220 279 88
220 281 47
220 286 50
220 227 36
220 232 14
220 237 29
220 255 74
221 258 13
221 282 94
221 283 16
221 287 82
221 297 99
221 229 67
221 232 87
221 239 3
221 246 33
221 251 17
222 258 59
222 276 99
222 297 52
222 264 27
222 290 83
222 226 25
222 235 95
222 239 42
222 241 1
222 242 8
222 253 3
223 256 77
223 289 79
223 241 15
224 268 45
224 282 15
224 284 27
224 299 23
224 228 95
224 237 72
224 238 0
224 239 92
224 249 9
225 278 37
225 289 47
225 290 40
225 296 30
225 299 72
225 293 67
225 230 0
225 240 22
225 246 26
226 263 64
226 289 22
226 228 4
226 252 52
227 259 62
227 263 92
227 265 86
227 291 32
227 242 88
227 251 28
228 269 68
228 278 95
228 282 14
228 284 78
228 285 52
228 242 50
228 253 48
228 255 48
229 278 27
229 282 43
229 285 82
229 287 46
229 294 74
229 231 68
230 272 36
230 273 72
230 275 17
230 274 38
230 243 57
230 249 94
231 265 77
231 269 100
231 274 65
231 279 54
231 299 83
231 254 87
232 265 100
232 266 34
232 285 60
232 283 46
232 299 74
232 243 55
232 233 7
232 275 42
232 255 75
233 276 52
233 277 78
233 289 94
233 295 83
233 245 25
234 278 69
234 280 42
234 288 3
234 294 23
235 266 19
235 267 96
235 286 23
235 284 69
235 277 19
236 257 13
236 272 69
236 274 52
236 280 31
236 292 3
236 241 62
236 249 93
237 259 69
237 298 88
237 267 77
237 272 1
237 274 60
237 276 32
237 252 99
237 284 87
238 265 13
238 287 81
238 291 5
238 262 90
238 296 88
238 251 96
239 269 27
239 278 25
239 291 74
239 288 55
239 255 10
240 259 51
240 269 64
240 280 10
240 264 95
240 241 43
241 259 67
241 258 93
241 270 11
241 282 63
241 293 46
241 296 72
241 246 62
241 252 27
242 277 74
242 243 46
243 273 14
243 282 89
243 284 72
243 290 57
243 250 82
244 263 22
244 275 75
244 289 61
244 245 64
244 255 53
245 262 22
245 268 47
245 276 69
245 294 39
246 259 40
246 261 75
246 267 41
246 285 24
246 251 34
247 298 40
247 275 81
248 284 30
248 286 74
248 290 82
248 295 58
248 254 28
249 258 71
249 259 86
249 262 39
249 276 77
249 286 8
249 298 42
249 288 59
250 251 58
250 291 94
251 258 20
251 260 40
251 274 97
251 278 62
251 282 47
251 290 5
251 297 83
252 270 34
252 272 72
252 296 44
253 256 100
253 261 26
253 286 0
253 297 70
253 299 69
253 264 20
254 259 64
255 256 54
255 270 58
255 275 13
255 287 70
255 293 12
255 277 79
256 263 91
256 296 62
256 299 49
257 269 0
257 274 42
257 287 80
258 263 56
258 270 72
258 272 65
258 276 51
259 279 85
259 282 93
260 299 79
261 265 9
261 276 91
261 277 77
262 272 15
262 275 21
262 276 3
262 283 36
263 275 16
263 283 51
263 291 32
264 265 13
264 287 98
264 289 32
264 267 31
265 280 39
265 283 59
265 286 90
265 295 81
266 271 36
266 277 52
266 294 48
267 298 27
268 299 7
268 279 84
268 280 74
268 281 94
269 270 63
269 281 88
269 290 12
269 295 41
270 277 74
270 282 52
270 288 90
270 283 55
271 274 83
271 277 91
271 293 81
272 279 94
272 278 81
273 280 59
273 286 14
274 281 92
274 295 52
275 279 44
275 285 58
275 293 0
276 279 54
276 283 91
276 293 82
277 299 82
277 298 30
278 295 22
279 280 8
279 282 42
279 292 100
279 295 21
280 285 69
281 285 63
281 289 33
281 295 22
282 298 35
283 290 84
283 298 24
284 288 26
284 289 44
287 288 21
287 292 80
287 296 17
288 299 54
291 294 85
291 297 74
297 299 48
