300 4000
0 112 8
0 162 51
0 132 60
0 295 87
0 39 86
0 265 64
0 45 58
0 257 100
0 290 10
0 269 100
0 271 79
0 50 49
0 115 30
0 52 42
0 246 42
0 23 15
0 248 65
0 153 43
0 59 38
0 28 14
0 143 62
1 135 73
1 264 40
1 275 26
1 20 47
1 277 45
1 26 0
1 111 14
1 31 70
1 160 87
1 33 82
1 34 41
1 35 13
1 40 4
1 41 77
1 51 86
1 52 51
1 53 70
1 184 15
1 32 64
1 204 26
1 208 18
1 209 33
1 291 67
1 224 14
1 105 81
1 107 70
1 239 54
1 245 9
2 260 81
2 261 83
2 8 74
2 142 6
2 276 92
2 149 25
2 278 69
2 27 71
2 30 2
2 287 15
2 290 57
2 35 30
2 167 17
2 40 72
2 172 92
2 48 100
2 186 54
2 60 41
2 192 94
2 203 93
2 210 41
2 100 84
2 110 15
2 113 1
3 258 59
3 135 49
3 9 80
3 19 1
3 276 14
3 23 81
3 154 23
3 42 83
3 46 75
3 53 42
3 57 14
3 71 28
3 120 34
3 89 98
3 90 49
3 219 31
3 92 14
3 225 11
3 230 63
3 233 57
3 106 9
3 236 20
3 237 97
3 105 61
3 248 80
3 121 58
3 254 34
4 133 50
4 7 68
4 265 23
4 139 20
4 141 72
4 143 15
4 144 77
4 145 70
4 26 28
4 294 59
4 295 6
4 297 42
4 299 27
4 46 78
4 49 4
4 51 90
4 53 19
4 137 66
4 189 20
4 63 85
4 65 12
4 198 79
4 76 43
4 206 40
4 216 75
4 219 77
4 225 45
4 236 44
4 238 15
4 242 70
4 116 98
4 123 50
4 252 53
5 137 5
5 13 89
5 270 67
5 271 37
5 160 81
5 162 26
5 169 77
5 298 52
5 191 10
5 64 67
5 69 88
5 201 81
5 202 51
5 141 80
5 218 58
5 95 38
5 237 3
5 239 23
5 240 45
5 244 75
5 246 35
5 120 82
6 7 87
6 265 78
6 18 96
6 276 44
6 32 37
6 290 57
6 174 10
6 49 79
6 50 60
6 55 45
6 56 51
6 58 18
6 60 74
6 64 22
6 76 98
6 212 58
6 216 100
6 91 40
6 223 87
6 97 1
6 228 32
6 111 44
6 114 10
6 115 23
6 148 91
6 122 97
7 133 97
7 10 92
7 109 6
7 27 30
7 28 98
7 285 49
7 161 85
7 39 91
7 179 35
7 184 83
7 95 98
7 68 96
7 70 81
7 33 90
7 75 77
7 79 46
7 212 85
7 220 2
7 223 94
7 96 96
7 123 17
7 107 32
7 236 45
7 237 45
7 59 99
7 119 11
7 251 12
8 137 97
8 144 76
8 17 95
8 148 38
8 155 57
8 30 3
8 31 43
8 163 87
8 295 81
8 170 13
8 173 56
8 55 62
8 197 52
8 76 35
8 208 88
8 82 43
8 213 84
8 92 44
8 105 10
8 237 93
8 240 57
8 251 36
8 255 19
9 130 61
9 260 82
9 265 93
9 266 69
9 67 77
9 280 3
9 26 83
9 290 42
9 42 67
9 185 13
9 189 7
9 62 85
9 65 78
9 66 64
9 195 40
9 202 12
9 203 80
9 204 39
9 162 24
9 207 89
9 210 66
9 225 29
9 100 43
9 230 10
9 236 72
9 110 72
9 244 16
9 249 5
10 214 27
10 134 61
10 16 39
10 147 13
10 277 51
10 28 23
10 157 83
10 261 96
10 164 26
10 52 61
10 53 62
10 196 26
10 202 71
10 226 84
10 86 100
10 89 13
10 96 74
10 98 5
10 100 59
10 229 13
10 233 28
10 109 8
10 110 35
10 244 14
10 252 24
11 256 74
11 260 6
11 261 46
11 138 65
11 139 99
11 140 38
11 141 97
11 15 23
11 272 88
11 24 42
11 274 57
11 23 7
11 152 27
11 282 6
11 285 12
11 38 38
11 296 20
11 41 59
11 42 91
11 29 35
11 49 52
11 178 94
11 181 41
11 185 48
11 190 28
11 73 33
11 228 1
11 102 51
11 112 12
11 254 85
12 129 38
12 134 36
12 264 89
12 13 77
12 272 4
12 17 47
12 146 43
12 151 74
12 154 78
12 288 98
12 289 50
12 39 79
12 170 45
12 179 1
12 189 25
12 190 91
12 208 25
12 213 31
12 224 100
12 100 31
12 103 8
12 249 5
12 123 52
13 209 15
13 274 26
13 151 45
13 155 82
13 30 31
13 31 70
13 33 34
13 35 64
13 261 84
13 40 87
13 41 25
13 175 11
13 177 9
13 180 20
13 59 60
13 161 39
13 268 11
13 206 60
13 208 19
13 81 40
13 121 89
13 92 54
13 227 35
13 101 2
13 231 70
13 108 79
13 109 64
13 244 28
13 126 4
13 246 16
13 248 4
13 249 7
13 123 32
13 254 61
14 196 66
14 133 7
14 200 86
14 73 23
14 75 58
14 236 52
14 269 68
14 79 19
14 177 58
14 50 41
14 84 76
14 181 60
14 24 21
14 216 0
14 89 53
14 223 70
14 150 24
14 85 100
15 22 72
15 135 82
15 142 20
15 275 64
15 276 37
15 150 3
15 152 50
15 284 41
15 37 6
15 41 25
15 170 48
15 299 13
15 172 75
15 46 25
15 177 25
15 178 36
15 188 12
15 71 58
15 204 34
15 211 29
15 84 25
15 213 10
15 87 84
15 216 12
15 230 12
15 233 45
15 234 40
15 114 79
15 120 81
15 249 78
15 124 96
15 125 55
16 261 73
16 139 70
16 142 87
16 144 53
16 280 45
16 27 17
16 69 90
16 287 4
16 292 49
16 166 54
16 296 87
16 179 24
16 57 54
16 186 83
16 62 30
16 197 14
16 200 80
16 211 84
16 86 17
16 88 50
16 92 52
16 93 57
16 99 32
16 107 79
16 124 73
16 126 42
16 127 90
17 130 29
17 262 58
17 267 35
17 144 86
17 25 5
17 161 49
17 36 92
17 293 20
17 43 72
17 48 13
17 180 52
17 204 37
17 223 78
17 239 4
17 117 82
17 119 11
17 120 89
17 249 73
17 252 33
17 255 26
18 264 5
18 140 30
18 271 60
18 275 88
18 277 54
18 29 24
18 287 84
18 160 76
18 35 75
18 39 48
18 173 50
18 53 18
18 61 6
18 195 61
18 201 15
18 74 18
18 78 51
18 208 97
18 84 60
18 213 8
18 214 77
18 217 95
18 90 19
18 224 4
18 80 20
18 229 3
18 102 0
18 109 97
18 238 48
18 244 99
18 246 87
18 248 41
18 255 50
18 127 38
19 290 12
19 100 33
19 229 82
19 232 5
19 140 19
19 142 45
19 27 93
19 22 27
19 177 1
19 67 71
19 20 76
19 278 39
19 282 83
19 59 76
19 252 30
19 222 62
20 64 71
20 194 4
20 196 57
20 118 42
20 167 97
20 138 26
20 110 82
20 177 67
20 50 99
20 212 31
20 86 11
20 266 62
20 251 28
20 252 67
20 221 13
20 223 99
21 128 46
21 80 100
21 175 0
21 293 62
21 130 45
21 298 41
21 43 44
21 268 65
21 173 35
21 142 43
21 47 16
21 176 20
21 241 61
21 109 97
21 85 33
21 111 27
21 281 89
21 154 41
21 91 63
21 189 21
21 190 99
22 256 88
22 132 83
22 133 34
22 134 8
22 23 76
22 270 42
22 274 44
22 279 87
22 282 1
22 284 82
22 30 43
22 31 93
22 160 15
22 34 92
22 35 31
22 36 61
22 39 17
22 172 34
22 47 61
22 177 94
22 50 17
22 286 59
22 59 57
22 189 60
22 193 88
22 67 10
22 70 24
22 208 57
22 81 6
22 83 91
22 88 47
22 219 35
22 222 71
22 223 3
22 227 13
22 228 28
22 111 80
22 240 87
22 113 74
22 119 25
23 130 2
23 278 83
23 264 80
23 138 49
23 277 23
23 24 33
23 25 70
23 282 50
23 283 94
23 30 21
23 38 5
23 171 27
23 179 73
23 181 58
23 183 70
23 191 36
23 213 37
23 99 77
23 233 64
23 114 57
23 116 15
23 118 14
23 249 26
23 122 12
23 251 72
24 139 46
24 271 17
24 146 4
24 195 75
24 277 19
24 283 41
24 157 32
24 158 89
24 164 62
24 165 21
24 295 54
24 168 22
24 299 67
24 173 46
24 175 51
24 54 35
24 184 88
24 187 9
24 63 76
24 193 50
24 73 1
24 87 82
24 88 0
24 220 42
24 224 18
24 233 41
24 234 44
24 107 32
24 236 50
24 114 74
24 126 32
25 258 74
25 260 92
25 262 6
25 142 49
25 272 76
25 147 88
25 155 69
25 29 38
25 162 49
25 43 90
25 285 19
25 176 16
25 52 45
25 181 8
25 182 45
25 70 27
25 73 63
25 76 44
25 207 42
25 83 58
25 212 53
25 225 85
25 273 73
25 234 91
25 249 24
25 251 4
25 253 73
26 131 52
26 268 67
26 278 0
26 284 3
26 158 73
26 288 35
26 35 45
26 36 35
26 37 12
26 40 57
26 28 94
26 47 21
26 185 8
26 186 83
26 191 49
26 65 22
26 198 37
26 201 85
26 291 72
26 116 61
26 117 82
26 246 16
27 257 11
27 265 2
27 139 13
27 268 61
27 130 28
27 147 98
27 269 10
27 44 35
27 183 57
27 64 31
27 204 17
27 206 39
27 207 46
27 218 95
27 227 96
27 100 44
27 101 4
27 102 21
27 231 99
27 106 52
27 242 98
27 148 14
27 127 3
28 258 69
28 131 39
28 272 4
28 147 64
28 278 95
28 156 41
28 162 39
28 166 3
28 296 98
28 92 41
28 53 85
28 58 95
28 59 82
28 190 63
28 67 86
28 199 66
28 203 23
28 76 28
28 209 82
28 86 76
28 89 47
28 90 87
28 220 31
28 221 65
28 226 2
28 104 70
28 238 100
28 115 75
28 62 46
28 41 59
29 129 88
29 261 11
29 262 9
29 265 67
29 140 7
29 280 90
29 31 20
29 298 14
29 173 20
29 47 74
29 94 77
29 56 18
29 72 16
29 73 37
29 222 57
29 95 6
29 97 65
29 231 34
29 108 70
29 244 49
30 86 40
30 263 97
30 264 68
30 138 79
30 276 43
30 279 48
30 37 43
30 38 91
30 296 73
30 43 20
30 44 10
30 174 92
30 176 24
30 178 15
30 179 4
30 52 86
30 56 11
30 62 72
30 193 32
30 200 3
30 214 32
30 108 40
30 237 7
30 110 32
30 168 7
30 243 95
30 124 81
30 125 13
31 256 64
31 107 40
31 135 74
31 264 38
31 265 88
31 142 34
31 153 95
31 289 30
31 34 41
31 35 49
31 295 99
31 172 33
31 47 46
31 176 88
31 190 25
31 193 42
31 68 5
31 200 97
31 73 81
31 88 6
31 220 51
31 94 11
31 97 21
31 102 40
31 105 39
31 235 22
31 116 41
31 117 70
32 59 85
32 166 79
32 161 9
32 284 58
32 236 32
32 45 54
32 84 55
32 117 58
32 250 71
32 187 81
32 92 36
32 165 19
33 131 81
33 133 26
33 268 32
33 271 62
33 145 62
33 147 60
33 162 99
33 292 62
33 294 23
33 298 84
33 263 29
33 45 52
33 182 69
33 57 8
33 78 71
33 84 71
33 38 1
33 239 72
33 242 0
33 116 28
34 262 25
34 263 28
34 152 47
34 153 13
34 162 93
34 165 22
34 167 88
34 42 22
34 43 48
34 173 40
34 53 99
34 56 8
34 63 9
34 66 93
34 195 90
34 68 32
34 197 33
34 71 94
34 201 79
34 202 98
34 214 21
34 218 35
34 228 77
34 230 57
34 234 15
34 240 100
34 242 98
34 120 93
35 256 97
35 133 9
35 135 23
35 128 63
35 144 37
35 275 98
35 279 32
35 281 39
35 283 77
35 161 92
35 45 19
35 177 24
35 222 88
35 186 92
35 191 78
35 211 63
35 89 39
35 90 37
35 94 38
35 230 29
35 235 36
35 242 87
35 254 51
36 66 75
36 251 4
36 159 41
36 226 30
36 245 97
36 240 61
36 148 90
36 181 59
36 183 82
36 216 23
36 223 78
36 222 11
36 213 34
37 128 0
37 258 85
37 264 21
37 137 36
37 267 73
37 270 60
37 151 20
37 156 71
37 43 37
37 176 32
37 178 74
37 52 16
37 184 43
37 57 48
37 58 54
37 193 89
37 70 41
37 72 82
37 81 91
37 83 12
37 185 84
37 93 20
37 104 93
37 105 9
37 117 34
38 131 94
38 262 96
38 279 29
38 149 70
38 280 71
38 282 39
38 51 92
38 52 35
38 189 69
38 62 86
38 64 3
38 198 43
38 201 40
38 89 36
38 221 35
38 232 35
38 240 21
38 116 90
38 250 17
38 124 98
38 125 74
38 127 21
39 133 40
39 264 65
39 265 47
39 271 64
39 146 61
39 282 39
39 166 22
39 297 87
39 299 100
39 45 49
39 57 7
39 195 21
39 76 9
39 208 68
39 84 37
39 213 87
39 220 6
39 94 9
39 96 64
39 123 95
39 103 9
39 232 70
39 238 13
39 240 51
39 251 62
40 174 4
40 152 51
40 153 54
40 154 26
40 294 96
40 298 90
40 46 26
40 178 29
40 116 22
40 58 40
40 193 9
40 198 23
40 223 6
40 224 92
40 98 93
40 102 87
40 104 38
40 233 38
40 239 42
40 244 87
40 251 41
41 129 8
41 130 52
41 171 99
41 264 53
41 144 94
41 154 33
41 155 75
41 285 100
41 286 44
41 159 68
41 160 28
41 299 100
41 44 52
41 178 65
41 51 37
41 184 63
41 287 98
41 60 24
41 76 66
41 214 4
41 215 18
41 100 98
41 234 80
41 109 57
41 239 15
41 123 97
41 253 60
42 138 79
42 143 32
42 145 11
42 275 32
42 153 61
42 164 44
42 297 20
42 43 13
42 44 67
42 178 10
42 187 69
42 60 26
42 191 42
42 76 52
42 210 86
42 211 5
42 85 88
42 90 28
42 222 99
42 96 33
42 131 55
42 236 21
42 109 86
42 238 78
42 244 22
42 248 13
42 255 39
43 268 92
43 147 67
43 159 29
43 291 96
43 294 23
43 183 83
43 65 61
43 199 40
43 207 33
43 81 58
43 87 98
43 90 66
43 221 14
43 145 100
43 104 26
43 110 92
43 248 85
43 127 33
44 279 77
44 129 61
44 139 19
44 105 13
44 262 12
44 225 48
44 264 84
44 235 44
44 46 89
44 180 97
44 128 34
44 148 5
44 85 81
44 281 63
44 249 76
44 154 62
45 262 59
45 267 11
45 269 80
45 146 53
45 151 53
45 155 25
45 287 51
45 168 88
45 46 6
45 47 95
45 176 93
45 55 68
45 56 76
45 191 13
45 64 67
45 198 95
45 72 53
45 73 7
45 79 15
45 209 63
45 86 34
45 218 97
45 94 58
45 97 10
45 99 77
45 81 94
45 105 0
45 238 81
45 248 47
45 250 32
46 261 31
46 137 64
46 142 37
46 275 3
46 278 90
46 154 33
46 286 16
46 175 4
46 182 96
46 55 59
46 60 22
46 66 11
46 203 69
46 204 90
46 85 66
46 92 89
46 95 59
46 112 43
46 245 12
46 118 20
46 121 4
47 259 56
47 134 3
47 264 81
47 146 77
47 276 77
47 155 73
47 156 89
47 290 88
47 167 88
47 170 38
47 174 82
47 181 38
47 57 7
47 201 56
47 202 44
47 80 12
47 218 84
47 249 93
47 123 33
48 261 33
48 269 58
48 279 63
48 154 80
48 164 72
48 176 20
48 49 94
48 181 85
48 190 58
48 64 85
48 193 86
48 204 80
48 207 4
48 84 80
48 94 37
48 223 58
48 100 34
48 101 66
48 116 90
48 247 40
48 254 43
49 265 90
49 268 83
49 142 67
49 271 81
49 145 44
49 147 88
49 277 12
49 289 40
49 293 77
49 168 58
49 53 8
49 187 49
49 66 79
49 198 68
49 207 41
49 209 34
49 270 21
49 217 63
49 218 71
49 96 96
49 98 55
49 103 9
49 108 100
49 112 34
50 257 19
50 262 81
50 267 40
50 141 29
50 271 38
50 272 51
50 155 93
50 284 41
50 170 68
50 175 60
50 180 26
50 181 86
50 186 50
50 63 0
50 198 98
50 76 35
50 215 1
50 95 38
50 228 78
50 108 48
50 111 99
50 241 74
50 119 30
50 252 6
50 253 42
50 255 21
51 132 82
51 134 90
51 129 97
51 151 18
51 280 42
51 282 85
51 164 6
51 62 47
51 64 7
51 195 1
51 69 45
51 198 52
51 77 93
51 210 67
51 212 69
51 93 31
51 105 67
51 248 70
52 160 92
52 262 56
52 145 35
52 137 20
52 267 34
52 82 82
52 112 15
52 88 54
52 210 46
52 85 76
52 290 37
52 146 36
53 279 80
53 144 98
53 273 46
53 151 59
53 280 100
53 154 87
53 283 77
53 285 97
53 286 32
53 293 56
53 294 42
53 295 66
53 299 16
53 175 99
53 197 3
53 204 60
53 206 40
53 85 30
53 217 23
53 91 4
53 220 81
53 97 28
53 102 41
53 167 27
53 239 10
53 240 8
53 241 72
53 114 1
53 250 95
53 125 63
54 224 36
54 289 93
54 195 38
54 132 55
54 199 90
54 299 24
54 204 79
54 237 36
54 111 100
54 176 67
54 177 42
54 82 5
54 211 46
54 85 20
54 150 16
54 250 30
54 154 24
54 109 69
54 190 75
55 256 39
55 130 17
55 281 52
55 290 98
55 262 51
55 167 11
55 168 51
55 58 9
55 117 87
55 64 65
55 67 70
55 71 56
55 72 44
55 201 97
55 204 34
55 77 89
55 84 97
55 86 62
55 89 47
55 90 40
55 220 45
55 108 66
55 114 79
55 243 61
55 245 79
55 246 30
55 212 2
55 250 16
55 255 0
56 130 71
56 66 29
56 275 58
56 149 34
56 163 69
56 297 19
56 178 87
56 286 50
56 189 85
56 62 43
56 194 39
56 67 67
56 69 67
56 75 89
56 81 53
56 82 11
56 229 100
56 97 98
56 227 44
56 101 63
56 104 10
56 105 5
56 108 43
56 113 100
56 115 7
57 131 61
57 134 51
57 150 10
57 284 2
57 298 65
57 186 27
57 209 0
57 212 44
57 90 17
57 219 81
57 220 55
57 272 47
57 111 14
57 244 38
57 117 11
57 248 96
57 254 8
57 127 35
58 143 93
58 151 7
58 153 24
58 154 17
58 284 100
58 286 45
58 289 14
58 180 84
58 59 6
58 188 47
58 65 56
58 83 6
58 70 56
58 199 67
58 200 89
58 77 78
58 207 10
58 211 58
58 91 32
58 93 96
58 227 52
58 234 55
58 114 36
58 243 54
58 117 76
58 253 57
58 254 80
59 260 25
59 145 7
59 147 42
59 287 60
59 164 25
59 178 54
59 159 9
59 79 34
59 227 74
59 214 44
59 292 80
59 94 97
59 97 85
59 99 48
59 106 44
60 129 45
60 139 3
60 140 65
60 142 34
60 145 26
60 148 19
60 281 75
60 285 64
60 69 2
60 160 53
60 262 17
60 159 96
60 190 43
60 192 68
60 197 95
60 206 21
60 214 90
60 90 60
60 95 55
60 233 18
61 289 77
61 229 63
61 102 97
61 71 95
61 233 54
61 74 49
61 77 93
61 184 67
61 83 20
61 244 68
61 117 57
61 118 63
61 69 10
61 280 33
61 281 88
61 191 19
61 284 54
61 94 40
61 95 53
62 129 74
62 135 90
62 269 85
62 271 84
62 282 100
62 154 20
62 91 86
62 172 82
62 187 36
62 64 10
62 213 68
62 219 44
62 92 14
62 222 6
62 113 20
62 115 85
62 246 56
62 248 88
62 251 1
63 131 5
63 260 71
63 104 83
63 233 90
63 234 27
63 215 15
63 268 6
63 269 91
63 142 66
63 271 9
63 273 66
63 214 0
63 119 75
63 186 34
63 191 65
63 95 59
64 268 55
64 278 57
64 281 84
64 283 33
64 193 7
64 68 97
64 224 3
64 101 36
64 103 94
64 106 19
64 115 32
64 276 16
65 131 14
65 133 16
65 266 38
65 270 61
65 275 89
65 276 32
65 291 97
65 293 76
65 295 5
65 168 17
65 170 99
65 187 34
65 201 79
65 204 84
65 78 29
65 81 17
65 206 98
65 223 48
65 226 15
65 99 20
65 228 99
65 231 68
65 259 40
65 248 36
66 131 10
66 265 19
66 266 96
66 268 15
66 289 30
66 187 60
66 195 54
66 68 81
66 70 30
66 78 68
66 83 14
66 97 79
66 123 84
66 100 78
66 108 17
66 113 33
66 119 65
66 251 91
67 280 29
67 281 1
67 284 99
67 170 25
67 179 27
67 190 38
67 198 57
67 200 98
67 73 25
67 207 27
67 215 55
67 88 93
67 226 3
67 101 38
67 107 27
67 108 20
68 256 29
68 133 49
68 262 69
68 137 97
68 140 53
68 147 11
68 278 95
68 280 47
68 283 14
68 291 47
68 164 84
68 265 80
68 224 100
68 196 64
68 200 50
68 204 66
68 206 46
68 208 92
68 211 54
68 217 89
68 222 99
68 96 67
68 120 29
68 122 88
68 255 0
69 264 99
69 141 56
69 286 10
69 289 75
69 290 82
69 294 23
69 173 59
69 180 94
69 181 43
69 182 39
69 183 85
69 194 29
69 70 17
69 269 94
69 226 84
69 113 36
69 244 2
70 157 97
70 291 86
70 292 52
70 185 24
70 189 42
70 193 38
70 198 66
70 83 42
70 88 79
70 224 61
70 227 100
70 228 65
70 235 64
70 255 55
70 251 72
70 254 78
70 127 55
71 134 85
71 264 83
71 138 96
71 147 39
71 288 96
71 289 30
71 185 29
71 186 62
71 73 8
71 205 46
71 206 47
71 208 30
71 218 22
71 222 67
71 223 67
71 99 92
71 102 26
72 288 48
72 162 93
72 123 70
72 103 0
72 296 15
72 188 38
72 202 18
72 263 78
72 112 66
72 210 31
72 149 89
72 86 20
72 247 60
72 91 57
72 252 78
72 215 76
72 255 79
73 129 69
73 263 79
73 264 24
73 265 40
73 269 26
73 146 12
73 277 13
73 279 1
73 158 99
73 296 18
73 190 51
73 194 87
73 201 25
73 209 24
73 82 93
73 215 70
73 99 74
73 113 43
73 121 47
73 126 54
73 255 93
74 130 94
74 132 54
74 265 90
74 139 1
74 140 5
74 273 71
74 260 4
74 156 52
74 294 9
74 170 40
74 176 52
74 180 81
74 236 42
74 183 35
74 188 81
74 267 67
74 75 12
74 213 95
74 226 67
74 101 80
74 106 40
74 108 7
74 109 4
74 113 60
74 242 46
74 247 100
74 124 10
74 298 22
75 161 19
75 289 18
75 136 85
75 177 65
75 171 91
75 76 27
75 237 27
75 216 75
75 274 92
75 183 47
75 154 62
75 93 92
76 140 96
76 164 60
76 178 24
76 182 84
76 190 13
76 197 9
76 198 48
76 268 78
76 203 93
76 208 50
76 211 6
76 84 65
76 216 56
76 91 38
76 223 64
76 98 12
76 251 62
76 235 42
76 108 85
76 109 32
76 111 48
76 241 4
76 247 86
76 123 33
76 298 98
77 139 30
77 146 91
77 150 28
77 151 40
77 281 67
77 156 7
77 298 1
77 183 74
77 267 40
77 205 7
77 79 62
77 210 42
77 90 32
77 93 23
77 95 66
77 224 88
77 106 46
77 274 83
77 241 68
77 242 88
78 264 73
78 143 64
78 152 91
78 158 79
78 287 0
78 165 93
78 172 64
78 173 47
78 161 5
78 201 90
78 87 65
78 217 26
78 223 79
78 235 64
78 108 9
78 112 85
78 117 80
78 121 49
78 253 41
79 256 40
79 133 89
79 140 14
79 278 92
79 155 57
79 285 16
79 173 36
79 191 6
79 195 98
79 198 77
79 211 79
79 86 94
79 89 59
79 93 37
79 223 47
79 112 50
79 243 91
79 117 81
79 127 55
80 258 58
80 109 56
80 272 13
80 274 64
80 148 69
80 154 86
80 156 39
80 90 79
80 163 31
80 165 22
80 178 76
80 180 56
80 185 29
80 194 22
80 202 68
80 205 76
80 206 78
80 218 60
80 101 22
80 96 32
80 229 22
80 234 79
80 114 76
81 180 15
81 134 71
81 233 4
81 111 86
81 239 70
81 243 77
81 244 3
81 148 62
81 175 79
81 93 20
81 165 27
82 256 58
82 259 67
82 263 38
82 137 42
82 142 75
82 274 76
82 156 9
82 287 78
82 284 34
82 191 45
82 182 91
82 88 2
82 90 74
82 94 49
82 224 15
82 228 100
82 115 11
83 164 99
83 102 62
83 162 62
83 264 25
83 137 20
83 268 20
83 141 35
83 233 72
83 285 59
83 273 31
83 215 71
83 120 1
83 184 33
83 191 30
84 262 98
84 263 100
84 140 64
84 142 10
84 271 57
84 144 87
84 150 27
84 151 89
84 282 18
84 289 7
84 192 20
84 205 14
84 87 36
84 101 65
84 232 98
84 246 64
84 126 12
85 257 100
85 130 60
85 131 3
85 147 41
85 153 74
85 282 5
85 157 10
85 160 67
85 290 77
85 295 28
85 168 66
85 173 67
85 181 1
85 95 55
85 198 79
85 206 93
85 86 38
85 223 18
85 227 84
85 230 8
85 231 13
85 253 31
85 112 28
85 242 43
85 243 94
85 121 30
85 252 3
85 125 98
85 277 100
86 128 74
86 263 6
86 140 27
86 271 32
86 273 96
86 277 33
86 164 72
86 293 73
86 166 62
86 296 76
86 297 32
86 178 82
86 180 85
86 198 15
86 211 10
86 228 52
86 90 93
86 98 84
86 99 65
86 100 15
86 101 93
86 247 53
86 248 6
86 255 79
87 261 57
87 265 53
87 148 24
87 280 78
87 153 93
87 285 72
87 170 36
87 172 44
87 192 76
87 193 53
87 196 24
87 90 91
87 222 79
87 97 18
87 102 47
87 113 8
87 119 22
88 131 6
88 137 33
88 273 94
88 147 96
88 277 23
88 283 49
88 291 29
88 198 67
88 178 37
88 181 100
88 265 43
88 191 86
88 201 96
88 207 31
88 211 0
88 221 29
88 94 17
88 224 60
88 97 84
88 226 85
88 228 20
88 232 17
88 234 23
88 116 38
88 252 11
88 149 35
89 133 69
89 141 62
89 270 15
89 280 55
89 154 100
89 159 35
89 156 33
89 174 31
89 266 92
89 192 26
89 203 49
89 207 55
89 214 86
89 215 75
89 219 11
89 92 19
89 229 25
89 109 24
89 183 0
89 253 65
89 255 83
90 256 51
90 130 56
90 139 24
90 276 34
90 156 68
90 294 74
90 169 65
90 197 6
90 201 19
90 203 69
90 220 89
90 108 95
90 109 17
90 239 66
90 247 38
90 248 100
91 131 33
91 139 39
91 140 26
91 141 35
91 274 97
91 280 66
91 284 15
91 157 86
91 286 30
91 160 63
91 294 32
91 298 83
91 285 69
91 179 90
91 184 80
91 206 94
91 212 90
91 214 11
91 228 20
91 239 20
91 243 48
92 258 7
92 133 5
92 262 51
92 265 74
92 282 10
92 162 58
92 298 100
92 191 32
92 206 94
92 218 75
92 221 82
92 95 36
92 102 18
92 103 74
92 119 81
92 249 77
92 123 20
93 133 35
93 273 71
93 278 51
93 166 62
93 175 66
93 182 44
93 185 53
93 190 28
93 204 59
93 211 75
93 212 43
93 226 72
93 110 98
93 115 55
93 244 78
93 245 24
93 248 11
93 254 73
93 127 56
94 260 2
94 263 18
94 145 29
94 276 98
94 149 77
94 176 28
94 179 34
94 185 81
94 211 82
94 226 68
94 227 25
94 235 87
94 237 42
94 245 77
95 129 8
95 130 64
95 134 14
95 152 68
95 283 42
95 156 62
95 288 64
95 297 80
95 263 10
95 174 81
95 175 59
95 178 54
95 182 38
95 208 78
95 218 2
95 219 53
95 96 19
95 226 69
95 169 66
95 125 85
96 130 94
96 260 3
96 134 50
96 264 74
96 268 94
96 258 76
96 275 33
96 148 99
96 284 68
96 285 65
96 160 38
96 173 52
96 185 73
96 190 44
96 200 90
96 209 54
96 227 10
96 229 84
96 104 39
96 233 11
96 251 10
96 252 54
96 126 36
97 131 55
97 262 36
97 265 62
97 266 19
97 175 94
97 177 83
97 182 46
97 211 85
97 212 15
97 218 64
97 223 34
97 102 55
97 232 28
97 240 33
97 118 47
97 119 3
98 134 18
98 267 2
98 297 37
98 172 39
98 181 39
98 186 1
98 187 12
98 202 45
98 204 19
98 209 19
98 210 57
98 212 68
98 108 30
98 240 55
98 243 30
98 249 2
98 125 48
98 254 8
99 130 66
99 134 64
99 268 19
99 146 14
99 147 73
99 149 12
99 150 8
99 285 36
99 176 80
99 179 38
99 185 31
99 194 77
99 202 7
99 203 73
99 207 21
99 107 68
99 255 16
100 135 85
100 271 16
100 144 30
100 149 10
100 280 95
100 171 8
100 182 47
100 193 61
100 226 99
100 227 71
100 116 15
100 124 63
101 274 90
101 275 25
101 281 4
101 160 4
101 163 80
101 167 10
101 299 39
101 102 3
101 239 56
101 248 41
101 252 1
101 283 19
102 256 71
102 263 68
102 146 21
102 148 76
102 280 89
102 179 47
102 181 37
102 185 42
102 198 31
102 199 90
102 202 69
102 232 83
102 233 65
102 108 57
102 240 25
102 242 97
103 257 44
103 260 63
103 145 3
103 147 99
103 148 87
103 157 70
103 161 83
103 291 38
103 172 27
103 181 64
103 192 36
103 197 5
103 210 69
103 219 50
103 223 42
103 232 51
103 107 86
103 111 49
103 244 8
103 247 94
103 249 75
104 256 95
104 225 72
104 203 39
104 230 37
104 193 63
104 156 50
104 266 30
104 208 21
104 246 72
104 247 72
104 250 20
104 155 51
104 158 100
105 129 76
105 265 29
105 271 34
105 152 74
105 274 18
105 277 39
105 280 54
105 157 25
105 286 36
105 291 59
105 168 27
105 299 30
105 180 38
105 182 33
105 184 28
105 191 34
105 197 91
105 201 70
105 213 75
105 214 66
105 220 94
105 226 78
105 233 32
105 236 14
105 114 43
105 252 21
106 129 97
106 260 34
106 137 56
106 272 51
106 275 55
106 150 6
106 287 84
106 294 96
106 295 50
106 183 42
106 198 89
106 204 59
106 208 74
106 213 96
106 221 52
106 224 62
106 236 85
106 240 46
106 246 90
106 119 48
107 128 37
107 277 27
107 151 62
107 155 69
107 285 62
107 158 64
107 290 82
107 164 81
107 295 22
107 172 17
107 198 36
107 200 10
107 218 61
107 220 62
107 222 81
107 228 48
107 233 49
107 235 63
107 110 2
107 119 69
107 248 67
107 250 63
108 129 28
108 131 61
108 132 30
108 144 91
108 273 53
108 298 15
108 173 29
108 186 67
108 198 64
108 211 83
108 219 21
108 224 6
108 226 91
108 249 55
108 126 71
109 256 27
109 130 51
109 262 64
109 135 57
109 137 55
109 140 13
109 274 36
109 148 16
109 160 27
109 162 16
109 186 64
109 189 24
109 169 47
109 182 55
109 216 57
109 116 23
109 119 25
109 120 51
109 250 57
109 127 51
110 135 27
110 272 64
110 157 40
110 159 35
110 293 11
110 176 84
110 179 59
110 186 33
110 189 78
110 202 61
110 206 88
110 226 91
110 228 18
110 237 95
110 238 18
110 121 46
111 270 25
111 286 39
111 295 82
111 297 10
111 180 6
111 185 45
111 191 37
111 196 3
111 200 81
111 251 0
111 217 14
111 227 60
111 239 36
111 116 24
111 117 44
111 247 99
111 123 73
111 127 24
112 194 66
112 195 50
112 285 36
112 138 19
112 151 71
112 146 69
112 117 84
112 182 92
112 215 1
112 124 24
112 170 67
112 254 13
113 139 29
113 140 4
113 281 3
113 165 29
113 295 52
113 170 63
113 187 64
113 267 19
113 203 62
113 220 3
113 224 82
113 250 19
113 125 54
113 254 81
114 264 7
114 273 49
114 274 80
114 147 9
114 148 57
114 159 93
114 160 14
114 296 68
114 298 61
114 190 88
114 203 48
114 237 50
114 116 82
114 120 99
114 254 26
115 288 30
115 289 31
115 259 37
115 292 69
115 262 42
115 231 98
115 204 86
115 146 25
115 142 89
115 149 54
115 282 17
115 251 73
115 181 32
116 171 72
116 268 45
116 143 56
116 273 41
116 151 75
116 280 27
116 283 41
116 289 43
116 162 95
116 299 30
116 173 93
116 174 60
116 178 95
116 183 7
116 185 30
116 198 90
116 207 50
116 271 58
116 243 34
116 252 41
117 258 70
117 266 11
117 130 7
117 142 19
117 145 64
117 150 94
117 279 90
117 152 14
117 289 66
117 167 48
117 177 40
117 182 18
117 192 15
117 288 9
117 222 41
117 165 69
117 224 26
117 230 59
117 244 3
117 118 44
117 250 10
118 214 11
118 194 99
118 229 87
118 136 39
118 169 12
118 298 2
118 175 60
118 272 10
118 152 59
118 210 68
118 246 33
118 216 91
118 219 41
118 191 47
119 263 62
119 194 86
119 142 21
119 216 1
119 280 76
119 288 71
119 297 50
119 171 43
119 182 39
119 196 7
119 200 97
119 217 0
119 246 73
119 255 62
120 263 52
120 137 3
120 147 66
120 158 81
120 182 18
120 189 97
120 199 41
120 205 78
120 206 84
120 222 22
120 227 6
120 231 29
120 234 20
120 247 50
120 248 66
121 288 4
121 160 73
121 186 40
121 198 21
121 203 80
121 237 88
121 273 45
121 146 47
121 244 81
121 183 42
121 280 75
121 218 72
121 189 42
122 130 23
122 261 83
122 263 98
122 138 100
122 151 38
122 270 77
122 277 56
122 150 23
122 279 51
122 159 33
122 291 30
122 292 85
122 167 80
122 135 45
122 189 48
122 199 31
122 207 98
122 209 9
122 214 96
122 216 6
122 220 68
122 225 60
122 226 80
122 229 41
122 238 1
122 244 1
122 247 29
123 256 55
123 271 80
123 274 25
123 275 97
123 289 71
123 290 34
123 169 45
123 263 42
123 187 81
123 189 17
123 196 25
123 143 60
123 222 70
123 241 21
123 249 44
123 127 34
124 224 74
124 163 84
124 225 31
124 202 73
124 203 5
124 238 46
124 131 44
124 292 61
124 156 82
124 159 72
125 130 96
125 262 55
125 263 0
125 297 54
125 234 84
125 166 56
125 172 24
125 244 25
125 215 15
125 152 75
125 186 14
125 265 74
126 224 42
126 263 94
126 232 59
126 268 9
126 207 81
126 249 67
126 250 93
126 283 47
126 188 43
127 128 0
127 257 81
127 131 93
127 262 14
127 137 41
127 256 2
127 271 23
127 153 49
127 157 96
127 292 80
127 299 51
127 175 52
127 184 7
127 146 75
127 225 81
127 166 30
127 236 55
127 249 5
127 254 44
128 139 89
128 261 39
128 252 53
128 170 61
128 210 100
128 131 12
128 149 42
128 279 45
128 250 48
128 283 11
128 156 91
128 285 100
129 262 24
129 136 51
129 275 69
129 286 89
129 162 12
129 292 34
129 134 12
129 170 92
129 285 27
129 247 4
129 238 18
129 241 69
129 268 50
129 169 37
130 266 76
130 281 90
130 282 60
130 163 66
130 293 45
130 178 60
130 202 40
130 192 67
130 198 25
130 206 48
130 209 90
130 216 23
130 232 1
131 261 63
131 142 3
131 156 90
131 285 94
131 158 24
131 159 5
131 292 82
131 178 88
131 189 9
131 222 98
131 239 70
131 170 78
132 135 96
132 139 81
132 142 28
132 271 61
132 145 1
132 275 92
132 276 80
132 281 97
132 157 17
132 286 42
132 289 29
132 162 93
132 295 54
132 173 85
132 200 51
132 201 65
132 207 84
132 221 42
132 228 84
132 248 17
132 250 70
133 147 73
133 276 78
133 278 84
133 285 61
133 158 41
133 288 65
133 292 18
133 294 47
133 168 70
133 169 13
133 173 81
133 189 12
133 191 11
133 239 68
133 240 18
133 254 33
134 179 27
134 263 91
134 145 34
134 275 97
134 151 81
134 152 1
134 160 75
134 170 16
134 199 80
134 172 85
134 187 45
134 189 78
134 288 69
134 195 86
134 197 10
134 205 43
134 241 57
134 247 94
134 248 10
135 256 59
135 229 75
135 294 50
135 297 94
135 139 28
135 268 35
135 240 21
135 214 64
135 152 51
135 207 37
136 288 43
136 160 70
136 264 15
136 170 19
136 142 19
136 176 18
136 209 32
136 242 28
136 144 30
136 180 16
136 277 91
136 287 76
136 156 40
136 191 11
137 226 15
137 243 75
137 139 80
137 140 50
137 145 26
137 244 29
137 152 75
138 256 51
138 262 31
138 263 87
138 141 72
138 145 73
138 274 39
138 281 16
138 157 38
138 171 84
138 286 45
138 213 28
138 218 91
138 231 12
138 238 67
138 239 59
138 252 22
139 257 55
139 262 74
139 269 30
139 271 34
139 272 21
139 154 74
139 291 31
139 293 38
139 205 79
139 236 37
140 269 20
140 284 81
140 158 47
140 159 52
140 289 84
140 296 18
140 175 15
140 180 0
140 183 71
140 267 9
140 198 4
140 208 90
140 220 53
140 234 61
140 248 31
141 259 9
141 265 25
141 142 72
141 273 6
141 284 66
141 288 64
141 299 96
141 185 66
141 191 91
141 196 31
141 202 33
141 221 28
141 226 74
141 229 68
141 240 35
141 255 62
142 263 33
142 267 40
142 146 70
142 294 92
142 168 36
142 173 96
142 180 0
142 181 50
142 193 38
142 200 100
142 214 75
142 237 83
142 240 18
142 246 16
143 256 3
143 261 46
143 270 75
143 146 45
143 276 81
143 285 67
143 287 63
143 165 75
143 295 19
143 296 60
143 297 46
143 172 23
143 179 68
143 184 59
143 190 56
143 201 14
143 210 0
143 213 55
143 240 51
143 250 11
144 267 27
144 269 43
144 151 95
144 283 97
144 289 32
144 295 43
144 299 100
144 173 34
144 178 50
144 201 53
144 222 43
144 225 88
144 235 48
144 241 14
144 243 2
144 253 12
145 299 84
145 150 73
145 151 52
145 291 29
145 198 97
145 213 10
145 214 67
145 229 83
145 237 60
145 251 74
145 252 30
146 277 46
146 267 98
146 148 29
146 149 94
146 201 59
146 175 55
146 293 66
146 298 58
146 171 71
146 183 96
146 197 91
146 210 56
146 214 100
146 230 2
146 255 27
147 256 10
147 269 58
147 270 49
147 196 8
147 282 60
147 172 11
147 176 40
147 188 36
147 190 44
147 195 60
147 200 71
147 220 4
147 231 0
147 246 10
148 269 46
148 153 43
148 286 19
148 161 58
148 166 7
148 167 9
148 298 77
148 183 33
148 185 5
148 202 11
148 206 59
148 217 30
148 274 18
148 241 72
148 243 4
149 289 56
149 165 81
149 199 73
149 269 1
149 176 4
149 241 30
149 213 74
149 186 62
149 282 100
149 197 45
150 260 93
150 200 85
150 265 82
150 259 26
150 247 32
150 248 48
150 239 91
150 190 51
151 257 66
151 261 58
151 265 17
151 277 17
151 278 85
151 158 97
151 160 24
151 296 66
151 297 71
151 299 77
151 177 23
151 185 5
151 189 50
151 191 8
151 227 24
151 229 25
151 233 69
151 245 35
151 249 50
151 251 57
152 256 69
152 261 90
152 155 55
152 158 97
152 162 47
152 163 86
152 169 25
152 177 73
152 178 42
152 179 86
152 180 1
152 181 21
152 182 88
152 197 52
152 212 43
152 213 12
152 271 81
152 238 27
153 261 78
153 262 2
153 267 58
153 270 53
153 281 22
153 157 74
153 162 69
153 164 78
153 165 69
153 168 15
153 170 81
153 183 18
153 190 82
153 208 33
153 292 7
153 221 93
153 232 95
153 233 51
153 296 5
153 248 38
154 256 23
154 268 5
154 280 15
154 159 53
154 290 34
154 293 75
154 173 99
154 191 99
154 203 10
154 210 28
154 218 41
154 238 94
155 224 65
155 193 70
155 226 52
155 198 19
155 263 23
155 266 65
155 267 78
155 273 76
155 215 6
155 221 70
156 256 22
156 269 29
156 274 83
156 161 70
156 164 29
156 284 25
156 178 1
156 192 88
156 231 77
156 297 91
156 253 25
157 285 78
157 219 77
157 165 47
157 294 65
157 177 8
157 266 57
157 209 10
157 211 21
157 218 25
157 226 15
158 294 100
158 269 42
158 271 14
158 272 63
158 288 4
158 166 2
158 186 61
158 226 75
158 227 74
158 229 33
159 276 89
159 280 0
159 160 5
159 296 71
159 182 36
159 204 37
159 247 43
159 248 92
159 254 54
160 271 89
160 280 91
160 167 20
160 168 84
160 179 59
160 196 55
160 197 92
160 215 46
160 223 10
160 225 29
160 229 8
160 250 88
161 257 25
161 267 70
161 268 10
161 280 69
161 292 68
161 293 81
161 298 24
161 184 51
161 208 21
161 214 72
161 224 43
161 239 22
161 248 68
161 253 8
162 259 79
162 263 10
162 270 86
162 272 16
162 273 34
162 284 25
162 183 43
162 186 13
162 197 80
162 256 70
162 202 2
162 204 8
162 206 24
162 207 51
162 212 24
162 215 80
162 224 5
162 242 57
162 246 50
162 254 75
163 289 63
163 196 56
163 296 8
163 239 98
163 180 68
163 248 36
163 228 83
163 187 39
164 235 88
164 282 54
164 176 23
164 167 6
164 173 76
164 183 89
164 204 32
164 218 32
164 251 49
164 252 31
164 298 77
165 265 46
165 281 64
165 283 89
165 169 2
165 170 28
165 171 0
165 172 55
165 183 26
165 189 0
165 201 65
165 208 12
165 215 52
165 221 24
165 226 39
165 228 99
165 232 33
165 236 54
165 191 4
165 245 47
165 250 26
165 251 100
165 255 18
166 260 49
166 273 98
166 286 23
166 275 87
166 281 0
166 282 76
166 295 39
166 297 62
166 172 68
166 181 22
166 185 37
166 243 30
167 257 8
167 258 41
167 264 51
167 281 64
167 287 7
167 291 96
167 292 62
167 293 99
167 173 18
167 200 16
167 183 74
167 208 79
167 211 3
167 218 10
167 220 94
167 228 76
167 244 19
168 258 23
168 263 73
168 275 78
168 283 2
168 200 66
168 203 5
168 204 3
168 288 55
168 216 16
168 249 15
168 251 50
168 213 2
169 230 89
169 257 52
169 232 15
169 298 66
169 223 39
169 286 98
169 279 40
169 222 8
170 265 46
170 276 15
170 278 10
170 299 30
170 182 100
170 226 85
170 237 2
170 242 73
171 290 59
171 210 84
171 207 17
171 273 74
171 274 36
171 212 82
171 182 43
171 218 54
171 250 63
171 298 74
171 282 87
172 263 72
172 258 92
172 231 0
172 288 10
172 290 59
172 299 92
172 181 98
172 188 99
172 206 68
172 232 26
172 240 52
172 242 11
172 251 81
173 258 68
173 266 47
173 287 50
173 299 33
173 175 92
173 180 65
173 181 69
173 185 15
173 194 6
173 196 24
173 199 16
173 224 42
173 231 23
173 252 53
173 254 9
174 261 12
174 272 27
174 275 92
174 277 4
174 282 95
174 180 97
174 181 94
174 188 33
174 191 94
174 201 100
174 206 32
174 241 37
174 242 83
174 247 16
174 252 64
175 190 84
175 201 46
175 204 36
175 220 39
175 230 13
175 231 59
175 237 13
176 283 97
176 284 40
176 291 83
176 292 65
176 297 66
176 180 1
176 194 38
176 212 58
176 228 61
176 233 92
176 275 61
177 266 33
177 280 100
177 182 79
177 205 86
177 269 78
177 219 76
177 244 35
177 253 0
178 260 69
178 277 98
178 186 98
178 200 81
178 209 1
178 222 48
179 256 53
179 294 83
179 181 75
179 186 38
179 189 76
179 268 5
179 209 74
179 220 59
179 223 47
179 228 99
179 229 62
179 235 59
179 247 28
179 252 70
179 254 26
180 256 92
180 204 67
180 270 44
180 241 36
180 250 45
181 268 69
181 284 91
181 193 36
181 201 39
181 239 40
181 244 13
181 246 39
182 263 21
182 293 71
182 187 20
182 188 32
182 191 11
182 230 43
182 298 54
183 259 1
183 261 70
183 271 42
183 277 34
183 278 1
183 279 46
183 285 16
183 188 6
183 191 17
183 268 10
183 218 95
183 227 59
183 247 3
183 234 100
184 256 90
184 257 63
184 196 64
184 205 80
184 209 60
184 214 78
184 220 40
184 221 78
184 244 32
184 297 60
184 251 34
185 269 22
185 280 34
185 288 11
185 194 13
185 195 10
185 199 32
185 212 22
185 219 57
185 225 73
185 232 84
185 236 86
185 237 36
185 239 13
185 246 22
185 254 19
185 255 48
186 273 3
186 193 6
186 200 55
186 210 66
186 240 89
186 241 1
186 252 75
186 255 77
187 269 57
187 298 64
187 197 71
187 207 62
187 209 81
187 223 31
187 238 64
187 243 99
187 248 39
187 255 58
188 259 2
188 233 17
188 299 64
188 264 2
188 274 50
188 212 59
188 270 23
188 215 18
188 286 56
188 255 76
189 266 89
189 271 39
189 282 17
189 192 24
189 201 77
189 208 16
189 225 44
189 228 38
189 230 44
189 233 16
189 244 30
189 252 24
189 253 1
190 259 98
190 271 53
190 276 12
190 296 73
190 207 90
190 210 17
190 225 6
190 239 60
191 269 52
191 284 42
191 261 83
191 294 83
191 297 64
191 196 97
191 202 39
191 203 35
191 210 36
191 214 96
191 221 25
191 222 13
191 232 71
191 234 77
191 236 59
192 227 96
192 196 51
192 234 60
192 279 52
192 205 6
192 280 2
192 271 80
192 252 17
192 285 44
192 254 94
193 258 15
193 278 92
193 266 87
193 267 49
193 276 53
193 290 72
193 297 5
193 287 88
193 209 45
193 219 20
193 221 9
193 223 24
193 235 13
193 248 70
194 261 41
194 272 3
194 274 52
194 275 89
194 196 80
194 198 52
194 209 74
194 224 29
194 229 74
194 231 41
194 249 94
194 251 54
195 288 43
195 298 71
195 206 50
195 279 2
195 250 59
195 207 51
196 260 46
196 272 88
196 284 58
196 294 44
196 200 75
196 247 76
196 206 24
196 255 58
197 256 51
197 259 59
197 266 51
197 267 36
197 277 34
197 281 88
197 293 35
197 203 19
197 206 0
197 212 57
197 227 64
197 229 33
197 248 6
198 261 83
198 285 12
198 222 61
198 227 7
198 235 71
199 231 79
199 268 2
199 253 71
199 240 25
199 274 3
199 279 52
199 286 47
200 263 29
200 265 50
200 268 29
200 282 73
200 284 63
200 285 51
200 227 72
200 234 92
200 240 21
200 241 94
201 259 92
201 269 25
201 281 81
201 284 25
201 238 65
201 246 4
202 256 57
202 267 16
202 270 1
202 281 78
202 288 11
202 295 25
202 297 84
202 258 51
202 245 88
202 248 52
203 269 76
203 272 69
203 281 43
203 287 27
203 210 72
203 214 39
203 237 95
203 239 47
203 249 5
203 252 31
203 253 5
204 262 83
204 257 39
204 266 4
204 280 82
204 296 23
204 299 68
204 221 99
204 217 14
204 223 77
204 233 37
204 246 96
205 225 85
205 299 80
205 270 98
205 208 48
205 210 94
205 216 82
205 252 91
206 266 67
206 287 7
206 295 73
206 207 83
206 236 33
207 274 28
207 290 4
207 234 11
207 241 80
207 253 49
208 266 41
208 273 69
208 276 50
208 295 74
208 212 6
208 219 78
208 220 0
208 222 42
208 236 42
208 240 70
208 247 19
209 256 97
209 268 2
209 269 29
209 274 83
209 287 43
209 288 4
209 214 84
209 219 51
209 220 1
209 225 82
209 227 51
209 230 56
209 252 1
210 272 100
210 290 90
210 297 73
210 215 69
210 243 48
210 245 92
211 257 43
211 258 93
211 259 86
211 260 69
211 269 50
211 274 27
211 265 54
211 225 4
211 221 68
211 226 38
211 231 28
211 233 87
211 234 74
211 236 36
212 299 15
212 264 50
212 269 86
212 271 36
212 278 50
212 282 44
212 298 61
212 221 27
212 222 30
212 263 80
212 232 50
212 238 58
212 243 49
212 253 38
213 258 50
213 278 43
213 297 88
213 214 9
213 220 75
213 233 8
213 254 64
214 259 82
214 260 13
214 264 78
214 272 17
214 279 48
214 263 55
214 234 19
214 238 92
215 265 44
215 270 8
215 271 80
215 272 14
215 273 61
215 294 9
215 226 95
215 230 80
215 234 75
215 238 35
215 254 65
216 293 75
216 240 75
216 222 57
216 280 44
216 217 61
216 287 78
217 229 100
217 295 61
217 266 64
217 263 70
217 218 91
217 251 8
217 254 3
217 255 22
218 258 26
218 290 92
218 298 61
218 225 32
218 232 58
218 237 93
218 242 43
219 266 73
219 271 20
219 276 71
219 298 27
219 220 67
219 238 59
220 258 17
220 259 43
220 270 7
220 271 82
220 288 59
220 223 49
220 224 91
220 226 39
220 244 93
221 262 94
221 264 60
221 280 89
221 286 54
221 287 16
221 227 86
221 228 92
221 239 65
222 264 24
222 267 30
222 277 81
222 278 100
222 243 38
222 247 27
223 279 11
223 290 7
223 291 43
223 270 100
223 230 74
223 247 30
224 260 43
224 268 37
224 275 30
224 282 93
224 289 42
224 228 8
224 229 30
224 230 71
224 239 92
225 274 92
225 250 21
225 235 77
225 241 97
225 255 8
225 252 50
226 260 28
226 270 0
226 288 15
226 290 7
226 298 79
226 299 84
226 229 83
226 235 96
226 247 19
226 251 22
226 254 31
227 257 79
227 258 4
227 268 22
227 270 32
227 271 37
227 232 5
227 238 84
227 249 33
228 287 89
228 293 53
228 236 4
228 250 4
229 272 70
229 250 97
229 234 34
229 241 64
229 249 92
230 267 55
230 286 23
230 288 17
230 292 95
230 242 40
230 247 12
230 255 42
231 237 36
231 246 83
231 281 21
232 256 10
232 268 46
232 270 50
232 271 96
232 280 61
232 287 20
232 242 36
232 250 15
233 268 92
233 279 26
233 293 55
233 251 34
234 263 86
234 271 83
234 282 50
234 236 66
234 250 5
234 254 40
234 255 24
235 252 90
235 238 31
235 260 86
235 284 65
235 254 60
236 256 98
236 269 76
236 280 10
236 286 17
237 257 90
237 274 12
237 289 16
237 240 73
238 259 76
238 295 17
238 297 93
240 272 12
240 277 58
240 283 81
240 286 67
240 289 73
240 297 31
240 251 67
241 256 6
241 259 43
241 262 4
241 270 65
241 278 67
241 282 83
241 291 70
242 257 57
242 290 50
242 279 22
242 284 92
242 291 15
242 248 78
242 250 81
242 251 78
243 288 67
243 272 48
243 257 69
243 281 92
244 297 17
244 251 99
244 253 78
245 290 92
245 264 32
245 268 71
245 269 76
245 286 30
246 265 25
246 271 76
246 279 37
246 287 93
246 249 28
247 259 16
247 264 17
247 266 13
247 290 17
247 248 75
248 263 27
248 273 37
248 277 25
248 295 51
249 262 16
249 278 41
249 281 87
249 251 83
250 269 50
250 270 24
250 275 70
250 281 14
250 290 44
250 292 41
250 294 94
250 298 50
250 288 6
250 252 13
250 253 96
251 289 47
252 286 78
252 291 49
252 293 61
253 260 35
253 268 66
253 270 21
253 276 99
253 278 9
253 280 65
253 282 84
253 288 94
254 286 52
254 288 50
255 263 85
255 280 76
255 287 49
255 289 46
255 293 2
255 294 6
255 295 23
256 284 18
257 258 73
257 264 74
258 264 50
258 288 46
258 284 76
258 296 63
259 261 47
259 262 94
259 266 34
259 271 94
259 277 52
260 278 61
260 280 56
260 294 90
261 286 21
261 288 87
262 272 26
262 286 21
262 288 56
262 292 38
263 267 69
263 275 6
263 289 15
264 287 26
265 278 65
265 292 25
266 268 91
266 281 39
266 284 18
266 286 42
266 288 33
267 272 20
267 286 71
267 292 19
267 297 86
268 276 97
268 298 66
269 281 90
269 288 35
269 290 80
269 284 51
269 272 63
270 273 22
270 284 18
270 278 47
271 276 84
271 278 73
271 290 3
271 294 80
272 280 95
272 285 24
272 293 98
272 299 52
273 276 92
273 277 72
273 284 49
273 283 75
273 298 52
274 299 69
274 278 59
275 291 90
276 278 81
277 286 80
277 279 63
278 285 3
278 289 54
279 292 3
279 298 75
280 283 94
280 286 13
280 296 56
282 286 38
282 293 23
283 285 19
283 287 96
283 290 47
283 297 100
284 299 94
285 288 79
285 292 1
286 288 63
289 293 34
290 294 88
292 296 86
