300 4000
0 6 24
0 266 59
0 11 70
0 12 15
0 271 63
0 272 5
0 275 75
0 23 19
0 26 4
0 286 3
0 31 67
0 35 57
0 164 79
0 40 36
0 58 98
0 59 82
0 193 83
0 194 86
0 70 93
0 268 87
0 206 53
0 80 50
0 87 33
0 226 36
0 228 3
0 232 50
0 109 87
0 240 10
0 123 79
0 126 26
1 259 38
1 263 80
1 9 57
1 141 84
1 171 17
1 280 56
1 281 13
1 37 84
1 41 41
1 299 15
1 60 49
1 69 45
1 208 83
1 88 59
1 223 79
1 226 5
1 99 8
1 101 76
1 113 93
1 116 10
1 246 86
1 251 11
2 257 94
2 140 35
2 272 43
2 150 38
2 285 0
2 162 25
2 297 65
2 46 64
2 48 82
2 182 8
2 56 54
2 65 33
2 197 29
2 70 79
2 201 0
2 81 86
2 210 87
2 84 51
2 219 2
2 222 0
2 225 60
2 100 16
2 234 83
2 107 87
2 243 60
2 120 70
2 124 29
3 136 25
3 269 2
3 143 80
3 275 24
3 148 68
3 24 28
3 153 78
3 282 60
3 27 2
3 31 80
3 160 61
3 166 16
3 42 68
3 299 10
3 46 63
3 179 48
3 52 85
3 54 16
3 184 2
3 189 70
3 197 55
3 73 71
3 85 48
3 98 18
3 241 27
3 245 11
3 247 35
3 249 22
3 251 62
4 251 100
4 68 84
4 38 16
4 199 65
4 169 99
4 167 26
4 45 67
4 46 15
4 17 21
4 147 89
4 52 47
4 286 19
4 182 13
4 183 27
4 260 76
4 154 4
4 91 16
4 125 9
4 94 0
4 85 90
5 262 51
5 7 89
5 265 1
5 267 32
5 269 83
5 144 87
5 18 51
5 276 23
5 149 60
5 278 84
5 25 31
5 283 9
5 30 4
5 35 92
5 36 82
5 294 90
5 39 10
5 172 64
5 27 54
5 51 17
5 59 63
5 62 23
5 192 85
5 69 26
5 203 40
5 208 71
5 163 52
5 84 42
5 164 17
5 16 4
5 99 73
5 107 10
5 240 20
5 243 10
5 120 35
5 123 86
6 260 10
6 135 78
6 10 98
6 139 92
6 15 83
6 147 2
6 153 25
6 33 74
6 291 12
6 175 7
6 68 46
6 197 36
6 202 27
6 203 97
6 91 46
6 95 42
6 228 10
6 110 6
6 114 86
6 249 38
6 250 67
7 129 66
7 135 5
7 139 59
7 13 61
7 272 49
7 18 67
7 281 7
7 26 98
7 27 85
7 156 16
7 160 39
7 292 73
7 294 80
7 42 36
7 178 79
7 47 85
7 48 56
7 50 21
7 51 3
7 195 30
7 197 66
7 200 49
7 248 14
7 245 56
7 120 59
8 257 66
8 258 42
8 131 78
8 132 12
8 263 25
8 138 20
8 267 66
8 145 6
8 274 94
8 19 55
8 25 99
8 28 100
8 286 7
8 31 60
8 35 54
8 167 14
8 43 8
8 44 58
8 186 6
8 159 78
8 63 44
8 195 77
8 197 8
8 71 46
8 215 31
8 218 92
8 91 50
8 58 59
8 101 36
8 109 49
8 115 14
8 245 76
8 121 51
9 257 68
9 299 86
9 20 60
9 162 6
9 163 23
9 38 87
9 263 94
9 54 34
9 55 59
9 186 99
9 202 1
9 190 18
9 63 1
9 199 41
9 74 81
9 83 26
9 215 55
9 88 9
9 223 76
9 100 49
9 230 100
9 233 75
9 240 41
9 115 63
9 118 49
10 138 3
10 140 68
10 271 94
10 144 83
10 147 36
10 21 17
10 30 14
10 170 71
10 45 9
10 178 78
10 72 26
10 207 46
10 222 1
10 101 15
10 105 0
10 110 19
10 117 18
10 120 36
10 251 86
10 124 67
10 149 86
11 133 97
11 141 69
11 270 30
11 271 91
11 276 19
11 23 32
11 152 71
11 285 97
11 286 5
11 159 33
11 288 60
11 290 56
11 292 27
11 293 80
11 298 20
11 299 64
11 174 56
11 60 91
11 68 86
11 203 73
11 208 42
11 209 70
11 91 63
11 102 76
11 104 39
11 188 13
11 110 88
11 242 22
11 115 52
11 254 68
11 255 45
12 259 58
12 134 35
12 269 31
12 271 76
12 28 41
12 157 24
12 37 86
12 156 35
12 299 84
12 178 20
12 57 92
12 58 14
12 62 52
12 194 94
12 67 79
12 199 83
12 75 94
12 76 4
12 83 5
12 86 80
12 293 99
12 97 52
12 101 27
12 103 57
12 115 29
12 246 97
12 119 22
12 120 14
13 257 36
13 194 50
13 259 78
13 164 83
13 37 73
13 87 58
13 140 55
13 162 53
13 142 87
13 80 65
13 35 1
13 116 100
13 119 80
13 217 50
13 220 18
13 62 71
13 31 49
14 256 0
14 257 83
14 260 78
14 129 6
14 267 89
14 270 77
14 145 57
14 146 54
14 20 76
14 282 38
14 284 89
14 34 5
14 172 35
14 45 75
14 47 63
14 186 14
14 67 4
14 290 10
14 83 12
14 213 94
14 88 80
14 58 21
14 94 42
14 228 77
14 232 13
14 108 79
14 112 89
14 121 6
14 123 54
15 132 73
15 261 3
15 270 71
15 109 97
15 17 27
15 147 37
15 153 58
15 26 84
15 161 74
15 165 16
15 41 66
15 42 70
15 176 52
15 180 0
15 183 98
15 188 46
15 64 54
15 196 65
15 69 83
15 74 41
15 213 38
15 90 83
15 94 68
15 99 70
15 104 96
15 237 26
15 240 56
15 241 27
15 114 43
15 118 5
15 298 86
16 128 55
16 131 97
16 132 45
16 140 36
16 143 19
16 144 25
16 148 0
16 149 68
16 150 23
16 25 34
16 161 4
16 291 13
16 43 21
16 172 84
16 50 39
16 179 5
16 55 78
16 205 7
16 78 98
16 208 83
16 35 29
16 92 91
16 221 61
16 224 59
16 80 17
16 105 50
16 248 21
16 122 96
16 277 18
17 258 26
17 134 89
17 135 73
17 138 71
17 145 52
17 21 32
17 153 37
17 282 27
17 287 85
17 288 13
17 161 30
17 163 12
17 166 43
17 40 62
17 44 99
17 159 31
17 191 27
17 198 36
17 79 88
17 211 90
17 218 53
17 91 64
17 99 25
17 232 25
17 106 18
17 115 12
17 126 90
18 128 60
18 259 9
18 136 91
18 280 60
18 146 35
18 19 97
18 152 99
18 30 26
18 31 77
18 175 92
18 158 81
18 183 26
18 61 39
18 64 96
18 195 39
18 91 37
18 227 70
18 228 87
18 104 74
18 253 73
18 119 40
18 251 95
18 125 29
19 265 16
19 143 49
19 273 9
19 20 84
19 26 85
19 27 33
19 31 51
19 160 77
19 112 34
19 164 37
19 296 61
19 43 9
19 48 0
19 52 99
19 186 10
19 59 9
19 188 85
19 189 46
19 62 44
19 197 50
19 70 1
19 161 80
19 201 92
19 75 23
19 204 41
19 205 86
19 81 37
19 211 82
19 292 20
19 91 79
19 250 0
19 98 16
19 187 52
19 232 49
19 105 95
19 234 21
19 237 4
19 240 19
19 104 77
19 116 34
19 119 65
19 122 8
20 257 49
20 260 30
20 133 24
20 145 45
20 23 88
20 282 20
20 155 53
20 33 55
20 293 43
20 166 87
20 47 19
20 179 61
20 180 63
20 183 81
20 56 48
20 57 77
20 196 92
20 200 72
20 201 37
20 208 80
20 87 90
20 99 79
20 108 62
21 257 32
21 135 58
21 266 34
21 267 25
21 273 13
21 25 84
21 28 30
21 285 4
21 286 70
21 288 86
21 290 99
21 35 27
21 164 84
21 298 11
21 178 33
21 138 28
21 193 22
21 194 92
21 70 95
21 79 53
21 85 77
21 223 32
21 97 9
21 105 16
21 109 87
21 113 16
22 136 50
22 269 16
22 35 95
22 37 81
22 42 17
22 71 72
22 175 15
22 48 12
22 187 98
22 65 3
22 196 49
22 199 55
22 80 58
22 212 64
22 95 67
22 208 25
22 102 12
22 232 18
22 105 46
22 118 46
22 247 42
22 255 55
23 133 78
23 140 7
23 142 29
23 272 51
23 277 2
23 153 81
23 31 7
23 46 70
23 176 98
23 184 55
23 287 91
23 61 32
23 71 61
23 207 12
23 81 68
23 210 29
23 213 99
23 91 34
23 104 42
23 111 10
23 255 5
24 136 100
24 265 6
24 138 85
24 268 16
24 143 68
24 278 80
24 28 83
24 158 9
24 288 6
24 37 2
24 38 1
24 295 86
24 170 5
24 30 41
24 194 31
24 209 31
24 213 62
24 88 14
24 104 47
24 233 12
24 167 90
24 249 78
25 259 92
25 263 90
25 265 48
25 278 60
25 152 34
25 283 80
25 289 2
25 166 72
25 295 2
25 297 31
25 174 21
25 176 10
25 50 13
25 183 45
25 184 67
25 59 5
25 62 36
25 65 89
25 68 49
25 197 50
25 202 28
25 207 84
25 216 44
25 90 67
25 97 65
25 187 40
25 230 87
25 107 5
25 237 20
25 244 57
25 245 99
25 253 46
26 225 87
26 291 88
26 273 91
26 105 11
26 138 79
26 175 55
26 245 88
26 177 13
26 114 47
26 276 12
26 277 2
26 185 83
26 251 21
26 93 52
26 287 29
27 132 51
27 141 16
27 271 68
27 145 28
27 131 29
27 150 32
27 152 21
27 282 55
27 154 38
27 290 89
27 165 45
27 169 30
27 178 37
27 176 30
27 50 36
27 190 32
27 66 85
27 74 25
27 210 82
27 217 58
27 223 45
27 98 60
27 228 24
27 230 67
27 110 44
27 113 95
27 242 77
27 118 38
28 64 27
28 133 91
28 263 90
28 282 75
28 285 53
28 36 23
28 297 60
28 42 55
28 43 32
28 47 5
28 51 12
28 55 9
28 191 98
28 192 9
28 67 20
28 72 32
28 209 51
28 84 8
28 215 37
28 88 17
28 220 11
28 232 50
28 109 15
29 132 24
29 138 8
29 272 66
29 149 91
29 154 52
29 287 19
29 32 19
29 41 19
29 115 32
29 60 48
29 191 10
29 66 62
29 68 14
29 73 63
29 79 34
29 120 95
29 228 71
29 227 53
29 100 37
29 229 88
29 243 44
29 248 33
29 277 47
30 130 23
30 139 62
30 273 72
30 277 91
30 151 79
30 156 28
30 261 82
30 295 60
30 40 66
30 172 92
30 182 96
30 63 94
30 196 72
30 198 24
30 200 74
30 75 69
30 206 9
30 79 91
30 208 73
30 211 59
30 89 52
30 96 76
30 229 65
30 234 74
30 39 77
30 237 52
30 252 9
31 141 0
31 277 100
31 150 5
31 155 34
31 32 24
31 163 91
31 47 13
31 58 98
31 191 89
31 66 22
31 208 28
31 209 98
31 230 10
31 103 41
31 104 54
31 111 75
31 243 95
31 245 94
31 120 63
31 124 34
32 163 34
32 36 68
32 198 78
32 294 76
32 295 45
32 296 40
32 50 63
32 110 45
32 141 6
32 152 58
32 274 83
32 227 32
32 184 23
32 228 92
32 282 7
32 187 65
32 92 48
32 158 25
32 293 95
33 257 42
33 132 13
33 140 54
33 277 36
33 150 72
33 285 80
33 158 86
33 165 63
33 43 52
33 47 15
33 191 42
33 193 54
33 198 90
33 200 53
33 73 89
33 203 59
33 207 54
33 212 77
33 215 50
33 101 92
33 114 74
33 116 2
33 249 95
33 124 39
34 265 67
34 145 11
34 274 95
34 153 30
34 155 33
34 284 18
34 160 0
34 163 2
34 166 3
34 295 90
34 176 53
34 179 35
34 181 52
34 188 20
34 69 49
34 73 3
34 202 35
34 77 89
34 207 29
34 82 13
34 211 58
34 216 60
34 217 44
34 223 69
34 227 57
34 240 17
34 115 77
34 251 23
34 126 99
35 140 63
35 276 79
35 155 31
35 164 31
35 293 67
35 297 44
35 49 57
35 180 56
35 186 90
35 61 4
35 190 66
35 192 42
35 206 94
35 207 71
35 222 7
35 103 74
35 106 44
35 111 81
35 245 1
35 246 72
35 248 97
35 121 6
35 254 94
35 149 33
36 257 7
36 131 88
36 267 80
36 141 83
36 271 21
36 144 67
36 147 1
36 282 45
36 285 75
36 287 19
36 290 17
36 163 11
36 293 42
36 114 81
36 174 64
36 176 68
36 159 10
36 194 78
36 202 51
36 208 31
36 91 34
36 37 88
36 227 49
36 230 44
36 231 44
36 233 30
36 239 25
36 242 9
36 246 31
37 235 31
37 133 12
37 271 65
37 274 8
37 154 97
37 261 0
37 181 99
37 183 48
37 61 22
37 76 99
37 83 19
37 101 64
37 232 100
37 107 37
37 108 0
37 239 11
37 118 78
37 125 70
38 264 26
38 265 46
38 143 59
38 276 60
38 287 96
38 161 49
38 297 26
38 182 24
38 88 94
38 220 7
38 94 39
38 229 45
38 230 73
38 105 45
38 237 12
38 110 59
38 112 24
38 115 4
38 117 66
38 121 2
38 126 25
39 259 51
39 260 89
39 266 83
39 143 12
39 272 65
39 273 2
39 131 43
39 276 21
39 277 42
39 157 89
39 44 22
39 93 94
39 62 43
39 63 30
39 70 97
39 205 10
39 79 28
39 217 18
39 221 49
39 99 0
39 100 7
39 105 53
39 234 78
39 110 13
39 240 1
39 241 66
39 233 98
39 249 54
39 255 39
39 106 10
39 127 73
40 290 56
40 296 51
40 297 71
40 43 21
40 173 95
40 177 74
40 58 29
40 86 45
40 233 37
40 248 54
40 136 31
40 252 87
40 232 61
40 62 99
40 149 16
41 224 22
41 65 35
41 107 19
41 101 56
41 262 87
41 161 91
41 296 56
41 138 69
41 139 3
41 108 89
41 141 58
41 50 38
41 83 16
41 97 96
41 278 82
41 282 49
41 187 70
41 62 22
42 257 4
42 130 88
42 259 26
42 262 4
42 139 70
42 272 83
42 110 60
42 279 70
42 287 50
42 295 74
42 185 6
42 151 60
42 189 75
42 67 67
42 70 35
42 206 52
42 208 80
42 87 31
42 90 1
42 104 57
42 188 67
42 238 68
42 232 59
42 116 80
42 117 85
42 251 89
43 256 39
43 257 56
43 165 94
43 113 10
43 174 4
43 176 74
43 181 91
43 61 13
43 190 94
43 67 62
43 202 38
43 203 17
43 204 42
43 80 61
43 222 23
43 98 95
43 233 91
43 241 38
43 243 84
43 117 28
43 246 70
43 254 89
44 224 7
44 66 98
44 99 68
44 262 54
44 199 66
44 104 6
44 275 24
44 266 50
44 119 4
44 162 15
44 271 4
44 163 83
44 183 22
44 267 66
44 122 63
44 61 46
45 139 37
45 145 35
45 274 61
45 276 63
45 150 69
45 279 23
45 152 74
45 153 90
45 51 62
45 182 90
45 186 77
45 196 90
45 71 19
45 200 67
45 75 48
45 76 78
45 93 32
45 96 24
45 225 18
45 110 7
45 240 36
45 244 5
45 124 60
46 128 44
46 259 33
46 263 60
46 130 6
46 142 56
46 131 17
46 148 4
46 152 17
46 282 20
46 284 94
46 166 58
46 156 46
46 298 64
46 198 21
46 74 21
46 204 87
46 82 4
46 220 5
46 222 90
46 227 39
46 230 66
46 234 11
46 108 54
46 243 53
47 257 52
47 281 1
47 154 76
47 155 21
47 296 30
47 297 45
47 171 23
47 174 31
47 175 55
47 51 47
47 188 84
47 67 30
47 70 93
47 73 83
47 211 84
47 86 12
47 225 15
47 98 19
47 233 2
47 240 76
47 241 7
47 242 16
47 125 79
48 262 64
48 273 98
48 161 13
48 293 52
48 298 57
48 189 10
48 67 80
48 71 85
48 208 72
48 210 49
48 94 70
48 229 17
48 109 31
48 238 25
48 241 12
48 117 11
48 122 62
48 126 97
49 96 82
49 180 7
49 228 54
49 165 14
49 294 60
49 167 47
49 105 40
49 279 78
49 204 58
49 207 71
49 116 71
49 190 5
49 55 93
49 56 90
49 164 74
49 284 95
49 285 17
49 153 38
50 264 61
50 236 94
50 271 2
50 276 10
50 151 25
50 156 70
50 160 75
50 177 46
50 187 87
50 191 8
50 194 11
50 77 94
50 205 66
50 213 2
50 216 54
50 220 55
50 228 42
50 229 40
50 103 52
50 105 25
50 108 91
50 115 86
50 119 96
51 129 50
51 131 49
51 269 50
51 148 34
51 278 91
51 291 63
51 295 54
51 171 18
51 179 46
51 56 48
51 57 91
51 188 22
51 68 91
51 72 64
51 211 72
51 86 44
51 122 57
51 100 0
51 118 44
51 250 67
52 129 72
52 130 80
52 131 86
52 268 53
52 258 2
52 270 49
52 141 46
52 273 99
52 285 84
52 159 63
52 161 23
52 171 73
52 173 47
52 179 66
52 64 40
52 224 3
52 202 60
52 79 9
52 210 80
52 85 67
52 95 88
52 228 18
52 145 34
52 108 74
52 238 1
52 119 1
53 138 58
53 269 34
53 275 100
53 156 44
53 162 67
53 295 60
53 284 95
53 172 58
53 175 39
53 176 25
53 58 77
53 72 11
53 75 100
53 77 56
53 207 77
53 214 43
53 221 45
53 223 34
53 224 29
53 225 64
53 236 83
53 113 30
53 122 53
53 126 35
53 255 62
54 208 39
54 66 77
54 228 31
54 199 73
54 202 56
54 167 48
54 108 88
54 114 62
54 78 66
54 79 3
54 144 53
54 270 49
54 245 24
54 183 87
54 110 89
54 186 61
54 188 7
54 126 87
55 226 8
55 227 12
55 196 80
55 92 43
55 237 39
55 79 82
55 163 22
55 182 81
55 228 83
55 155 6
55 220 29
55 190 35
55 159 58
56 260 39
56 139 17
56 268 48
56 269 55
56 280 49
56 149 9
56 152 93
56 285 24
56 286 66
56 178 29
56 158 25
56 185 5
56 61 76
56 208 47
56 212 51
56 215 15
56 94 94
56 101 92
56 107 72
56 189 21
56 114 93
56 122 87
57 259 77
57 261 72
57 265 34
57 138 1
57 279 98
57 133 97
57 292 87
57 165 8
57 172 64
57 174 80
57 176 72
57 187 66
57 62 4
57 194 85
57 203 38
57 212 28
57 213 68
57 86 26
57 216 35
57 221 8
57 59 79
57 100 41
57 104 100
57 240 51
57 115 38
57 148 0
57 124 79
57 126 71
58 270 92
58 275 30
58 281 53
58 154 9
58 156 72
58 160 87
58 294 74
58 59 44
58 189 94
58 65 5
58 194 30
58 198 40
58 73 94
58 211 16
58 218 99
58 95 52
58 99 73
58 61 37
58 147 21
58 121 30
58 124 80
58 125 11
59 256 73
59 135 92
59 138 21
59 146 11
59 279 26
59 280 76
59 285 99
59 160 24
59 168 12
59 299 41
59 180 61
59 192 28
59 82 46
59 86 87
59 223 38
59 242 43
59 124 17
59 125 37
60 192 47
60 299 48
60 212 60
60 197 81
60 138 82
60 108 92
60 141 10
60 266 71
60 139 9
60 84 93
60 182 0
60 202 47
60 89 30
60 250 35
60 284 92
60 222 83
61 258 30
61 259 45
61 261 90
61 262 76
61 140 29
61 155 33
61 133 69
61 290 5
61 292 79
61 181 25
61 201 17
61 73 44
61 207 10
61 81 7
61 212 20
61 213 11
61 90 70
61 93 36
61 165 20
61 100 52
61 110 25
61 125 45
61 240 0
61 241 9
61 120 52
61 253 74
61 254 1
62 130 95
62 259 76
62 139 85
62 156 10
62 290 86
62 178 35
62 140 29
62 189 42
62 194 77
62 69 71
62 268 21
62 75 19
62 208 31
62 213 52
62 216 72
62 217 56
62 218 68
62 222 77
62 99 56
62 228 33
62 232 71
62 235 98
62 242 24
62 121 94
62 124 1
63 272 21
63 148 9
63 283 54
63 160 57
63 290 15
63 163 16
63 265 36
63 186 82
63 188 97
63 189 46
63 288 48
63 197 56
63 198 83
63 199 25
63 75 81
63 76 68
63 81 47
63 93 92
63 227 26
63 100 64
63 232 16
63 236 19
63 114 91
63 124 89
64 134 12
64 136 82
64 265 98
64 276 61
64 164 39
64 165 19
64 220 82
64 190 35
64 193 65
64 71 7
64 205 65
64 208 32
64 81 92
64 84 93
64 87 22
64 89 89
64 271 6
64 92 90
64 96 83
64 80 71
64 237 98
64 111 44
64 242 3
64 248 28
64 124 14
64 127 33
65 131 64
65 133 74
65 134 7
65 267 45
65 277 22
65 281 58
65 286 71
65 288 37
65 180 82
65 183 97
65 184 28
65 67 33
65 68 8
65 198 56
65 78 58
65 80 34
65 81 20
65 206 31
65 214 16
65 220 55
65 236 62
65 110 66
65 241 24
66 98 46
66 229 5
66 262 2
66 295 56
66 169 74
66 138 33
66 71 68
66 141 86
66 239 9
66 209 60
66 91 17
66 188 4
66 170 12
66 123 14
66 156 64
66 190 16
67 264 43
67 155 25
67 285 73
67 286 88
67 159 27
67 296 33
67 297 92
67 170 8
67 173 31
67 181 88
67 220 79
67 87 43
67 92 34
67 222 49
67 100 25
67 233 69
67 84 6
68 257 34
68 272 94
68 273 50
68 149 62
68 152 51
68 288 11
68 161 94
68 290 0
68 163 50
68 165 2
68 295 63
68 185 10
68 186 54
68 189 75
68 69 36
68 289 83
68 205 87
68 213 68
68 218 80
68 92 33
68 97 83
68 244 16
68 245 17
68 253 5
69 193 96
69 262 6
69 225 68
69 202 9
69 140 90
69 141 93
69 176 57
69 210 99
69 148 91
69 277 90
69 119 100
69 152 41
69 164 73
69 159 20
70 107 86
70 148 98
70 297 75
70 172 53
70 174 95
70 185 22
70 194 58
70 215 3
70 216 41
70 217 29
70 226 77
70 230 73
70 235 42
70 108 86
70 243 40
70 248 48
70 127 81
71 135 2
71 266 82
71 269 96
71 149 17
71 155 4
71 284 37
71 162 23
71 293 27
71 166 68
71 296 3
71 298 91
71 173 87
71 185 82
71 186 18
71 191 35
71 203 19
71 76 98
71 211 80
71 87 25
71 218 79
71 92 21
71 231 9
71 238 85
72 130 33
72 259 76
72 179 75
72 150 18
72 283 10
72 164 30
72 166 86
72 177 90
72 180 83
72 185 70
72 186 72
72 198 68
72 75 80
72 79 94
72 210 12
72 83 17
72 216 11
72 220 49
72 102 22
72 232 76
72 105 37
72 116 84
72 117 25
72 123 87
72 253 28
72 126 85
73 192 65
73 155 21
73 101 73
73 294 81
73 231 75
73 104 69
73 74 93
73 183 47
73 157 73
73 81 19
73 189 88
73 151 44
73 219 4
73 253 7
74 131 73
74 132 61
74 275 3
74 282 100
74 290 47
74 170 87
74 171 51
74 178 93
74 182 64
74 137 60
74 196 48
74 208 99
74 83 79
74 218 26
74 91 17
74 233 62
74 244 4
74 253 17
75 289 20
75 278 36
75 134 42
75 231 79
75 238 23
75 208 54
75 120 76
75 146 11
75 84 82
75 117 63
75 214 43
75 280 6
75 116 96
76 195 18
76 132 80
76 233 92
76 138 94
76 238 58
76 79 95
76 112 66
76 159 36
76 118 45
76 298 98
76 156 81
76 221 23
77 262 49
77 280 21
77 156 62
77 297 96
77 189 100
77 198 74
77 199 31
77 202 53
77 84 65
77 92 28
77 223 33
77 225 21
77 98 83
77 99 46
77 102 28
77 103 0
77 105 11
77 112 50
77 169 92
77 252 50
78 262 92
78 137 36
78 268 11
78 146 90
78 278 22
78 155 67
78 285 1
78 164 73
78 166 95
78 177 11
78 186 0
78 194 77
78 208 51
78 83 71
78 214 19
78 99 76
78 103 33
78 107 99
78 246 86
78 251 94
79 129 5
79 136 69
79 276 3
79 150 87
79 280 18
79 163 94
79 297 81
79 264 40
79 182 94
79 189 91
79 204 14
79 88 88
79 91 76
79 234 32
79 110 7
79 243 87
79 116 88
79 120 2
80 271 79
80 238 54
80 151 53
80 281 31
80 285 44
80 286 27
80 160 82
80 291 55
80 296 53
80 187 43
80 194 58
80 205 83
80 207 67
80 208 88
80 223 10
80 234 99
80 107 42
80 110 94
80 123 29
81 129 96
81 136 82
81 139 93
81 270 62
81 143 35
81 157 97
81 160 67
81 289 99
81 297 77
81 172 31
81 285 44
81 176 12
81 183 99
81 210 25
81 213 68
81 216 70
81 94 94
81 100 37
81 109 41
81 119 92
81 122 70
81 255 38
82 259 62
82 262 48
82 263 75
82 137 70
82 272 63
82 151 17
82 153 82
82 287 30
82 291 2
82 293 63
82 170 51
82 159 87
82 176 63
82 189 49
82 163 63
82 94 75
82 96 70
82 229 13
82 235 50
82 108 25
82 109 93
82 211 7
82 125 27
83 132 30
83 144 29
83 273 58
83 275 10
83 157 92
83 137 95
83 196 98
83 199 82
83 201 63
83 204 46
83 94 22
83 109 34
83 114 3
83 255 84
84 128 89
84 263 32
84 266 6
84 139 20
84 274 39
84 148 4
84 155 9
84 162 41
84 267 60
84 246 62
84 201 82
84 219 59
84 224 19
84 228 57
84 229 64
84 104 63
84 108 42
84 242 56
84 118 56
84 119 68
84 248 67
84 249 85
84 122 62
84 251 34
84 124 91
84 126 35
85 133 31
85 136 57
85 272 81
85 147 78
85 148 39
85 289 44
85 298 81
85 299 45
85 175 22
85 188 70
85 202 22
85 207 9
85 211 100
85 86 84
85 216 71
85 223 47
85 224 48
85 230 92
85 110 6
85 245 60
85 276 57
85 252 17
85 277 58
86 256 17
86 131 81
86 294 100
86 134 23
86 232 26
86 106 41
86 267 19
86 212 53
86 182 100
86 155 82
86 251 96
86 195 69
87 261 77
87 137 50
87 274 60
87 195 16
87 150 99
87 285 63
87 291 94
87 164 45
87 165 96
87 167 43
87 297 44
87 176 1
87 163 14
87 90 52
87 123 68
87 233 46
87 238 3
87 114 93
87 119 94
87 121 30
87 251 78
87 254 76
88 134 13
88 139 58
88 153 78
88 289 18
88 162 64
88 163 51
88 165 94
88 170 12
88 242 13
88 194 56
88 208 26
88 214 97
88 92 73
88 222 7
88 101 23
88 228 85
88 166 29
88 230 17
88 111 97
88 114 5
88 115 50
88 247 63
88 248 7
88 122 64
88 124 14
89 224 56
89 256 87
89 226 43
89 259 36
89 228 39
89 197 2
89 168 87
89 235 54
89 239 0
89 269 96
89 141 97
89 240 38
89 241 45
89 115 96
89 181 34
89 283 9
89 93 90
89 149 19
90 129 16
90 263 5
90 267 30
90 281 8
90 156 100
90 291 21
90 171 1
90 209 48
90 214 82
90 221 2
90 227 28
90 228 53
90 230 75
90 233 10
90 189 77
90 114 18
90 245 49
90 153 74
90 124 70
91 128 65
91 137 57
91 151 86
91 166 15
91 173 65
91 198 83
91 206 13
91 208 63
91 92 11
91 108 23
91 146 15
91 115 54
91 248 43
92 137 100
92 269 36
92 270 49
92 278 75
92 168 45
92 172 98
92 184 75
92 197 74
92 183 77
92 218 55
92 221 56
92 112 26
92 246 81
92 120 57
92 251 9
92 125 25
93 260 30
93 277 22
93 278 22
93 154 99
93 286 44
93 287 95
93 298 89
93 183 98
93 195 17
93 214 92
93 222 100
93 224 32
93 230 50
93 233 7
93 234 16
93 189 61
93 116 32
93 121 50
93 254 72
94 130 99
94 140 51
94 143 66
94 144 42
94 148 89
94 149 64
94 278 48
94 155 81
94 157 45
94 292 25
94 296 38
94 171 78
94 178 53
94 196 90
94 201 65
94 205 6
94 206 52
94 208 42
94 272 31
94 228 68
94 231 76
94 113 9
94 242 33
94 244 8
94 245 79
94 119 40
95 224 40
95 192 95
95 130 93
95 228 39
95 226 64
95 258 93
95 109 95
95 206 14
95 248 37
95 146 15
95 184 68
95 100 1
95 252 97
95 254 92
96 259 12
96 135 12
96 267 65
96 155 45
96 286 26
96 165 69
96 167 34
96 296 66
96 196 64
96 213 32
96 220 95
96 221 44
96 225 47
96 229 16
96 231 85
96 233 64
96 248 1
96 126 51
96 255 80
97 261 89
97 135 74
97 151 15
97 275 12
97 196 13
97 285 73
97 159 62
97 268 80
97 205 66
97 216 85
97 217 26
97 98 35
97 102 90
97 105 77
97 235 87
97 241 36
97 120 33
97 281 95
98 256 88
98 263 90
98 271 100
98 145 36
98 276 17
98 152 57
98 154 75
98 167 87
98 170 40
98 173 36
98 184 63
98 185 58
98 188 5
98 189 57
98 204 64
98 212 27
98 221 19
98 227 95
98 230 76
98 103 82
98 232 20
98 106 21
98 239 17
98 112 75
98 125 90
99 139 56
99 152 69
99 286 62
99 175 80
99 201 53
99 207 25
99 143 43
99 223 96
99 100 37
99 106 91
99 235 99
99 125 97
99 253 17
100 195 16
100 149 62
100 280 3
100 156 50
100 157 16
100 288 24
100 291 61
100 292 39
100 293 42
100 168 32
100 180 78
100 223 65
100 193 67
100 198 3
100 217 92
100 225 60
100 232 100
100 111 45
100 248 57
100 249 98
100 253 51
101 166 99
101 263 59
101 202 67
101 139 97
101 269 86
101 238 70
101 113 20
101 140 75
101 228 18
101 251 80
102 193 22
102 258 58
102 132 72
102 167 12
102 129 30
102 144 28
102 236 57
102 173 10
102 142 89
102 272 50
102 145 62
102 181 51
102 247 43
102 249 44
102 154 39
102 285 12
103 259 80
103 261 18
103 269 19
103 272 43
103 148 78
103 152 100
103 153 1
103 154 63
103 283 47
103 168 54
103 172 88
103 173 75
103 179 68
103 194 88
103 202 87
103 211 47
103 223 66
103 246 20
103 122 11
104 132 73
104 280 50
104 146 13
104 147 59
104 292 75
104 182 81
104 189 64
104 197 57
104 203 50
104 206 46
104 209 35
104 213 65
104 185 11
104 233 83
104 106 15
104 254 55
105 128 22
105 256 56
105 258 98
105 278 15
105 136 48
105 141 38
105 273 14
105 277 60
105 153 86
105 283 26
105 157 58
105 155 46
105 187 2
105 205 39
105 222 72
105 234 77
105 295 10
105 243 8
105 116 49
106 161 98
106 226 94
106 198 47
106 129 84
106 295 74
106 145 80
106 175 35
106 246 9
106 184 99
106 281 6
106 157 100
106 229 40
107 128 74
107 259 40
107 264 22
107 279 49
107 235 97
107 280 62
107 286 41
107 287 54
107 295 3
107 297 93
107 298 52
107 178 10
107 180 76
107 185 92
107 192 80
107 197 91
107 211 5
107 222 29
107 246 59
107 229 60
107 167 4
107 118 77
107 249 39
107 123 86
107 126 79
108 139 80
108 143 64
108 145 85
108 151 37
108 152 17
108 283 27
108 157 56
108 287 50
108 288 31
108 170 18
108 187 76
108 160 53
108 204 99
108 209 43
108 211 75
108 232 57
108 297 16
108 248 32
108 122 30
109 134 71
109 264 42
109 147 78
109 283 15
109 157 37
109 292 10
109 170 16
109 179 76
109 180 30
109 199 45
109 204 97
109 214 7
109 220 28
109 237 29
109 111 69
109 242 6
109 120 43
109 136 50
109 125 94
110 133 89
110 263 1
110 140 4
110 272 4
110 146 44
110 279 90
110 158 29
110 192 68
110 199 40
110 210 4
110 207 47
110 228 43
110 113 65
110 118 65
110 247 25
110 213 38
111 295 9
111 137 13
111 138 40
111 176 66
111 227 92
111 155 2
111 181 97
111 216 19
111 123 4
111 287 57
112 257 39
112 265 43
112 140 97
112 293 28
112 168 18
112 169 88
112 299 18
112 185 82
112 195 22
112 210 100
112 219 48
112 222 27
112 226 21
112 230 54
112 232 90
112 147 12
113 261 62
113 264 45
113 140 43
113 145 23
113 171 18
113 172 10
113 174 2
113 178 84
113 188 99
113 200 34
113 215 0
113 221 51
113 231 82
113 244 33
114 257 53
114 282 3
114 137 23
114 268 44
114 274 58
114 152 88
114 154 43
114 262 38
114 298 66
114 176 52
114 178 8
114 134 72
114 190 50
114 224 79
114 231 62
114 237 60
114 118 37
114 121 48
115 260 51
115 263 27
115 270 15
115 278 37
115 279 5
115 153 5
115 154 69
115 171 65
115 137 46
115 186 60
115 191 5
115 200 26
115 140 34
115 226 41
115 230 6
115 237 23
115 122 48
115 254 4
116 257 93
116 286 98
116 290 92
116 199 25
116 182 64
116 189 39
116 198 23
116 161 78
116 202 35
116 215 39
116 241 42
116 298 49
116 125 64
116 126 72
117 228 8
117 262 55
117 137 6
117 140 19
117 237 69
117 233 83
117 207 1
117 181 41
117 234 36
117 250 29
117 154 39
117 283 80
117 286 31
117 287 37
118 256 94
118 133 16
118 262 94
118 275 26
118 278 22
118 153 54
118 179 6
118 181 63
118 184 95
118 210 36
118 222 61
118 245 92
119 259 41
119 134 60
119 210 80
119 120 96
119 149 60
119 216 48
119 276 85
120 133 48
120 135 79
120 151 46
120 280 64
120 282 7
120 162 5
120 293 28
120 296 69
120 177 82
120 193 68
120 229 17
120 234 3
120 168 32
121 256 53
121 131 68
121 278 70
121 211 84
121 199 22
121 168 44
121 282 22
121 144 34
121 241 65
121 179 79
121 206 47
122 130 1
122 259 12
122 133 66
122 138 97
122 139 21
122 273 63
122 294 54
122 168 36
122 178 58
122 199 4
122 201 62
122 202 75
122 204 63
122 220 11
122 229 1
122 236 8
122 245 95
122 125 99
123 128 62
123 258 10
123 132 57
123 141 88
123 143 37
123 147 19
123 159 24
123 261 91
123 166 14
123 167 60
123 179 41
123 186 81
123 225 50
123 228 53
124 256 33
124 258 71
124 132 13
124 272 100
124 216 61
124 147 28
124 148 49
124 279 62
124 280 45
124 285 94
124 290 39
124 164 90
124 177 27
124 178 11
124 210 3
124 212 94
124 222 30
124 233 42
124 244 11
124 247 73
125 129 57
125 135 51
125 141 59
125 151 26
125 294 87
125 299 86
125 173 30
125 184 86
125 202 84
125 207 37
125 217 92
125 219 64
125 225 59
126 256 1
126 135 69
126 264 42
126 152 82
126 288 39
126 292 16
126 172 76
126 193 53
126 199 69
126 219 38
126 273 68
126 232 60
127 133 64
127 131 58
127 197 51
127 233 5
127 202 12
127 246 45
127 169 26
127 220 54
127 191 85
128 219 98
128 234 45
128 139 98
128 237 21
128 176 0
128 209 64
128 203 71
128 137 10
128 153 26
128 190 59
128 223 45
129 154 33
129 159 43
129 292 70
129 166 35
129 297 14
129 287 88
129 190 78
129 197 34
129 203 13
129 212 48
129 232 48
129 235 58
129 244 21
129 169 88
129 251 90
130 257 21
130 259 74
130 260 42
130 139 48
130 268 54
130 277 91
130 156 56
130 267 27
130 200 49
130 219 19
130 233 32
130 241 93
130 251 80
130 255 9
131 133 83
131 266 67
131 271 20
131 273 47
131 147 57
131 284 13
131 291 13
131 295 79
131 226 94
131 239 52
131 251 79
132 267 98
132 268 74
132 299 30
132 285 37
132 184 40
132 203 39
132 220 52
132 232 47
132 233 18
132 238 54
133 193 88
133 276 52
133 289 5
133 293 77
133 191 31
133 213 40
133 214 80
133 216 98
133 250 28
134 261 25
134 193 19
134 266 58
134 279 40
134 273 63
134 277 78
134 151 49
134 284 39
134 158 70
134 288 54
134 293 83
134 167 23
134 296 64
134 298 5
134 174 63
134 188 61
134 190 83
134 198 42
134 204 6
134 206 67
134 226 77
134 228 47
134 237 86
134 251 70
134 252 98
134 170 30
134 254 83
135 145 10
135 146 68
135 152 67
135 288 8
135 173 89
135 182 17
135 197 19
135 205 21
135 210 50
135 250 84
135 253 74
135 254 2
135 255 6
136 260 1
136 263 95
136 267 89
136 141 56
136 147 32
136 153 18
136 274 52
136 299 54
136 182 50
136 188 48
136 192 75
136 205 50
136 218 96
136 219 100
136 221 6
136 209 20
136 234 91
136 254 96
137 268 25
137 273 2
137 277 70
137 164 76
137 293 22
137 168 56
137 179 88
137 186 88
137 201 24
137 204 84
137 207 3
137 222 34
137 231 71
137 244 80
137 246 50
138 257 53
138 275 43
138 148 79
138 290 4
138 163 80
138 164 51
138 173 89
138 177 47
138 182 85
138 199 30
138 205 77
138 243 23
138 254 78
139 277 70
139 165 27
139 182 62
139 184 44
139 212 96
139 232 92
139 247 21
139 253 21
139 254 80
140 265 8
140 267 72
140 141 40
140 270 33
140 282 67
140 286 75
140 189 52
140 201 75
140 213 95
140 214 41
140 228 22
140 237 59
140 252 35
141 146 58
141 148 30
141 277 78
141 278 82
141 280 16
141 285 21
141 289 81
141 157 45
141 183 15
141 192 93
141 202 54
141 213 93
141 292 37
141 219 42
141 225 86
141 227 86
141 233 6
141 149 22
142 224 89
142 290 52
142 267 47
142 198 30
142 231 60
142 170 86
142 235 84
142 221 11
142 242 73
142 211 55
142 216 96
142 249 29
142 155 5
142 253 92
142 287 4
143 157 87
143 288 1
143 290 9
143 174 49
143 187 86
143 188 78
143 215 46
143 225 99
143 166 50
143 235 45
143 237 33
143 249 73
144 276 5
144 155 58
144 160 55
144 161 41
144 166 88
144 170 32
144 173 38
144 187 31
144 199 51
144 204 93
144 249 27
144 228 5
144 229 5
145 284 84
145 292 12
145 263 55
145 175 25
145 218 33
145 230 40
145 232 24
145 246 58
146 149 14
146 279 98
146 152 7
146 154 31
146 286 17
146 295 46
146 180 51
146 186 23
146 191 83
146 197 8
146 205 67
146 209 73
146 216 60
146 217 21
146 224 16
146 232 67
147 259 14
147 261 45
147 268 15
147 157 100
147 287 70
147 161 70
147 291 96
147 188 38
147 190 47
147 223 88
147 237 73
147 243 90
147 250 95
148 174 29
148 279 31
148 295 68
148 198 83
148 202 93
148 208 72
148 211 98
148 220 59
148 221 36
148 244 25
148 255 7
148 277 22
149 271 17
149 282 86
149 159 38
149 162 35
149 168 39
149 266 37
149 179 55
149 182 16
149 186 3
149 189 73
149 190 85
149 194 31
149 221 59
149 232 43
149 250 0
150 257 47
150 251 77
150 260 99
150 199 76
150 183 2
150 200 38
150 210 85
150 245 92
150 216 83
150 217 89
150 158 6
151 258 34
151 275 50
151 289 4
151 291 99
151 293 99
151 167 61
151 169 8
151 191 57
151 262 86
151 195 5
151 196 12
151 197 61
151 225 27
151 202 28
151 204 27
151 205 3
151 207 97
151 295 97
151 242 68
152 257 29
152 267 43
152 268 71
152 269 81
152 270 52
152 277 60
152 285 23
152 161 22
152 187 29
152 199 86
152 209 56
152 215 0
152 235 5
152 251 77
153 266 24
153 270 25
153 278 29
153 280 39
153 163 64
153 168 98
153 176 14
153 182 22
153 186 21
153 189 37
153 190 52
153 224 52
153 227 26
153 237 73
153 238 78
153 247 51
153 251 85
154 257 46
154 272 77
154 168 16
154 169 5
154 178 17
154 186 64
154 195 12
154 200 61
154 201 74
154 222 12
154 165 45
154 224 47
154 226 22
154 227 37
154 240 97
154 241 74
154 244 55
154 253 16
155 256 65
155 258 25
155 288 76
155 161 89
155 294 39
155 296 32
155 199 82
155 195 29
155 196 97
155 215 66
155 243 49
155 253 11
155 254 77
156 263 46
156 281 0
156 283 22
156 292 45
156 293 4
156 173 33
156 199 13
156 210 88
156 220 56
156 223 25
156 236 78
156 237 64
156 245 3
156 250 69
156 255 54
157 263 46
157 297 27
157 172 96
157 181 29
157 200 95
157 204 30
157 269 46
157 212 52
157 239 63
158 263 45
158 265 75
158 281 10
158 292 41
158 166 72
158 167 74
158 172 65
158 173 86
158 180 13
158 182 98
158 194 31
158 195 40
158 211 23
158 214 35
158 227 29
159 263 67
159 264 49
159 272 92
159 275 64
159 277 10
159 161 81
159 170 38
159 299 56
159 172 25
159 185 72
159 186 10
159 191 84
159 192 78
159 196 39
159 205 92
159 211 25
159 292 97
159 237 8
160 224 21
160 232 33
160 267 54
160 270 70
160 180 73
160 213 8
160 249 51
160 284 65
161 176 36
161 164 79
161 294 47
161 169 54
161 298 37
161 299 72
161 199 22
161 202 51
161 203 29
161 214 6
161 216 90
161 226 86
161 236 45
161 237 55
161 242 51
161 252 96
162 288 76
162 203 29
162 196 7
162 165 92
162 184 69
162 235 87
162 237 10
162 280 28
162 297 37
162 217 80
162 223 19
163 270 5
163 278 77
163 164 93
163 169 28
163 174 12
163 224 78
163 229 78
163 243 97
163 247 41
163 250 42
164 260 21
164 268 20
164 282 30
164 292 69
164 176 16
164 188 43
164 190 69
164 207 54
164 216 30
164 247 25
165 192 37
165 263 50
165 281 26
165 293 50
165 167 19
165 178 11
165 193 50
165 212 17
165 243 60
165 252 95
165 254 7
166 258 16
166 263 100
166 266 88
166 280 27
166 291 73
166 296 93
166 177 85
166 178 32
166 183 74
166 184 32
166 188 53
166 209 85
166 217 33
166 222 84
166 226 14
166 168 84
166 248 14
167 263 55
167 266 81
167 274 89
167 282 42
167 169 92
167 181 80
167 197 91
167 207 16
167 221 76
167 242 29
167 246 58
168 256 36
168 267 94
168 270 71
168 299 32
168 175 54
168 193 34
168 212 15
168 214 29
168 250 30
168 236 4
168 252 95
169 258 93
169 260 38
169 280 1
169 170 86
169 299 40
169 177 73
169 189 54
169 196 19
169 200 42
169 291 9
169 212 30
169 217 9
169 246 81
170 267 41
170 283 63
170 286 29
170 288 8
170 293 16
170 183 84
170 226 9
170 214 2
170 236 82
171 294 21
171 202 14
171 236 86
171 238 79
171 176 41
171 273 38
171 274 96
171 179 29
171 212 83
171 183 40
171 283 25
172 275 48
172 281 45
172 298 99
172 184 47
172 187 1
172 190 53
172 194 1
172 196 75
172 217 28
172 226 79
172 233 41
172 255 99
173 258 92
173 268 7
173 275 41
173 299 47
173 174 53
173 286 25
173 227 36
173 245 23
173 250 66
173 255 25
174 259 76
174 282 83
174 290 38
174 187 34
174 195 6
174 197 85
174 198 3
174 206 11
174 216 98
174 220 37
174 223 85
174 226 12
175 260 38
175 280 33
175 295 98
175 181 82
175 210 57
175 227 73
175 212 21
175 218 92
175 222 55
175 273 67
175 233 59
175 236 27
175 240 81
175 242 79
176 261 98
176 284 78
176 286 24
176 191 97
176 200 15
176 206 56
176 224 62
176 241 16
176 253 82
177 289 29
177 290 73
177 196 55
177 228 80
177 273 28
177 204 23
177 232 80
177 217 76
177 216 38
178 264 81
178 286 14
178 287 42
178 292 17
178 296 92
178 195 21
178 202 41
178 215 26
178 216 30
178 220 20
178 237 72
178 244 70
178 190 62
179 275 98
179 292 14
179 295 51
179 190 8
179 195 30
179 199 12
179 203 59
179 290 87
179 217 2
180 259 25
180 294 61
180 273 89
180 254 76
180 203 28
180 215 28
180 285 38
181 268 19
181 275 44
181 288 95
181 289 31
181 182 73
181 184 77
181 186 14
181 193 94
181 198 34
181 209 5
181 228 36
181 234 63
182 269 72
182 217 50
182 220 97
182 235 41
182 237 51
183 268 60
183 274 71
183 275 87
183 296 16
183 185 35
183 188 5
183 197 54
183 205 16
183 208 58
183 228 14
183 229 6
184 276 87
184 277 5
184 298 2
184 199 16
184 211 81
184 215 20
184 217 52
184 226 94
184 244 76
184 249 40
185 191 87
185 207 3
185 273 54
185 187 34
185 285 11
185 190 76
186 260 57
186 275 77
186 288 50
186 188 91
186 197 53
186 202 34
186 212 76
186 213 70
186 215 16
186 220 38
186 223 72
186 233 22
186 234 49
186 238 78
186 277 64
187 264 31
187 265 1
187 266 67
187 273 17
187 238 90
187 283 59
187 287 24
187 195 52
187 205 26
187 209 53
187 216 83
187 220 91
187 221 0
187 225 10
187 231 81
187 272 26
187 240 76
187 250 23
188 268 48
188 279 94
188 281 25
188 284 88
188 294 20
188 190 91
188 192 87
188 210 26
188 216 80
188 229 43
188 239 53
188 240 49
188 246 5
188 249 41
189 264 19
189 265 17
189 270 28
189 277 69
189 283 10
189 290 0
189 259 67
189 201 18
189 222 18
189 223 61
189 233 44
189 240 37
189 244 73
190 192 27
190 267 67
190 279 21
190 262 71
190 191 71
190 194 13
190 205 20
190 212 39
190 243 45
190 252 11
191 264 99
191 266 10
191 275 13
191 276 100
191 294 79
191 196 79
191 207 86
191 212 43
191 218 22
191 221 43
191 222 10
191 226 40
192 235 84
192 280 23
192 294 52
192 194 38
192 195 11
192 201 71
192 216 72
192 225 13
192 246 86
192 250 43
192 254 53
193 288 66
193 234 50
193 223 55
194 257 46
194 288 48
194 293 68
194 201 0
194 215 30
194 230 27
194 231 92
195 261 67
195 265 10
195 266 50
195 277 57
195 286 94
195 288 18
195 293 70
195 298 85
195 299 49
195 197 29
195 207 39
195 217 72
195 225 20
195 227 95
195 233 17
196 261 40
196 268 15
196 273 44
196 275 65
196 284 19
196 285 49
196 292 92
196 224 61
196 205 99
196 215 55
196 220 24
196 252 64
197 257 42
197 260 13
197 279 49
197 258 74
197 270 53
197 294 68
197 248 55
198 258 54
198 260 18
198 262 54
198 264 74
198 277 48
198 284 67
198 298 84
198 199 32
198 204 20
198 251 82
199 287 68
199 289 39
199 292 100
199 237 39
199 239 24
200 292 90
200 262 52
200 225 52
200 207 52
200 274 56
200 215 94
200 240 38
201 266 70
201 269 3
201 274 39
201 280 49
201 290 82
201 291 88
201 220 94
201 230 4
201 245 16
202 258 28
202 290 14
202 230 21
202 233 85
202 235 19
202 249 78
202 281 20
203 256 7
203 232 75
203 268 45
203 270 98
203 243 8
203 281 14
204 261 8
204 264 0
204 275 33
204 277 29
204 282 56
204 294 99
204 297 24
204 298 10
204 212 19
204 214 63
204 235 2
204 240 96
204 245 92
204 251 29
204 254 50
205 256 76
205 269 64
205 271 61
205 277 29
205 278 76
205 288 59
205 231 28
205 241 30
205 251 7
205 254 38
206 272 75
206 290 16
206 222 99
206 223 24
206 209 11
206 231 87
206 246 69
206 247 83
206 252 80
207 264 89
207 268 74
207 245 8
207 280 84
207 216 61
207 220 92
207 227 20
207 242 0
207 248 5
207 213 18
208 265 26
208 273 87
208 221 60
208 224 81
208 225 33
208 230 27
208 245 21
209 272 74
209 293 40
209 295 32
209 297 75
209 213 20
209 214 16
209 232 90
209 246 29
210 257 76
210 268 26
210 277 60
210 286 80
210 291 58
210 293 18
210 213 49
210 216 47
210 218 38
210 234 59
210 237 29
210 243 59
210 245 82
210 246 55
210 248 97
211 286 50
211 230 40
211 241 59
211 247 51
211 253 9
212 258 50
212 259 100
212 269 82
212 275 73
212 235 34
212 296 55
212 242 78
212 245 10
213 274 50
213 284 98
213 296 94
213 299 22
213 216 4
213 243 22
214 256 68
214 259 23
214 262 70
214 266 99
214 274 54
214 293 1
214 217 44
214 219 81
214 230 68
214 233 65
214 240 0
214 254 32
215 276 13
215 279 9
215 287 39
215 299 23
215 216 75
215 220 31
215 228 49
215 230 44
215 234 0
215 244 18
215 245 31
215 246 33
215 249 81
215 252 91
216 256 30
216 274 25
216 288 90
216 222 2
216 226 23
216 234 85
216 245 54
216 250 27
217 256 48
217 265 69
217 269 34
217 276 56
217 277 73
217 291 54
217 297 86
217 219 90
217 221 32
217 227 48
217 247 38
218 225 87
218 227 77
218 295 24
218 291 100
218 277 75
218 252 84
219 226 82
219 253 48
219 240 99
219 242 15
219 233 14
219 248 15
219 284 17
219 223 64
220 267 42
220 270 71
220 249 42
220 224 65
220 238 21
220 276 9
220 250 1
220 251 7
221 261 73
221 265 70
221 228 25
221 251 98
222 269 89
222 281 35
222 242 74
223 268 59
223 280 84
223 292 67
223 233 24
223 235 34
223 237 24
223 238 7
223 240 53
223 243 39
224 259 70
224 291 48
225 259 76
225 273 53
225 276 48
225 285 26
225 232 46
226 265 56
226 273 58
226 278 59
226 294 40
226 242 43
226 247 35
227 268 34
227 293 76
227 296 24
227 229 17
227 232 66
227 234 64
227 240 77
227 242 10
227 243 75
227 255 11
228 259 70
228 273 65
228 276 9
228 291 80
228 294 62
228 245 70
228 253 76
229 261 32
229 269 40
229 270 68
229 297 9
229 294 85
229 248 4
230 266 59
230 272 63
230 278 44
230 292 37
230 232 79
230 236 63
231 259 74
231 246 63
231 243 9
231 276 18
231 278 54
231 279 95
232 264 48
232 283 76
232 293 93
232 295 94
232 242 0
232 253 60
233 260 19
233 263 34
233 267 100
233 271 10
233 239 4
233 243 28
233 250 85
233 255 76
234 260 3
234 288 5
234 299 100
234 275 8
234 253 7
235 264 70
235 249 15
236 257 86
236 290 57
236 265 60
236 247 79
236 285 55
237 270 95
237 276 27
237 296 76
237 298 57
237 246 24
238 289 73
238 290 12
238 239 57
238 296 45
238 274 18
239 266 28
239 274 87
239 246 14
240 277 66
240 283 48
240 288 31
240 291 28
240 245 58
240 247 65
241 262 95
241 258 88
241 286 64
241 253 78
241 254 18
242 260 65
242 261 44
242 271 90
242 273 16
242 296 58
242 297 82
242 279 69
242 251 26
242 252 59
243 256 33
243 266 12
243 282 91
243 283 17
244 245 19
244 262 85
244 275 95
244 252 96
244 277 93
245 267 86
245 269 21
245 272 43
245 274 32
245 255 56
246 259 21
246 267 51
246 272 76
246 250 46
246 253 53
247 289 47
247 291 86
247 297 92
247 293 94
247 287 88
248 260 46
248 274 37
248 294 40
248 253 16
248 254 48
249 279 10
249 281 73
249 283 7
250 261 50
250 267 1
250 268 66
250 272 58
250 277 50
250 279 4
250 292 55
250 294 85
250 296 45
250 263 19
251 256 1
251 265 24
251 269 85
251 278 54
251 282 96
251 286 2
251 260 86
251 288 95
251 291 73
251 254 91
252 288 17
252 294 50
252 269 84
252 276 70
253 288 55
253 292 94
253 296 83
254 283 81
254 284 92
254 285 55
254 287 11
254 288 12
255 289 23
255 265 94
255 270 73
255 287 98
256 268 36
256 286 5
257 259 84
257 279 80
257 284 5
257 287 38
257 292 50
258 268 34
258 276 19
258 299 33
259 281 77
259 295 95
259 263 7
260 262 95
260 265 8
260 273 63
260 282 3
261 270 25
261 273 65
261 274 83
261 276 69
261 283 1
262 278 76
262 287 10
262 290 0
263 269 46
263 277 33
263 282 1
263 298 22
263 287 49
264 277 27
264 280 87
264 294 10
264 297 89
265 287 73
265 294 37
266 273 0
266 287 67
266 290 69
266 296 80
267 279 31
267 286 19
268 273 34
268 277 25
268 279 8
268 298 40
269 283 76
269 287 63
270 272 49
271 289 66
271 275 56
271 278 84
271 283 97
272 285 44
272 286 42
272 291 56
272 294 8
272 296 55
273 283 66
274 283 24
274 297 72
275 283 100
275 287 89
275 288 28
275 290 34
275 295 83
276 281 64
276 285 43
277 282 7
277 299 95
278 279 79
278 296 36
279 281 36
279 290 46
279 293 0
280 284 61
280 298 30
281 286 20
281 294 1
282 286 58
282 289 40
282 298 88
283 294 45
284 292 86
285 294 34
286 288 86
286 292 10
286 299 12
287 299 10
288 293 32
288 296 80
289 290 40
289 297 39
291 294 77
291 297 99
292 297 93
295 296 93
