300 4000
0 2 71
0 272 83
0 273 42
0 281 98
0 282 54
0 28 13
0 31 100
0 294 59
0 175 8
0 176 78
0 53 9
0 68 49
0 204 46
0 205 84
0 209 48
0 82 93
0 213 49
0 96 35
0 98 57
0 101 25
0 116 83
0 254 98
1 263 31
1 16 45
1 149 72
1 27 86
1 31 98
1 160 34
1 166 27
1 299 35
1 45 18
1 202 3
1 75 63
1 77 44
1 205 35
1 80 59
1 90 93
1 219 50
1 101 78
1 108 16
1 244 78
1 247 30
1 253 55
1 277 14
2 33 82
2 100 44
2 37 2
2 209 16
2 104 12
2 9 95
2 43 60
2 60 54
2 15 95
2 152 20
2 114 41
2 179 49
2 105 4
2 23 47
2 280 3
2 186 37
2 220 88
2 95 85
3 132 24
3 134 82
3 135 12
3 11 87
3 141 33
3 146 50
3 25 79
3 154 16
3 155 4
3 31 20
3 32 29
3 35 92
3 170 2
3 299 64
3 175 25
3 182 41
3 64 8
3 71 8
3 83 30
3 213 12
3 223 2
3 97 42
3 233 54
3 110 52
3 240 80
3 115 86
3 247 0
3 254 19
4 5 24
4 263 89
4 137 23
4 269 39
4 141 2
4 17 6
4 147 8
4 277 62
4 22 26
4 23 90
4 281 18
4 32 19
4 37 41
4 42 38
4 177 53
4 178 73
4 51 84
4 181 13
4 160 58
4 200 70
4 207 73
4 81 80
4 212 53
4 217 63
4 251 79
4 102 99
4 273 24
4 244 88
4 118 68
4 123 33
5 130 35
5 6 39
5 136 89
5 137 46
5 258 84
5 16 86
5 145 47
5 278 84
5 25 3
5 156 54
5 48 27
5 164 32
5 37 96
5 47 99
5 176 73
5 183 53
5 184 70
5 57 94
5 61 74
5 194 66
5 200 46
5 216 63
5 230 17
5 106 41
6 131 54
6 266 45
6 194 100
6 142 54
6 143 6
6 16 86
6 17 57
6 148 6
6 154 97
6 173 28
6 10 48
6 58 75
6 61 11
6 191 86
6 66 49
6 69 43
6 74 40
6 76 92
6 205 99
6 207 24
6 208 63
6 209 64
6 83 78
6 215 48
6 221 65
6 96 35
6 232 49
6 233 64
6 189 54
6 240 0
6 113 48
6 116 40
6 248 76
6 250 93
6 255 3
7 134 19
7 264 21
7 10 62
7 20 6
7 22 42
7 27 74
7 156 51
7 36 88
7 37 2
7 50 41
7 53 26
7 184 24
7 188 50
7 191 5
7 195 14
7 74 81
7 87 85
7 222 55
7 97 29
7 101 64
7 108 77
7 111 62
7 240 25
7 119 96
7 121 84
7 251 54
8 263 71
8 269 18
8 271 24
8 145 69
8 151 85
8 153 99
8 154 34
8 287 26
8 160 37
8 40 56
8 51 74
8 180 98
8 191 81
8 64 12
8 66 69
8 74 76
8 75 3
8 207 22
8 216 23
8 91 8
8 232 88
8 119 38
8 120 50
8 127 6
9 139 32
9 14 78
9 145 85
9 147 57
9 278 91
9 280 85
9 282 16
9 111 11
9 294 66
9 44 27
9 48 71
9 186 33
9 62 72
9 194 98
9 71 9
9 77 2
9 78 33
9 79 58
9 211 14
9 227 36
9 108 54
9 110 73
9 239 80
9 112 58
9 119 48
9 253 30
10 256 100
10 259 16
10 264 95
10 266 33
10 12 27
10 14 29
10 131 34
10 20 10
10 89 60
10 282 10
10 157 99
10 287 65
10 184 41
10 58 63
10 61 48
10 66 34
10 203 61
10 210 56
10 212 73
10 217 57
10 90 2
10 219 25
10 92 61
10 96 97
10 106 22
10 123 22
10 254 19
10 255 45
11 257 30
11 132 43
11 135 29
11 140 87
11 21 52
11 23 71
11 153 63
11 37 92
11 44 0
11 178 15
11 181 93
11 95 51
11 60 88
11 68 91
11 75 66
11 220 43
11 293 89
11 102 63
11 237 14
11 117 57
11 248 72
12 215 25
12 142 45
12 24 16
12 283 14
12 156 61
12 29 94
12 32 96
12 165 68
12 295 36
12 174 49
12 178 63
12 66 52
12 203 83
12 208 86
12 86 87
12 87 30
12 220 96
12 293 28
12 226 97
12 107 69
12 112 5
12 114 48
12 118 21
12 247 59
12 255 32
13 141 66
13 144 91
13 275 35
13 276 23
13 69 34
13 158 47
13 31 14
13 32 26
13 34 75
13 297 72
13 172 38
13 47 50
13 187 91
13 196 24
13 197 50
13 81 16
13 87 65
13 92 46
13 230 43
13 104 93
13 111 87
13 243 96
13 254 22
14 258 72
14 139 13
14 268 82
14 141 35
14 272 55
14 18 60
14 149 0
14 151 31
14 157 48
14 288 13
14 162 24
14 292 58
14 40 82
14 176 59
14 52 1
14 182 23
14 116 16
14 200 33
14 206 72
14 79 56
14 81 89
14 83 60
14 215 74
14 36 97
14 220 0
14 223 19
14 97 4
14 102 90
14 244 0
14 245 60
15 133 41
15 134 89
15 140 81
15 19 4
15 278 24
15 239 11
15 284 9
15 292 37
15 37 98
15 45 12
15 180 56
15 187 11
15 60 22
15 66 11
15 199 83
15 83 23
15 214 91
15 217 23
15 94 61
15 223 100
15 99 59
15 101 52
15 242 1
15 111 54
15 112 49
15 114 3
15 147 42
15 249 70
16 136 36
16 268 48
16 143 97
16 274 63
16 19 43
16 22 54
16 24 90
16 281 98
16 31 20
16 163 13
16 165 25
16 48 1
16 186 27
16 61 5
16 191 62
16 199 41
16 200 12
16 80 93
16 210 78
16 84 53
16 214 94
16 88 100
16 271 40
16 101 65
16 235 76
16 239 42
16 242 27
16 121 90
17 128 86
17 257 74
17 262 45
17 146 83
17 285 14
17 286 88
17 165 60
17 38 74
17 167 46
17 173 6
17 49 89
17 66 6
17 195 19
17 70 3
17 200 49
17 201 39
17 78 2
17 79 49
17 91 12
17 220 44
17 93 6
17 229 83
17 230 24
17 104 83
17 119 85
17 248 86
17 252 97
17 253 62
18 192 88
18 260 87
18 133 41
18 264 83
18 271 25
18 146 61
18 148 10
18 150 17
18 157 45
18 291 49
18 167 78
18 180 21
18 186 4
18 64 17
18 68 98
18 77 67
18 206 29
18 214 38
18 88 48
18 103 84
18 105 7
18 236 33
18 244 29
18 246 95
18 254 61
18 255 14
19 257 100
19 230 13
19 145 13
19 275 35
19 278 93
19 279 32
19 28 95
19 285 47
19 286 97
19 163 46
19 44 17
19 49 50
19 50 89
19 186 29
19 223 47
19 189 22
19 202 43
19 90 22
19 219 85
19 222 99
19 95 50
19 225 41
19 101 23
19 102 32
19 144 55
19 235 11
19 110 22
19 243 66
19 246 15
19 119 91
19 123 77
19 253 2
20 129 33
20 130 1
20 132 27
20 263 20
20 195 11
20 22 83
20 163 77
20 170 68
20 50 4
20 52 35
20 59 56
20 60 42
20 189 38
20 67 47
20 199 49
20 202 14
20 205 79
20 214 29
20 89 55
20 219 93
20 220 31
20 224 26
20 234 7
20 249 59
20 122 20
21 134 93
21 273 20
21 277 1
21 285 18
21 30 29
21 289 95
21 290 74
21 166 12
21 46 54
21 50 78
21 188 95
21 63 52
21 193 100
21 198 74
21 208 70
21 85 24
21 215 48
21 217 47
21 93 17
21 233 50
21 234 11
21 237 88
21 117 97
21 118 90
21 124 57
22 262 31
22 264 20
22 267 75
22 283 13
22 157 86
22 30 2
22 161 45
22 289 87
22 38 7
22 40 60
22 45 95
22 285 28
22 48 0
22 55 60
22 63 85
22 65 41
22 194 90
22 71 73
22 209 88
22 211 68
22 84 13
22 86 77
22 219 68
22 93 80
22 223 94
22 225 79
22 231 50
22 237 2
22 116 99
22 245 87
23 269 83
23 273 76
23 147 56
23 28 5
23 160 52
23 290 71
23 292 26
23 293 74
23 296 37
23 284 18
23 181 46
23 54 69
23 72 19
23 83 34
23 212 86
23 217 6
23 106 23
23 124 37
23 254 21
23 127 95
24 264 61
24 139 78
24 269 43
24 60 46
24 282 84
24 283 75
24 157 57
24 33 34
24 167 85
24 168 65
24 59 77
24 188 88
24 72 59
24 204 54
24 84 73
24 86 80
24 92 94
24 221 60
24 223 21
24 232 82
24 105 58
24 107 93
24 114 17
24 245 1
25 136 1
25 137 19
25 267 59
25 276 63
25 265 85
25 36 34
25 165 89
25 42 0
25 43 6
25 179 5
25 53 53
25 183 93
25 62 96
25 64 71
25 68 44
25 200 61
25 201 58
25 76 62
25 207 21
25 208 89
25 84 57
25 164 70
25 224 20
25 228 30
25 244 41
25 125 82
26 259 57
26 261 41
26 145 17
26 278 33
26 281 29
26 153 100
26 27 15
26 159 60
26 283 62
26 47 21
26 52 87
26 61 41
26 96 82
26 203 0
26 212 74
26 217 83
26 91 57
26 94 1
26 224 38
26 231 41
26 107 18
26 109 47
26 111 16
26 254 38
27 142 24
27 261 83
27 166 43
27 72 32
27 174 89
27 144 44
27 168 97
27 147 41
27 117 32
27 183 49
27 120 78
27 153 40
27 155 67
27 60 99
27 102 38
27 62 31
27 191 7
28 235 14
28 279 16
28 143 97
28 150 48
28 281 84
28 34 50
28 291 8
28 53 56
28 60 8
28 70 72
28 71 91
28 200 84
28 209 92
28 84 28
28 121 34
28 90 45
28 97 30
28 226 28
28 102 57
28 104 36
28 234 25
28 107 36
28 112 6
28 241 34
28 245 66
28 249 91
28 126 40
29 144 84
29 148 26
29 153 98
29 30 98
29 32 23
29 35 49
29 292 5
29 167 89
29 44 16
29 47 46
29 179 28
29 94 8
29 194 94
29 72 56
29 268 53
29 204 48
29 210 49
29 211 80
29 85 66
29 87 91
29 216 21
29 221 73
29 222 52
29 98 64
29 236 60
29 125 50
30 260 50
30 262 98
30 136 20
30 142 27
30 281 76
30 289 60
30 35 9
30 164 11
30 293 15
30 294 47
30 40 41
30 172 52
30 52 95
30 59 38
30 65 4
30 70 63
30 71 74
30 200 95
30 203 38
30 205 41
30 79 11
30 81 69
30 88 22
30 94 93
30 95 93
30 187 39
30 231 80
31 263 76
31 264 71
31 239 65
31 274 55
31 275 66
31 155 67
31 33 2
31 170 1
31 45 4
31 47 92
31 176 26
31 49 19
31 201 1
31 78 16
31 82 70
31 214 97
31 87 93
31 92 77
31 111 94
31 240 79
31 249 67
31 124 6
32 259 57
32 263 99
32 144 80
32 282 30
32 291 11
32 165 92
32 38 47
32 39 27
32 169 61
32 298 21
32 243 18
32 56 49
32 57 37
32 193 91
32 200 58
32 268 68
32 247 28
32 80 21
32 184 27
32 83 19
32 214 65
32 185 92
32 217 9
32 220 87
32 251 7
32 294 52
32 232 57
32 112 14
32 115 48
32 244 41
32 119 76
32 123 68
32 255 47
33 257 43
33 284 83
33 286 39
33 162 18
33 293 12
33 39 90
33 52 51
33 158 34
33 63 18
33 69 53
33 201 97
33 74 9
33 77 26
33 94 52
33 233 85
33 237 6
33 241 60
33 116 9
33 105 100
33 248 27
33 125 93
34 258 53
34 132 0
34 135 67
34 264 82
34 265 54
34 277 13
34 154 97
34 158 11
34 165 4
34 294 27
34 43 47
34 44 84
34 49 12
34 178 66
34 53 83
34 54 9
34 184 65
34 200 2
34 78 52
34 85 66
34 88 28
34 90 8
34 225 38
34 118 44
34 247 74
35 272 75
35 146 87
35 275 69
35 283 17
35 288 100
35 164 42
35 167 61
35 41 87
35 298 27
35 180 61
35 193 39
35 194 6
35 67 15
35 199 61
35 200 86
35 202 57
35 209 55
35 82 37
35 213 94
35 222 36
35 96 80
35 228 42
35 234 87
35 240 89
35 115 5
35 245 83
35 252 31
35 255 78
36 128 6
36 131 54
36 134 1
36 268 63
36 274 70
36 147 91
36 153 4
36 287 22
36 289 74
36 37 78
36 296 9
36 297 90
36 173 51
36 174 90
36 49 43
36 53 46
36 56 30
36 74 21
36 87 3
36 108 89
36 238 47
36 239 31
37 263 47
37 270 49
37 275 27
37 277 34
37 279 52
37 154 17
37 290 4
37 163 23
37 45 52
37 175 34
37 178 90
37 53 13
37 186 0
37 199 43
37 75 63
37 83 6
37 90 9
37 94 71
37 98 61
37 230 22
37 234 95
37 238 88
37 120 43
37 121 48
37 127 43
38 273 95
38 292 42
38 168 72
38 41 10
38 46 54
38 47 62
38 49 22
38 58 13
38 60 76
38 64 17
38 193 71
38 203 94
38 79 58
38 81 95
38 213 83
38 91 13
38 227 57
38 228 66
38 104 39
38 107 71
38 112 42
38 243 87
38 119 74
38 121 53
39 65 48
39 66 92
39 155 41
39 101 83
39 105 50
39 139 76
39 109 37
39 256 24
39 125 98
39 112 73
39 56 87
39 148 16
39 120 83
39 187 52
39 285 21
39 254 19
40 192 55
40 292 60
40 101 23
40 102 72
40 265 33
40 106 33
40 48 36
40 168 74
40 210 43
40 148 54
40 86 57
40 56 68
40 280 40
40 124 63
40 138 14
40 165 45
41 128 29
41 267 58
41 280 3
41 164 86
41 43 90
41 47 68
41 53 71
41 55 21
41 57 56
41 189 48
41 193 52
41 194 83
41 68 61
41 70 33
41 204 57
41 216 38
41 98 91
41 232 54
41 233 77
41 108 23
41 246 39
41 253 93
42 134 1
42 215 97
42 140 92
42 287 43
42 167 24
42 185 32
42 187 27
42 192 52
42 65 94
42 67 50
42 87 0
42 91 79
42 220 72
42 222 32
42 224 55
42 226 90
42 99 2
42 228 83
42 238 77
42 245 8
42 249 30
42 125 65
43 256 6
43 132 88
43 264 7
43 139 95
43 141 25
43 271 35
43 273 49
43 293 6
43 295 27
43 52 30
43 181 44
43 56 68
43 57 12
43 187 91
43 60 92
43 267 91
43 197 58
43 205 42
43 84 55
43 86 74
43 215 21
43 217 67
43 143 77
43 221 84
43 222 56
43 165 21
43 225 94
43 236 18
43 240 6
43 116 9
43 253 22
44 263 56
44 138 87
44 269 18
44 146 75
44 283 14
44 284 77
44 291 24
44 293 99
44 297 22
44 170 49
44 172 6
44 175 69
44 49 70
44 253 16
44 180 45
44 182 6
44 192 77
44 267 27
44 118 18
44 200 4
44 208 18
44 82 100
44 91 47
44 95 21
44 104 62
44 239 88
44 113 13
44 246 8
44 124 0
44 125 96
45 136 72
45 139 63
45 269 80
45 143 55
45 238 38
45 170 43
45 47 48
45 178 35
45 180 79
45 53 68
45 184 64
45 57 99
45 196 62
45 71 6
45 206 93
45 79 83
45 208 54
45 82 22
45 84 44
45 86 41
45 90 6
45 232 96
45 110 56
46 128 75
46 260 41
46 262 11
46 135 15
46 151 89
46 134 99
46 173 5
46 50 71
46 57 51
46 60 88
46 66 30
46 196 50
46 70 46
46 75 57
46 99 15
46 89 64
46 219 35
46 94 56
46 97 32
46 227 14
46 228 79
46 188 56
46 251 97
46 123 57
46 124 31
46 253 57
47 131 5
47 261 23
47 262 61
47 267 80
47 144 73
47 259 46
47 277 62
47 279 49
47 157 94
47 158 49
47 133 18
47 161 91
47 290 83
47 171 8
47 182 74
47 200 51
47 162 64
47 83 45
47 213 30
47 227 22
47 109 27
47 117 81
48 258 8
48 137 4
48 140 44
48 279 83
48 154 26
48 265 6
48 297 50
48 175 4
48 178 35
48 179 62
48 180 10
48 54 4
48 190 57
48 193 2
48 195 48
48 202 100
48 207 90
48 83 76
48 98 17
48 229 7
48 112 17
48 117 42
48 118 67
48 119 22
49 131 81
49 268 55
49 141 89
49 272 47
49 107 1
49 280 20
49 281 55
49 155 68
49 283 33
49 179 45
49 55 7
49 65 33
49 73 35
49 203 44
49 290 96
49 79 33
49 84 51
49 85 53
49 292 54
49 219 5
49 95 86
49 97 98
49 234 68
49 235 29
49 109 14
49 112 26
49 116 58
49 246 21
50 134 20
50 266 70
50 269 47
50 271 70
50 195 44
50 156 17
50 159 41
50 165 43
50 210 98
50 185 34
50 59 29
50 188 15
50 190 53
50 64 94
50 67 38
50 69 16
50 205 76
50 82 2
50 89 44
50 92 45
50 228 38
50 231 79
50 235 41
50 237 86
50 62 20
50 124 34
50 126 66
51 162 27
51 195 17
51 145 15
51 168 70
51 73 43
51 295 81
51 76 39
51 176 32
51 114 92
51 52 60
51 277 41
51 164 4
51 217 69
51 122 63
51 255 51
51 284 24
51 191 23
52 133 38
52 278 20
52 279 2
52 154 70
52 286 87
52 173 60
52 60 87
52 181 85
52 198 55
52 73 76
52 74 78
52 99 68
52 216 73
52 222 62
52 227 11
52 105 0
52 108 33
52 126 96
53 257 84
53 132 75
53 159 29
53 288 83
53 166 63
53 295 18
53 174 27
53 177 71
53 54 23
53 55 57
53 62 0
53 195 52
53 198 48
53 208 83
53 209 90
53 156 66
53 219 82
53 94 86
53 226 25
53 228 31
53 101 69
53 109 18
53 240 56
53 119 24
53 248 37
53 126 59
54 258 27
54 145 42
54 279 30
54 280 45
54 281 49
54 286 46
54 160 87
54 297 83
54 175 79
54 58 7
54 189 68
54 191 61
54 70 41
54 209 77
54 217 7
54 98 27
54 244 64
54 245 25
54 118 53
54 121 92
55 258 56
55 131 10
55 132 5
55 264 66
55 265 70
55 267 19
55 272 76
55 148 75
55 154 25
55 284 84
55 158 15
55 174 35
55 60 45
55 62 85
55 96 16
55 225 72
55 98 30
55 110 2
55 247 90
55 250 12
55 123 51
56 133 54
56 150 34
56 151 35
56 286 60
56 261 72
56 180 90
56 182 2
56 57 44
56 159 67
56 188 53
56 72 42
56 205 27
56 79 5
56 80 19
56 209 85
56 213 0
56 228 63
56 231 79
56 237 56
56 241 22
56 120 88
57 271 73
57 276 75
57 289 42
57 291 10
57 299 65
57 185 22
57 59 63
57 190 91
57 191 65
57 193 39
57 196 56
57 75 95
57 173 35
57 89 65
57 218 44
57 94 11
57 96 44
57 227 33
57 239 0
57 169 22
58 259 79
58 262 30
58 265 92
58 271 66
58 148 25
58 281 11
58 155 80
58 283 57
58 292 12
58 168 66
58 173 86
58 185 86
58 266 42
58 192 88
58 73 59
58 219 92
58 92 84
58 221 31
58 222 14
58 224 6
58 225 88
58 230 74
58 105 92
58 108 36
58 118 54
58 122 22
58 124 86
58 125 93
59 266 14
59 148 22
59 285 96
59 180 38
59 61 29
59 73 45
59 208 90
59 210 49
59 87 5
59 89 97
59 95 83
59 231 32
59 232 84
59 82 84
59 110 92
59 118 21
59 121 78
60 128 94
60 155 56
60 137 69
60 152 52
60 157 89
60 162 56
60 291 72
60 169 100
60 176 71
60 177 22
60 178 22
60 190 56
60 192 47
60 195 1
60 68 93
60 69 98
60 83 48
60 91 31
60 96 78
60 225 91
60 273 67
60 233 32
60 108 12
60 238 65
60 240 99
60 241 65
60 251 35
61 257 100
61 132 83
61 137 19
61 271 35
61 148 49
61 282 46
61 261 48
61 160 49
61 162 64
61 168 67
61 170 68
61 175 84
61 138 28
61 189 34
61 62 39
61 66 79
61 143 59
61 91 20
61 93 92
61 296 91
61 117 100
61 123 40
61 253 78
62 193 19
62 99 77
62 295 72
62 72 33
62 201 87
62 108 39
62 146 45
62 207 43
62 114 16
62 280 49
62 185 70
62 250 49
62 153 88
62 127 35
63 257 89
63 264 83
63 137 71
63 144 61
63 275 34
63 152 25
63 159 76
63 293 42
63 166 56
63 298 44
63 265 96
63 194 9
63 200 3
63 201 57
63 203 14
63 208 59
63 213 25
63 228 55
63 100 93
63 104 9
63 111 74
63 121 13
64 136 71
64 137 24
64 156 37
64 157 57
64 161 89
64 292 100
64 168 56
64 171 77
64 172 54
64 173 82
64 178 48
64 184 70
64 69 93
64 72 29
64 219 21
64 223 8
64 229 40
64 240 25
64 248 56
64 252 100
65 97 47
65 225 3
65 226 61
65 291 38
65 228 86
65 135 20
65 208 17
65 210 13
65 211 59
65 212 37
65 213 35
65 247 9
65 88 8
65 185 62
65 187 43
65 253 0
66 131 31
66 144 63
66 67 48
66 279 54
66 293 50
66 195 56
66 71 31
66 202 33
66 203 2
66 79 20
66 91 14
66 223 92
66 96 3
66 226 51
66 251 1
66 100 90
66 234 39
66 244 86
66 119 81
66 123 57
67 226 58
67 299 55
67 196 22
67 230 13
67 81 89
67 264 89
67 139 57
67 144 13
67 168 60
67 84 76
67 213 9
67 254 42
67 120 66
67 244 44
67 222 51
68 193 60
68 99 69
68 133 6
68 135 33
68 101 36
68 142 88
68 141 0
68 176 37
68 90 44
68 285 3
68 95 75
69 128 67
69 257 6
69 134 30
69 273 53
69 277 39
69 283 40
69 287 53
69 165 79
69 295 16
69 297 85
69 299 60
69 177 66
69 180 10
69 183 34
69 194 93
69 214 85
69 221 8
69 227 60
69 102 17
69 231 80
69 106 35
69 107 75
69 112 10
69 113 61
69 121 83
69 251 64
69 234 94
70 257 9
70 142 87
70 174 42
70 283 76
70 291 28
70 298 74
70 189 11
70 197 29
70 77 54
70 163 52
70 92 16
70 221 8
70 222 95
70 96 81
70 236 40
70 277 43
71 128 23
71 130 32
71 132 86
71 133 15
71 266 66
71 273 75
71 238 42
71 279 36
71 281 49
71 285 60
71 163 25
71 164 82
71 299 91
71 175 1
71 186 10
71 72 80
71 203 81
71 76 85
71 215 3
71 88 90
71 90 58
71 91 46
71 223 4
71 99 46
71 230 49
71 232 38
71 110 23
71 240 15
71 153 65
71 121 14
72 130 18
72 261 37
72 272 41
72 146 76
72 150 71
72 282 59
72 285 45
72 200 48
72 216 38
72 222 76
72 231 40
72 236 89
72 112 46
72 119 22
72 121 87
72 124 34
73 256 70
73 129 66
73 266 49
73 276 85
73 153 48
73 283 87
73 294 33
73 170 70
73 176 58
73 178 34
73 138 70
73 83 100
73 90 82
73 219 29
73 220 52
73 107 77
73 236 22
73 112 30
73 246 16
73 119 77
73 252 11
73 253 55
73 127 26
74 263 36
74 269 7
74 153 61
74 167 66
74 296 84
74 174 60
74 182 67
74 193 33
74 82 7
74 84 52
74 216 24
74 93 62
74 96 21
74 101 58
74 230 67
74 233 0
74 112 71
74 241 96
74 116 70
74 119 39
74 253 95
75 290 83
75 199 95
75 167 48
75 258 53
75 111 98
75 240 42
75 271 92
75 115 79
75 278 39
75 88 70
75 187 51
75 220 68
75 222 43
76 264 64
76 265 16
76 269 14
76 146 59
76 277 70
76 152 87
76 286 88
76 287 56
76 173 29
76 174 95
76 192 13
76 196 100
76 200 43
76 203 45
76 90 99
76 98 27
76 100 5
76 232 75
76 109 20
76 116 88
76 120 71
76 122 10
76 127 24
77 96 46
77 294 58
77 132 49
77 133 46
77 136 30
77 107 73
77 109 1
77 111 74
77 112 12
77 145 74
77 115 61
77 244 40
77 218 19
77 254 55
77 223 97
78 161 60
78 299 93
78 243 92
78 134 37
78 263 19
78 231 85
78 144 4
78 147 95
78 149 95
78 214 67
78 137 46
78 282 2
79 133 45
79 269 17
79 275 4
79 149 95
79 159 49
79 167 62
79 182 100
79 186 50
79 187 58
79 203 94
79 82 21
79 84 84
79 224 81
79 98 0
79 100 94
79 233 35
79 112 68
79 246 80
79 249 38
79 253 59
80 261 3
80 143 36
80 145 54
80 146 8
80 275 0
80 149 7
80 283 64
80 297 77
80 186 96
80 198 81
80 204 13
80 206 7
80 82 41
80 218 12
80 222 5
80 225 53
80 231 47
80 232 37
80 210 22
80 243 45
81 160 89
81 237 71
81 259 8
81 166 70
81 262 14
81 140 100
81 143 10
81 83 84
81 180 68
81 182 66
81 217 73
81 91 97
81 221 77
81 255 75
82 257 80
82 129 72
82 128 96
82 141 35
82 270 6
82 185 49
82 195 91
82 196 100
82 83 90
82 221 96
82 208 86
82 226 22
82 231 7
82 105 46
82 110 83
82 120 21
82 251 79
82 252 38
82 254 70
83 133 76
83 262 33
83 135 52
83 139 89
83 149 62
83 219 89
83 241 32
83 168 4
83 191 84
83 192 45
83 198 63
83 271 83
83 97 23
83 98 68
83 113 94
83 252 81
83 253 52
83 254 35
84 128 65
84 263 58
84 152 53
84 286 39
84 169 32
84 180 96
84 187 40
84 188 23
84 190 93
84 197 22
84 199 24
84 156 89
84 215 61
84 233 69
84 235 63
84 241 64
84 117 39
84 125 43
84 127 49
85 99 55
85 177 21
85 264 44
85 286 80
85 107 57
85 226 98
85 111 90
85 146 45
85 147 5
85 181 93
85 246 9
85 265 36
85 250 7
85 155 13
85 221 39
85 94 36
86 263 85
86 151 20
86 272 92
86 277 34
86 279 67
86 281 63
86 285 26
86 190 44
86 207 80
86 88 91
86 96 41
86 103 25
86 105 25
86 237 99
86 242 88
86 123 66
86 124 66
87 129 99
87 258 45
87 131 75
87 277 50
87 262 31
87 139 80
87 274 42
87 148 1
87 149 22
87 150 5
87 89 31
87 284 90
87 166 3
87 169 73
87 178 44
87 183 14
87 185 78
87 188 76
87 269 82
87 216 19
87 292 74
87 220 48
87 99 17
87 239 42
87 116 44
87 247 22
87 255 28
88 195 77
88 135 11
88 234 82
88 108 53
88 271 39
88 211 60
88 148 48
88 279 29
88 152 33
88 122 47
88 222 95
89 264 32
89 108 58
89 268 16
89 284 76
89 157 62
89 159 89
89 161 94
89 163 86
89 165 61
89 295 4
89 177 65
89 179 28
89 198 56
89 119 65
89 206 48
89 209 79
89 92 11
89 222 59
89 236 23
89 114 29
89 247 10
89 248 35
90 128 88
90 132 76
90 133 52
90 264 24
90 266 24
90 139 9
90 143 17
90 145 34
90 281 31
90 165 67
90 167 52
90 297 92
90 199 16
90 177 87
90 190 27
90 216 50
90 219 100
90 95 47
90 225 95
90 109 15
90 245 68
90 250 43
90 251 99
90 126 90
91 128 95
91 131 78
91 138 52
91 141 97
91 143 40
91 272 25
91 274 69
91 280 49
91 289 96
91 290 73
91 178 4
91 194 81
91 218 51
91 226 94
91 108 30
91 238 91
91 113 75
91 118 70
92 132 78
92 270 59
92 273 56
92 146 74
92 281 38
92 286 84
92 161 16
92 170 70
92 175 91
92 185 87
92 193 60
92 142 25
92 214 70
92 225 54
92 226 83
92 106 62
92 107 16
92 114 44
92 251 16
92 125 25
93 128 57
93 270 58
93 271 99
93 144 17
93 146 93
93 147 69
93 162 51
93 297 49
93 175 87
93 180 30
93 184 22
93 195 68
93 217 1
93 143 48
93 226 100
93 189 16
93 241 91
93 246 80
93 120 52
93 255 88
93 149 0
94 133 63
94 262 43
94 263 96
94 264 63
94 138 90
94 141 21
94 143 100
94 159 99
94 288 58
94 166 30
94 186 23
94 191 12
94 95 14
94 226 91
94 240 35
94 241 50
94 243 30
94 255 45
95 129 100
95 172 49
95 258 44
95 144 9
95 278 45
95 218 41
95 291 80
95 113 95
95 213 22
95 224 25
95 187 5
95 103 82
95 236 43
95 241 10
95 118 37
95 119 93
95 125 6
96 265 11
96 266 79
96 140 29
96 146 43
96 150 73
96 280 66
96 285 64
96 178 97
96 191 60
96 209 58
96 219 79
96 229 4
96 103 51
96 240 100
97 162 55
97 99 5
97 261 22
97 231 48
97 264 66
97 273 74
97 207 88
97 176 54
97 242 88
97 122 27
97 223 16
98 256 28
98 265 18
98 143 93
98 283 15
98 289 19
98 168 23
98 172 93
98 157 74
98 177 69
98 179 39
98 203 75
98 208 66
98 210 75
98 211 44
98 236 95
98 110 91
98 245 55
98 254 59
99 128 73
99 150 52
99 134 66
99 140 16
99 141 84
99 278 60
99 281 45
99 293 17
99 171 11
99 196 100
99 203 51
99 219 48
99 223 87
99 238 19
99 241 41
100 165 72
100 131 47
100 133 56
100 223 29
100 296 12
100 233 49
100 258 16
100 238 36
100 255 6
100 168 42
100 114 11
100 117 66
100 215 25
100 155 92
100 124 79
101 132 36
101 266 40
101 139 82
101 268 15
101 151 5
101 158 33
101 165 21
101 172 64
101 177 0
101 183 55
101 192 20
101 204 67
101 207 47
101 214 30
101 224 34
101 225 94
101 234 65
101 108 76
101 238 100
101 240 54
101 252 71
101 255 13
102 130 69
102 150 52
102 280 27
102 156 37
102 294 92
102 295 85
102 172 15
102 178 82
102 192 14
102 139 69
102 196 41
102 212 2
102 226 55
102 104 69
102 234 71
102 107 70
102 117 87
102 249 84
102 254 9
103 192 7
103 129 81
103 194 10
103 259 96
103 260 17
103 199 37
103 231 82
103 140 75
103 162 24
103 110 83
103 144 67
103 245 60
103 278 39
103 216 9
103 196 65
103 251 89
103 188 8
104 135 65
104 267 35
104 272 0
104 279 64
104 160 33
104 191 33
104 198 26
104 219 42
104 144 68
104 105 28
104 107 54
104 237 3
104 242 96
104 248 12
104 125 22
104 254 95
105 278 2
105 157 56
105 168 87
105 174 82
105 187 45
105 192 98
105 201 41
105 217 9
105 223 9
105 233 51
105 234 87
105 117 85
105 120 93
105 122 61
106 257 79
106 259 93
106 262 55
106 136 26
106 268 66
106 272 90
106 149 90
106 155 43
106 284 41
106 286 97
106 296 9
106 183 70
106 184 81
106 244 75
106 205 12
106 214 63
106 144 93
106 229 8
106 232 25
106 116 59
106 117 45
106 249 72
106 252 48
107 268 31
107 142 6
107 147 54
107 150 78
107 281 99
107 283 64
107 292 0
107 299 25
107 189 92
107 215 86
107 216 28
107 218 1
107 220 16
107 238 60
107 111 36
107 243 24
107 117 21
107 123 17
107 252 96
108 266 31
108 216 72
108 146 55
108 148 56
108 154 98
108 155 29
108 156 65
108 160 68
108 162 91
108 165 7
108 171 25
108 178 100
108 185 13
108 211 93
108 215 18
108 218 23
108 225 50
108 232 42
108 236 2
108 246 27
108 253 29
109 135 59
109 266 40
109 267 77
109 271 84
109 272 72
109 151 2
109 288 24
109 167 85
109 187 47
109 197 8
109 199 76
109 204 79
109 220 65
109 225 52
109 229 90
109 234 13
109 110 91
109 114 37
109 250 36
109 125 60
110 271 5
110 286 87
110 170 100
110 192 4
110 195 78
110 203 54
110 226 62
110 209 31
110 217 51
110 219 56
110 242 4
110 115 18
110 117 11
110 127 39
111 128 34
111 137 66
111 140 32
111 154 100
111 160 28
111 161 62
111 165 93
111 167 64
111 296 13
111 171 73
111 178 12
111 184 63
111 200 23
111 208 6
111 219 2
111 117 50
111 124 19
112 142 20
112 205 67
112 278 3
112 154 37
112 291 91
112 210 98
112 113 95
112 246 80
112 119 100
112 255 93
113 128 40
113 130 20
113 227 3
113 171 23
113 177 70
113 279 83
113 184 98
113 255 62
113 211 90
114 264 70
114 152 24
114 150 85
114 158 43
114 162 87
114 163 5
114 298 14
114 172 74
114 177 74
114 182 90
114 189 80
114 192 59
114 118 47
114 246 97
115 263 29
115 267 83
115 276 48
115 278 78
115 165 61
115 166 8
115 167 11
115 177 89
115 185 12
115 163 84
115 213 90
115 216 24
115 231 29
115 235 45
115 118 1
115 247 70
115 126 61
116 264 72
116 266 2
116 140 67
116 272 44
116 154 91
116 283 55
116 287 46
116 165 81
116 167 17
116 175 28
116 183 95
116 200 42
116 204 10
116 206 25
116 209 2
116 216 51
116 246 22
116 119 86
116 120 54
116 121 90
116 127 21
117 257 91
117 235 24
117 140 29
117 146 84
117 278 69
117 171 96
117 172 68
117 181 35
117 183 48
117 185 43
117 193 88
117 199 54
117 223 74
117 243 8
117 244 60
117 119 1
117 248 5
117 252 50
117 125 6
117 255 28
118 258 85
118 263 100
118 269 59
118 271 23
118 153 55
118 176 33
118 295 43
118 298 56
118 171 29
118 228 17
118 122 83
119 257 50
119 131 39
119 260 51
119 261 37
119 264 1
119 141 34
119 155 100
119 164 16
119 193 75
119 208 38
119 216 64
119 223 0
119 225 15
119 242 27
119 246 99
119 121 48
120 257 21
120 258 71
120 219 83
120 164 18
120 198 79
120 167 91
120 241 54
120 278 10
120 282 69
120 293 7
121 139 62
121 143 23
121 278 21
121 281 51
121 155 25
121 286 16
121 163 56
121 179 31
121 186 88
121 190 38
121 201 92
121 291 92
121 212 63
121 216 82
121 187 12
121 228 79
121 236 3
121 240 71
121 244 74
122 235 26
122 161 50
122 207 62
122 267 94
122 206 76
122 143 64
122 241 75
122 211 56
122 155 7
122 124 30
122 154 4
123 129 7
123 235 77
123 272 49
123 174 18
123 155 34
123 163 69
123 165 38
123 177 74
123 185 4
123 190 34
123 160 27
123 203 46
123 215 29
123 216 22
123 220 72
123 244 23
123 253 0
124 136 29
124 267 56
124 140 28
124 149 73
124 154 42
124 284 16
124 285 96
124 291 56
124 170 42
124 177 72
124 208 95
124 211 61
124 212 97
124 216 85
124 254 64
125 129 22
125 133 24
125 275 60
125 277 72
125 151 21
125 154 73
125 286 74
125 164 78
125 172 64
125 201 29
125 204 53
125 213 37
125 216 41
125 255 58
126 258 66
126 179 60
126 269 32
126 143 79
126 276 40
126 285 39
126 294 16
126 296 30
126 182 54
126 196 31
126 198 82
126 201 33
126 218 90
126 224 50
126 228 93
126 238 19
126 243 100
126 246 69
127 193 16
127 272 45
127 260 15
127 229 31
127 295 13
127 202 52
127 183 46
127 172 78
127 243 80
128 263 46
128 275 62
128 148 26
128 157 19
128 288 72
128 290 80
128 295 23
128 173 95
128 179 99
128 191 17
128 193 64
128 198 44
128 213 7
128 188 18
128 234 89
128 238 69
128 241 66
128 147 58
128 246 39
128 250 29
128 254 66
128 255 8
129 279 12
129 267 58
129 292 93
129 201 18
129 234 39
129 199 4
129 275 53
129 213 99
129 246 19
129 185 27
129 156 66
130 257 5
130 258 64
130 168 15
130 234 61
130 165 30
130 205 89
130 142 38
130 272 7
130 213 6
130 217 96
130 156 12
130 293 71
131 145 73
131 274 19
131 282 99
131 168 53
131 174 48
131 176 44
131 179 1
131 186 83
131 199 0
131 201 36
131 210 13
131 222 66
131 248 38
132 141 35
132 142 34
132 277 62
132 287 20
132 169 16
132 177 76
132 184 18
132 193 55
132 195 43
132 204 45
132 211 31
132 220 83
132 224 71
132 189 19
132 246 97
132 254 63
133 263 86
133 153 36
133 287 59
133 197 45
133 203 41
133 217 34
133 220 70
133 234 71
133 244 58
133 245 18
133 248 34
134 258 44
134 135 10
134 146 82
134 276 19
134 150 2
134 152 80
134 287 0
134 290 2
134 163 8
134 296 9
134 184 10
134 195 70
134 249 67
135 141 70
135 144 68
135 273 1
135 288 17
135 161 22
135 184 71
135 190 66
135 193 78
135 290 57
135 209 79
135 214 17
135 221 31
135 229 23
135 230 19
135 239 21
136 261 24
136 266 85
136 274 70
136 144 30
136 278 8
136 158 94
136 163 36
136 171 77
136 177 76
136 178 79
136 182 25
136 193 78
136 197 37
136 200 78
136 215 84
136 272 58
136 248 20
137 263 44
137 140 88
137 146 45
137 282 19
137 239 64
137 284 94
137 159 88
137 292 81
137 296 18
137 171 65
137 257 43
137 175 61
137 189 66
137 192 72
137 197 73
137 203 6
137 207 46
137 213 54
137 232 78
137 243 4
137 254 18
138 260 30
138 229 71
138 166 22
138 295 83
138 234 83
138 175 75
138 144 96
138 245 50
138 152 11
138 217 25
138 221 88
139 258 6
139 146 68
139 278 7
139 151 24
139 286 64
139 289 69
139 173 9
139 265 53
139 206 37
139 270 70
139 224 97
139 227 25
139 233 84
140 260 37
140 268 16
140 274 47
140 148 32
140 152 10
140 284 100
140 159 76
140 177 66
140 195 61
140 204 36
140 208 21
140 219 25
140 234 1
140 241 84
140 250 87
140 255 55
141 268 49
141 147 15
141 149 98
141 279 52
141 167 65
141 185 13
141 206 8
141 253 2
142 256 67
142 261 0
142 263 73
142 146 79
142 275 22
142 151 13
142 298 61
142 299 38
142 173 95
142 180 21
142 183 50
142 195 49
142 206 58
142 208 66
142 213 29
142 223 56
142 224 74
142 230 87
142 243 69
142 248 61
142 249 19
143 273 55
143 147 65
143 282 28
143 287 82
143 288 81
143 294 21
143 156 78
143 238 84
143 245 11
143 251 42
143 252 59
143 255 30
144 263 70
144 277 87
144 280 80
144 282 35
144 285 94
144 287 13
144 291 0
144 292 95
144 165 72
144 174 18
144 227 5
144 236 38
144 191 70
145 257 54
145 270 4
145 274 53
145 284 52
145 297 16
145 181 52
145 187 88
145 200 93
145 220 31
145 235 69
145 249 15
146 271 88
146 277 98
146 154 47
146 287 21
146 171 79
146 176 42
146 181 39
146 182 86
146 192 31
146 267 39
146 205 8
146 209 87
146 225 77
146 229 84
146 273 42
146 235 98
146 251 3
147 235 99
147 273 61
147 287 28
147 290 81
147 165 32
147 180 36
147 182 98
147 265 69
147 225 74
147 226 72
147 240 17
147 251 41
148 263 19
148 273 82
148 278 79
148 283 36
148 291 72
148 176 15
148 177 18
148 203 47
148 163 77
148 227 83
148 232 76
149 256 89
149 272 26
149 155 3
149 156 9
149 169 68
149 253 75
149 198 12
149 201 56
149 220 37
149 222 92
149 234 13
149 239 86
149 211 78
150 257 99
150 262 63
150 158 7
150 166 86
150 295 97
150 169 99
150 210 50
150 221 99
150 225 29
150 226 76
150 238 60
150 251 58
151 268 14
151 281 68
151 159 5
151 298 95
151 171 79
151 179 5
151 187 35
151 190 81
151 195 9
151 196 17
151 197 56
151 202 16
151 208 48
151 222 73
151 240 90
152 259 51
152 261 15
152 267 42
152 159 92
152 162 27
152 163 7
152 166 49
152 167 83
152 205 53
152 291 35
152 219 64
152 225 44
152 232 14
152 240 55
152 241 87
152 250 67
153 258 19
153 263 8
153 265 96
153 274 25
153 276 41
153 284 10
153 288 38
153 289 40
153 167 17
153 171 91
153 197 57
153 217 20
153 219 0
153 223 65
153 242 97
154 275 52
154 279 21
154 284 49
154 158 16
154 297 71
154 175 5
154 198 30
154 201 2
154 217 15
154 238 35
154 243 77
154 245 95
155 257 81
155 259 97
155 262 80
155 279 78
155 286 83
155 288 15
155 292 61
155 295 6
155 169 97
155 175 49
155 184 2
155 185 35
155 191 46
155 194 38
155 216 10
155 218 22
155 188 84
155 232 18
155 233 83
155 239 55
155 243 92
156 258 20
156 293 35
156 295 15
156 297 1
156 178 76
156 192 46
156 196 22
156 203 31
156 220 36
156 165 68
156 224 37
156 230 100
156 232 61
156 247 22
156 251 27
157 257 100
157 165 89
157 167 16
157 178 91
157 182 69
157 194 92
157 199 60
157 211 55
157 243 95
157 253 54
157 255 68
158 262 39
158 162 52
158 238 65
158 200 99
158 180 97
158 217 90
158 185 32
158 218 64
159 261 92
159 263 11
159 270 82
159 287 70
159 293 70
159 294 26
159 298 5
159 193 6
159 204 41
159 165 67
159 224 12
159 225 79
159 226 94
159 228 65
159 244 100
160 280 42
160 289 80
160 290 7
160 296 49
160 182 29
160 184 9
160 188 63
160 199 32
160 201 8
160 204 11
160 219 18
160 228 72
160 209 55
160 253 76
161 193 94
161 163 45
161 260 66
161 242 70
161 277 2
161 207 15
161 231 73
162 275 30
162 175 9
162 286 2
162 291 67
162 191 99
162 208 71
162 212 98
162 236 42
162 251 22
162 254 34
163 264 99
163 166 78
163 181 91
163 184 82
163 189 25
163 214 57
163 272 45
164 260 47
164 261 28
164 285 40
164 292 59
164 167 85
164 296 74
164 169 31
164 187 79
164 197 31
164 198 97
164 201 93
164 203 92
164 208 66
164 220 72
164 222 74
164 228 85
164 231 58
164 245 21
165 262 60
165 280 33
165 283 95
165 284 95
165 170 53
165 187 43
165 221 36
165 224 8
165 227 99
165 232 63
165 254 40
166 262 12
166 274 63
166 282 14
166 287 43
166 293 43
166 298 6
166 173 98
166 190 57
166 202 2
166 203 79
166 204 70
166 212 23
166 216 30
166 223 38
166 226 57
166 209 91
167 257 20
167 260 43
167 266 73
167 280 2
167 180 83
167 189 58
167 191 90
167 201 26
167 206 50
167 248 83
167 226 78
168 258 86
168 262 92
168 269 91
168 283 62
168 293 37
168 298 52
168 210 20
168 216 100
168 220 76
168 222 60
168 224 47
168 227 56
168 228 61
168 294 91
169 229 33
169 230 78
169 263 46
169 235 81
169 222 63
169 286 17
169 254 39
170 266 62
170 272 45
170 279 54
170 283 100
170 288 64
170 290 51
170 298 86
170 174 70
170 177 52
170 197 96
170 199 44
170 202 37
170 216 8
170 218 62
170 219 77
170 225 9
170 236 22
171 265 70
171 278 72
171 287 15
171 292 39
171 294 24
171 177 16
171 198 92
171 217 63
171 222 99
172 227 81
172 260 37
172 198 22
172 268 27
172 239 63
172 247 99
172 188 71
172 223 85
173 267 70
173 278 97
173 298 61
173 189 88
173 200 15
173 201 11
173 202 35
173 207 55
173 209 66
173 218 33
173 222 88
173 231 31
173 232 91
173 237 50
173 244 19
174 176 37
174 260 81
174 231 24
174 232 55
174 242 88
174 285 54
174 178 78
174 246 47
175 269 17
175 277 88
175 279 60
175 280 20
175 178 81
175 179 67
175 185 37
175 191 55
175 210 37
175 216 5
175 235 89
176 263 41
176 269 26
176 280 93
176 292 81
176 293 12
176 294 47
176 185 21
176 195 89
176 202 28
176 220 0
176 223 67
176 226 26
176 228 26
176 229 68
176 230 19
176 245 68
176 247 7
176 249 99
177 274 88
177 279 47
177 286 18
177 287 6
177 180 25
177 182 65
177 184 17
177 195 88
177 197 21
177 198 41
177 221 8
177 222 34
177 230 96
177 247 40
177 248 25
177 249 88
178 259 33
178 297 17
178 264 21
178 184 73
178 203 77
178 227 77
178 241 60
178 247 51
178 250 26
178 253 78
179 262 90
179 263 76
179 264 61
179 286 90
179 288 69
179 191 95
179 214 64
179 224 82
179 225 49
179 229 77
179 238 39
179 247 26
179 248 28
180 296 3
180 181 95
180 200 42
180 206 53
180 222 90
180 245 58
181 213 10
181 197 9
181 194 52
181 204 65
181 237 45
181 195 83
181 246 73
181 218 12
182 224 15
182 227 1
182 215 66
182 249 82
182 188 68
183 258 24
183 264 77
183 265 40
183 288 62
183 289 16
183 291 53
183 296 22
183 190 12
183 204 32
183 218 89
183 239 34
184 287 81
184 198 49
184 216 82
184 226 34
184 242 95
184 250 41
185 256 35
185 236 42
185 282 96
185 293 79
185 294 69
185 245 15
185 205 32
185 227 47
185 240 88
185 254 77
186 259 46
186 270 6
186 280 32
186 286 100
186 297 17
186 222 22
186 196 74
186 201 24
186 206 74
186 241 8
186 242 5
186 252 74
187 262 63
187 283 71
187 292 98
187 195 25
187 222 9
187 232 74
187 241 45
187 251 66
187 254 80
188 263 18
188 212 28
188 210 57
188 217 66
188 228 68
188 230 69
188 237 76
188 245 39
188 249 14
188 277 32
189 265 19
189 269 3
189 270 67
189 292 49
189 190 99
189 194 45
189 202 85
189 209 30
189 220 12
189 232 30
189 246 6
189 250 13
189 254 54
190 262 63
190 267 62
190 269 90
190 196 5
190 204 51
190 206 54
190 208 90
190 226 42
190 251 8
190 233 9
190 234 80
190 250 25
191 270 5
191 285 47
191 290 61
191 297 90
191 298 60
191 264 86
191 199 27
191 202 88
191 208 10
191 226 4
191 243 14
191 246 67
192 266 7
192 275 64
192 281 85
192 283 49
192 274 76
192 292 62
192 294 54
192 214 63
192 216 94
192 218 71
192 220 24
193 259 33
193 277 18
193 295 22
193 263 84
193 203 86
193 206 58
193 236 92
194 258 39
194 268 19
194 274 6
194 286 81
194 287 74
194 289 69
194 290 84
194 296 23
194 265 92
194 203 34
194 204 53
194 215 20
194 218 23
194 234 31
194 243 20
194 297 66
194 252 53
195 271 31
195 275 93
195 238 83
195 260 42
195 283 52
195 288 47
195 293 90
195 295 87
195 299 69
195 204 17
195 205 32
195 208 14
195 217 43
195 216 26
195 223 60
195 224 19
195 247 49
195 253 62
196 267 51
196 268 37
196 287 20
196 294 84
196 298 6
196 214 9
196 224 95
196 229 10
196 230 68
196 254 54
197 274 99
197 281 73
197 297 88
197 205 67
197 208 74
197 228 5
197 232 5
197 249 5
198 258 82
198 262 48
198 278 4
198 280 28
198 290 52
198 209 38
198 230 83
198 236 91
198 237 80
198 245 68
199 279 37
199 204 68
199 217 85
199 222 92
199 227 2
199 244 10
200 280 49
200 288 62
200 207 10
200 231 37
200 240 94
200 245 92
201 264 41
201 290 49
201 232 86
201 233 26
201 240 2
202 262 10
202 272 77
202 203 89
202 206 25
202 208 29
202 213 17
202 215 91
202 219 89
202 247 14
203 259 78
203 204 55
203 216 79
203 292 7
203 223 55
203 228 55
203 229 25
203 251 50
203 250 56
203 253 71
203 255 99
204 261 1
204 262 7
204 266 49
204 275 54
204 277 86
204 281 10
204 290 63
204 285 33
204 210 38
204 216 86
204 253 69
204 252 15
204 255 37
205 256 57
205 271 85
205 278 82
205 292 6
205 207 3
205 218 92
205 225 45
206 275 38
206 217 73
206 296 93
206 299 1
206 211 87
206 215 91
206 218 81
206 234 63
206 239 75
206 240 73
207 260 57
207 262 22
207 268 86
207 269 29
207 270 6
207 282 68
207 265 79
207 223 15
207 233 26
207 234 26
207 254 28
207 253 3
208 256 14
208 213 95
208 214 85
208 220 95
208 244 34
209 268 30
209 290 28
209 291 74
209 214 31
209 233 82
209 255 2
210 277 23
210 290 32
210 222 38
210 228 51
210 241 76
210 248 71
210 255 75
211 264 40
211 268 75
211 275 43
211 278 33
211 287 4
211 225 41
211 231 13
211 252 55
211 237 56
211 242 43
211 254 84
212 279 58
212 282 54
212 287 38
212 295 6
212 215 79
212 221 37
212 252 83
212 235 18
212 239 64
212 244 38
212 248 65
213 275 6
213 279 18
213 296 32
213 299 91
213 223 54
213 214 67
213 216 21
213 225 64
213 230 19
213 244 84
214 261 50
214 271 59
214 273 87
214 278 47
214 280 6
214 285 29
214 297 85
214 288 24
214 237 17
215 267 99
215 292 70
215 228 31
215 218 55
215 219 68
215 239 38
215 250 42
215 255 32
216 259 75
216 289 43
216 283 29
216 292 62
216 295 36
216 225 83
216 226 41
216 252 77
216 234 79
217 295 98
217 241 3
217 245 60
217 247 81
217 254 12
217 255 72
218 272 42
218 276 19
218 283 99
218 296 86
218 221 80
218 240 6
218 243 93
219 281 42
219 266 13
219 236 62
219 238 1
219 232 33
219 243 9
219 247 12
219 253 8
220 263 34
220 290 21
220 231 40
220 245 84
220 246 4
221 269 57
221 285 86
221 232 22
221 235 95
221 240 4
221 242 91
221 243 69
222 266 11
222 285 81
223 257 37
223 258 64
223 260 94
223 272 73
223 284 97
223 291 13
223 293 14
223 295 42
223 225 33
223 253 37
224 268 23
224 278 91
224 260 58
224 284 64
224 287 57
224 236 27
224 239 38
224 244 64
224 297 89
224 250 0
224 252 53
225 256 93
225 269 38
225 271 38
225 273 8
225 286 13
225 297 50
225 298 95
225 228 75
225 234 49
225 241 76
226 269 68
226 286 93
226 288 83
226 291 72
226 268 84
226 234 18
227 258 35
227 272 39
227 283 79
227 287 57
227 244 6
227 251 44
228 278 59
228 298 92
228 291 78
228 294 66
228 238 92
228 253 78
228 240 71
229 283 40
229 289 16
229 295 33
229 296 13
229 230 33
229 233 94
229 246 85
230 281 94
230 284 4
230 236 97
230 251 99
230 254 61
231 240 18
231 253 91
232 296 11
233 256 19
233 264 44
233 273 5
233 278 66
233 293 15
233 234 77
233 249 2
233 250 85
234 267 70
234 271 3
234 287 6
234 236 74
234 247 54
234 249 5
235 264 100
235 299 6
235 254 24
235 255 90
236 258 76
236 273 79
236 252 23
237 288 55
237 259 84
237 275 27
237 245 66
237 273 54
237 286 11
238 266 9
238 272 38
238 273 6
238 289 65
238 297 66
238 243 71
238 245 68
239 257 70
239 279 43
239 283 61
239 288 78
239 291 48
239 294 54
239 296 60
239 249 10
239 255 75
240 273 30
240 275 86
240 241 31
240 246 25
241 277 17
241 243 86
242 298 61
242 299 65
242 253 27
242 248 84
243 258 32
243 266 88
243 278 5
243 288 98
243 283 93
243 297 81
243 265 7
243 248 75
244 258 8
244 279 89
244 286 15
245 267 21
245 290 38
246 274 67
246 277 60
247 279 100
247 273 95
247 284 45
247 295 90
247 298 80
247 249 70
247 250 83
248 288 91
248 289 19
249 291 3
249 292 88
249 255 60
250 275 90
250 279 8
250 286 70
250 251 68
251 295 74
251 252 17
251 255 97
252 261 77
252 275 57
252 281 70
252 294 50
252 296 73
253 267 38
254 277 51
255 260 38
255 264 37
255 287 93
255 289 32
255 291 35
256 292 36
256 264 15
256 290 44
256 275 21
256 282 67
257 261 77
257 272 19
257 281 17
257 284 91
257 296 88
258 263 51
259 290 92
259 295 50
259 276 29
260 268 43
260 269 5
260 272 99
260 285 67
260 295 39
261 268 26
261 283 45
261 286 28
261 292 87
261 294 49
261 295 97
262 271 66
262 272 12
262 298 3
262 294 96
263 282 65
263 284 92
263 286 10
263 291 80
263 293 30
263 297 74
264 269 34
264 278 22
264 280 88
265 289 31
265 295 90
266 270 81
266 275 56
266 293 54
267 268 100
267 271 0
267 274 1
267 279 70
267 282 97
267 296 21
267 297 49
268 273 44
268 296 28
268 299 67
268 288 91
269 287 36
270 290 72
270 272 46
270 278 22
270 281 24
271 274 57
271 276 62
271 283 90
271 293 40
272 281 32
272 299 74
273 294 25
274 289 43
274 290 28
274 281 16
275 276 40
276 297 49
276 282 47
277 285 62
277 287 16
278 284 39
278 285 96
278 288 84
278 291 31
279 288 91
279 283 72
280 283 52
280 289 78
281 294 83
281 297 30
282 298 31
282 288 79
283 295 2
284 289 5
284 290 25
284 294 96
285 286 62
285 289 21
286 288 37
287 289 60
289 290 49
289 299 27
290 291 19
294 295 94
295 296 75
296 297 63
296 299 54
