300 4000
0 131 7
0 4 68
0 261 2
0 267 20
0 142 78
0 274 16
0 277 85
0 86 12
0 159 74
0 297 91
0 44 62
0 189 83
0 69 10
0 199 24
0 156 79
0 214 78
0 87 50
0 220 12
0 99 2
0 104 47
0 233 46
0 110 78
0 239 91
0 113 99
0 105 70
0 122 11
0 252 62
0 255 60
1 256 7
1 137 98
1 10 6
1 272 86
1 158 63
1 31 87
1 293 98
1 298 14
1 46 43
1 47 67
1 222 28
1 56 52
1 57 96
1 187 86
1 194 97
1 67 29
1 210 86
1 90 24
1 94 79
1 16 82
1 226 94
1 229 68
1 241 43
1 242 60
1 122 94
1 124 8
1 127 88
2 134 4
2 264 14
2 140 37
2 144 42
2 280 43
2 149 3
2 24 47
2 25 15
2 26 100
2 159 56
2 38 3
2 173 35
2 186 41
2 59 93
2 193 6
2 201 54
2 78 51
2 208 55
2 82 8
2 84 56
2 91 74
2 97 69
2 187 79
2 233 50
2 246 26
2 253 83
2 277 51
3 96 14
3 193 18
3 35 16
3 133 71
3 38 76
3 39 36
3 296 25
3 124 50
3 235 84
3 178 72
3 78 85
3 285 80
3 104 78
3 146 99
3 213 15
3 280 41
3 154 37
3 79 88
3 284 20
3 93 15
4 257 66
4 130 1
4 273 85
4 18 66
4 22 38
4 154 82
4 282 67
4 158 77
4 159 90
4 289 66
4 35 88
4 37 56
4 180 0
4 55 100
4 186 98
4 75 98
4 205 25
4 206 14
4 212 19
4 86 12
4 217 100
4 219 85
4 93 52
4 223 18
4 102 19
4 234 62
4 235 82
4 120 100
4 121 11
4 125 71
4 126 41
5 258 44
5 6 28
5 130 100
5 271 63
5 146 70
5 281 29
5 43 31
5 50 14
5 53 93
5 182 43
5 57 2
5 190 21
5 191 80
5 195 24
5 71 100
5 202 26
5 204 20
5 208 21
5 84 100
5 214 77
5 89 91
5 222 54
5 97 51
5 236 96
5 238 8
5 119 55
5 253 90
6 224 92
6 162 26
6 59 41
6 295 42
6 170 42
6 101 14
6 13 78
6 206 16
6 207 26
6 272 78
6 248 82
6 19 23
6 182 59
6 280 100
6 217 45
6 27 65
6 86 46
6 157 25
6 159 5
7 128 29
7 257 3
7 138 21
7 12 6
7 16 9
7 20 69
7 150 89
7 28 3
7 285 63
7 49 78
7 170 16
7 48 44
7 177 24
7 51 47
7 57 50
7 190 57
7 192 88
7 196 7
7 201 13
7 74 75
7 210 39
7 216 6
7 98 25
7 112 90
7 241 7
7 114 37
7 115 1
7 116 12
7 117 18
7 124 59
8 64 0
8 33 90
8 130 71
8 292 98
8 293 35
8 144 88
8 71 95
8 140 2
8 138 89
8 12 9
8 240 49
8 174 53
8 221 55
8 272 44
8 19 76
8 117 98
8 278 4
8 154 6
8 283 7
8 218 87
8 126 32
9 256 99
9 263 23
9 136 72
9 144 39
9 216 64
9 22 26
9 151 72
9 26 42
9 284 50
9 29 83
9 286 85
9 161 14
9 292 26
9 295 7
9 173 29
9 48 68
9 51 30
9 182 15
9 56 83
9 74 58
9 190 66
9 69 72
9 202 77
9 98 81
9 184 77
9 211 84
9 87 33
9 88 32
9 89 59
9 94 36
9 226 91
9 229 14
9 167 14
9 237 49
9 244 78
9 62 51
9 251 28
10 256 84
10 130 38
10 132 45
10 134 2
10 264 59
10 267 71
10 37 89
10 295 66
10 44 97
10 55 80
10 95 25
10 197 15
10 71 73
10 204 42
10 80 18
10 82 8
10 85 54
10 101 35
10 96 99
10 226 100
10 228 10
10 229 95
10 233 45
10 107 40
10 240 62
10 249 94
11 265 25
11 138 36
11 12 69
11 143 13
11 16 47
11 17 69
11 147 6
11 150 93
11 157 60
11 288 86
11 162 6
11 291 1
11 164 61
11 294 51
11 167 41
11 178 70
11 54 85
11 183 81
11 95 44
11 196 82
11 71 68
11 210 76
11 83 75
11 212 16
11 85 59
11 222 11
11 223 52
11 224 3
11 101 42
11 239 13
11 243 18
11 244 1
11 246 64
11 121 48
11 126 7
12 145 61
12 147 55
12 23 74
12 24 89
12 281 56
12 289 11
12 290 72
12 292 39
12 296 19
12 41 23
12 185 71
12 192 47
12 67 90
12 68 43
12 73 85
12 139 31
12 214 66
12 216 37
12 220 79
12 107 64
12 241 16
12 118 69
12 251 42
13 257 61
13 134 65
13 269 49
13 271 93
13 17 5
13 276 26
13 280 78
13 27 93
13 31 67
13 33 38
13 39 52
13 172 23
13 173 40
13 184 90
13 185 2
13 58 61
13 59 13
13 65 66
13 66 8
13 71 97
13 201 88
13 75 59
13 204 21
13 141 44
13 213 15
13 20 65
13 217 15
13 218 44
13 222 27
13 96 12
13 225 63
13 234 23
13 249 3
13 125 6
14 131 29
14 138 14
14 268 15
14 20 39
14 24 97
14 156 39
14 33 22
14 164 20
14 296 83
14 43 7
14 175 100
14 177 81
14 184 31
14 78 40
14 213 52
14 221 32
14 225 15
14 98 74
14 101 61
14 40 29
14 121 79
14 125 74
15 267 83
15 268 100
15 142 3
15 16 35
15 149 18
15 287 48
15 289 53
15 37 86
15 47 29
15 185 20
15 187 53
15 60 34
15 83 13
15 213 93
15 219 0
15 220 0
15 226 60
15 227 50
15 109 32
15 114 25
15 116 46
15 252 74
15 277 7
16 272 41
16 273 3
16 148 10
16 281 12
16 284 76
16 285 95
16 289 31
16 290 99
16 91 57
16 172 91
16 54 13
16 185 20
16 186 76
16 60 100
16 190 11
16 193 79
16 68 53
16 76 41
16 77 100
16 78 54
16 143 100
16 94 54
16 232 22
16 105 8
16 241 32
16 243 25
16 247 34
17 257 54
17 263 7
17 144 88
17 21 69
17 151 34
17 282 32
17 159 54
17 35 91
17 292 9
17 41 83
17 172 1
17 48 80
17 178 44
17 287 86
17 64 94
17 67 59
17 78 80
17 212 95
17 231 57
17 106 33
17 108 99
17 297 75
17 254 68
18 256 97
18 65 22
18 36 86
18 69 57
18 102 76
18 33 76
18 265 27
18 139 29
18 142 42
18 255 53
18 243 5
18 149 37
18 86 11
18 219 19
18 284 45
18 286 17
18 223 69
19 132 7
19 139 41
19 142 91
19 277 63
19 27 7
19 33 70
19 163 90
19 292 49
19 294 88
19 40 52
19 41 0
19 52 28
19 181 68
19 59 96
19 188 81
19 61 27
19 73 86
19 206 77
19 215 25
19 36 15
19 90 7
19 219 22
19 221 19
19 244 10
20 32 24
20 96 95
20 195 4
20 54 96
20 230 19
20 295 66
20 173 57
20 77 42
20 113 84
20 211 100
20 246 84
20 152 24
20 154 49
20 59 32
20 92 89
20 93 63
20 159 81
21 128 22
21 258 88
21 265 41
21 266 69
21 144 62
21 145 15
21 153 48
21 281 53
21 155 75
21 285 52
21 36 10
21 157 86
21 49 8
21 52 55
21 55 17
21 68 32
21 204 61
21 82 12
21 93 39
21 94 86
21 272 56
21 226 99
21 234 91
21 111 58
21 243 44
21 247 16
21 252 85
21 253 90
22 131 10
22 136 20
22 138 10
22 269 1
22 146 52
22 277 92
22 279 84
22 281 72
22 159 90
22 160 15
22 167 5
22 43 91
22 265 91
22 184 36
22 31 17
22 190 88
22 203 25
22 75 19
22 236 100
22 126 39
22 255 9
23 148 50
23 280 63
23 153 68
23 290 1
23 167 41
23 169 12
23 170 78
23 299 30
23 192 51
23 65 48
23 67 71
23 200 83
23 204 64
23 205 0
23 206 82
23 208 23
23 234 84
23 108 54
23 112 77
23 244 25
23 246 67
23 41 83
23 127 3
24 264 75
24 267 71
24 143 49
24 272 82
24 150 62
24 152 39
24 294 83
24 172 84
24 52 75
24 56 56
24 64 87
24 139 59
24 70 71
24 199 95
24 73 55
24 210 17
24 83 2
24 86 76
24 221 0
24 38 22
24 234 60
24 239 74
25 256 49
25 128 35
25 135 2
25 142 8
25 151 21
25 291 60
25 292 76
25 165 22
25 294 95
25 177 49
25 41 95
25 172 52
25 49 85
25 62 55
25 68 38
25 75 72
25 81 93
25 35 42
25 89 37
25 221 86
25 225 61
25 102 77
25 111 20
25 243 85
25 118 5
25 247 81
25 253 85
26 257 5
26 262 1
26 269 92
26 142 98
26 146 93
26 275 49
26 151 34
26 154 26
26 156 70
26 37 65
26 298 25
26 171 45
26 265 56
26 195 61
26 70 23
26 200 75
26 211 85
26 86 38
26 215 69
26 293 35
26 103 9
26 107 91
26 113 88
26 246 8
26 251 41
26 254 10
27 258 47
27 227 73
27 196 90
27 165 80
27 106 3
27 110 28
27 237 67
27 254 13
27 37 0
27 117 6
27 54 15
27 56 48
27 154 88
27 79 55
27 28 45
27 221 73
27 134 80
27 31 87
28 258 17
28 259 50
28 262 89
28 269 10
28 141 19
28 146 99
28 276 34
28 151 16
28 282 0
28 33 10
28 155 43
28 38 14
28 42 96
28 44 76
28 174 68
28 175 3
28 178 89
28 53 38
28 59 56
28 202 96
28 79 77
28 209 54
28 88 96
28 219 6
28 248 87
28 249 58
29 81 95
29 269 86
29 149 4
29 278 44
29 153 46
29 154 53
29 164 90
29 38 53
29 167 75
29 45 12
29 55 74
29 197 39
29 202 40
29 203 5
29 80 64
29 209 24
29 211 70
29 84 43
29 87 39
29 91 55
29 228 36
29 103 40
29 107 34
29 242 90
29 115 89
29 121 56
30 128 47
30 295 77
30 258 95
30 193 6
30 199 95
30 41 30
30 234 62
30 139 48
30 205 80
30 240 66
30 287 60
30 243 23
30 52 63
30 119 34
30 152 13
30 250 24
30 191 37
30 220 59
30 190 76
30 127 50
31 32 32
31 261 72
31 38 66
31 97 59
31 160 37
31 154 67
31 144 89
31 82 38
31 90 52
31 213 37
31 248 30
31 217 36
31 250 97
31 86 55
31 285 99
31 254 98
31 181 89
32 128 58
32 260 34
32 135 55
32 139 76
32 278 98
32 132 20
32 286 65
32 169 40
32 170 56
32 44 11
32 193 42
32 67 78
32 214 40
32 215 70
32 97 71
32 123 9
32 230 94
32 106 13
32 241 8
32 117 21
32 251 37
32 252 69
33 148 76
33 280 60
33 155 31
33 288 20
33 296 67
33 172 98
33 53 44
33 55 59
33 185 8
33 59 11
33 60 43
33 88 80
33 231 73
33 241 96
33 243 43
33 245 31
34 135 34
34 264 98
34 215 65
34 282 100
34 158 82
34 35 41
34 39 80
34 168 57
34 182 34
34 189 75
34 224 94
34 198 15
34 73 43
34 210 57
34 87 25
34 90 21
34 221 26
34 96 74
34 229 59
34 110 52
34 241 48
34 242 33
35 128 57
35 147 34
35 280 83
35 157 26
35 159 77
35 163 35
35 167 66
35 53 6
35 182 12
35 88 74
35 189 61
35 79 84
35 216 1
35 223 66
35 226 14
35 235 10
35 243 47
35 244 73
35 249 69
35 122 1
36 294 53
36 260 71
36 144 37
36 145 81
36 279 60
36 283 46
36 157 60
36 166 78
36 170 60
36 71 66
36 175 46
36 60 62
36 197 38
36 199 53
36 78 51
36 207 57
36 84 90
36 213 97
36 93 24
36 101 3
36 227 40
36 229 28
36 230 44
36 109 88
36 110 78
36 120 95
37 129 85
37 133 2
37 264 19
37 160 96
37 291 83
37 165 59
37 166 63
37 297 42
37 171 79
37 172 0
37 182 80
37 283 22
37 73 26
37 202 8
37 77 23
37 207 82
37 163 97
37 213 82
37 215 71
37 100 75
37 115 59
38 132 10
38 133 74
38 264 70
38 143 31
38 280 93
38 148 40
38 41 10
38 43 53
38 173 80
38 174 70
38 51 75
38 183 38
38 185 50
38 64 79
38 65 13
38 196 82
38 198 91
38 201 33
38 208 66
38 82 44
38 224 26
38 100 94
38 229 12
38 236 94
39 288 93
39 105 6
39 269 30
39 79 58
39 209 95
39 210 52
39 275 6
39 148 84
39 86 34
39 41 63
39 88 73
39 188 19
39 285 48
40 192 68
40 256 39
40 156 96
40 262 16
40 81 89
40 145 49
40 297 53
40 170 20
40 268 55
40 271 31
40 124 17
40 146 64
40 108 33
40 201 26
40 90 100
40 187 15
40 188 72
40 221 0
40 126 73
41 279 29
41 140 42
41 275 91
41 149 99
41 111 65
41 289 35
41 163 10
41 243 85
41 63 25
41 194 91
41 267 3
41 196 24
41 74 29
41 205 87
41 77 50
41 82 70
41 83 21
41 217 13
41 228 19
41 229 65
41 232 0
41 252 42
41 106 8
41 239 94
41 116 56
41 118 44
41 281 74
41 125 59
41 127 26
42 193 79
42 67 0
42 196 8
42 102 84
42 231 17
42 73 2
42 235 4
42 240 67
42 273 48
42 82 59
42 180 20
42 85 96
42 55 59
42 57 6
42 284 66
42 93 87
42 117 57
43 129 30
43 267 67
43 268 12
43 142 83
43 143 77
43 147 75
43 279 87
43 152 16
43 197 20
43 290 89
43 165 77
43 297 83
43 56 79
43 61 67
43 192 72
43 69 57
43 206 15
43 184 24
43 99 41
43 216 74
43 94 100
43 227 30
43 100 100
43 102 67
43 233 94
43 108 37
43 237 93
43 275 18
43 247 92
43 120 41
43 126 62
44 258 44
44 263 76
44 142 34
44 146 23
44 151 28
44 282 1
44 298 23
44 171 76
44 56 90
44 187 91
44 60 20
44 190 42
44 67 10
44 198 93
44 199 98
44 211 53
44 221 5
44 105 23
44 234 76
44 116 0
44 120 23
44 252 24
44 253 98
45 133 41
45 268 11
45 142 18
45 109 7
45 272 87
45 155 46
45 166 22
45 176 59
45 50 30
45 180 80
45 181 30
45 189 20
45 74 66
45 75 46
45 205 6
45 79 25
45 248 97
45 210 27
45 211 72
45 215 54
45 88 90
45 237 69
45 112 94
45 113 24
45 116 6
45 120 69
45 122 4
46 288 25
46 194 86
46 195 8
46 166 3
46 257 66
46 73 55
46 266 68
46 111 13
46 77 15
46 143 91
46 81 77
46 187 76
46 251 8
46 56 78
46 58 90
46 239 25
46 106 14
46 222 97
46 231 7
47 256 16
47 137 15
47 269 59
47 145 29
47 150 93
47 289 61
47 162 58
47 165 87
47 178 75
47 180 64
47 265 41
47 187 40
47 68 43
47 122 0
47 223 24
47 224 57
47 101 52
47 112 40
47 117 29
47 250 55
48 131 6
48 132 9
48 133 33
48 264 41
48 266 44
48 142 41
48 274 85
48 287 29
48 291 28
48 51 11
48 181 35
48 184 59
48 66 45
48 163 31
48 86 73
48 102 3
48 104 45
48 113 85
48 243 55
49 128 6
49 262 90
49 269 38
49 144 25
49 148 52
49 151 33
49 299 1
49 182 33
49 56 9
49 193 33
49 194 41
49 195 51
49 201 39
49 75 34
49 204 29
49 82 9
49 216 65
49 217 61
49 218 52
49 222 85
49 272 78
49 230 10
49 232 87
49 233 1
49 235 63
49 236 21
49 210 55
49 111 47
49 245 91
49 246 80
49 122 39
49 281 22
50 262 80
50 135 66
50 141 31
50 142 48
50 277 60
50 155 27
50 284 7
50 290 41
50 164 15
50 169 4
50 178 52
50 54 26
50 56 66
50 189 15
50 69 86
50 200 7
50 75 96
50 204 42
50 205 38
50 269 94
50 107 99
50 247 56
51 139 53
51 150 68
51 285 4
51 158 51
51 292 32
51 295 31
51 171 45
51 172 11
51 178 22
51 179 42
51 186 72
51 66 77
51 67 29
51 198 64
51 97 19
51 206 71
51 211 45
51 87 11
51 225 54
51 227 45
51 104 45
51 167 19
51 242 39
51 247 46
51 120 99
51 124 3
52 128 97
52 129 93
52 130 68
52 144 71
52 146 25
52 153 23
52 282 76
52 290 81
52 293 54
52 168 21
52 176 79
52 54 52
52 186 15
52 64 48
52 194 26
52 75 8
52 210 8
52 90 75
52 222 57
52 234 32
52 238 40
52 243 56
52 249 69
53 259 24
53 262 100
53 137 12
53 266 85
53 139 11
53 131 59
53 148 9
53 278 84
53 283 61
53 157 48
53 159 60
53 297 58
53 298 47
53 178 34
53 58 65
53 59 94
53 189 32
53 63 81
53 193 26
53 67 81
53 209 93
53 82 91
53 83 91
53 85 36
53 90 73
53 93 35
53 101 98
53 239 97
53 118 83
53 126 25
54 262 42
54 137 72
54 140 45
54 271 50
54 278 57
54 156 54
54 157 75
54 166 31
54 170 25
54 190 71
54 66 96
54 72 54
54 77 45
54 88 50
54 223 3
54 97 58
54 102 82
54 109 84
54 120 13
54 125 44
55 128 19
55 257 68
55 267 11
55 144 90
55 275 1
55 280 22
55 282 68
55 160 27
55 164 20
55 294 61
55 296 65
55 175 75
55 181 81
55 204 54
55 210 94
55 220 39
55 228 96
55 231 14
55 234 7
55 240 57
55 242 96
55 244 37
55 120 69
55 252 7
56 133 8
56 134 67
56 141 74
56 147 37
56 151 44
56 281 54
56 159 100
56 288 48
56 57 99
56 287 100
56 62 99
56 199 1
56 203 11
56 205 99
56 209 16
56 225 20
56 102 83
56 103 9
56 242 65
56 117 25
56 124 55
56 254 52
57 128 4
57 131 97
57 265 30
57 141 46
57 273 98
57 259 1
57 286 76
57 161 59
57 290 92
57 171 64
57 61 84
57 198 74
57 72 80
57 73 36
57 213 93
57 220 9
57 99 70
57 113 93
57 118 60
57 170 37
58 132 88
58 134 56
58 139 63
58 140 47
58 145 37
58 149 98
58 160 45
58 294 14
58 172 83
58 64 68
58 69 83
58 200 74
58 100 22
58 102 90
58 232 7
58 106 13
58 235 48
58 238 2
58 241 77
58 243 48
58 120 47
58 249 78
59 260 74
59 269 62
59 143 10
59 272 21
59 168 12
59 171 43
59 172 53
59 186 35
59 195 30
59 75 10
59 77 90
59 206 45
59 248 58
59 210 92
59 212 23
59 99 89
59 103 68
59 232 29
59 105 47
59 235 76
59 238 95
59 111 3
59 247 67
59 120 67
60 134 97
60 263 35
60 137 66
60 267 87
60 148 4
60 278 19
60 153 81
60 155 69
60 291 16
60 165 90
60 179 63
60 189 93
60 64 70
60 74 51
60 204 77
60 78 37
60 163 6
60 88 37
60 220 82
60 101 15
60 234 73
60 111 45
60 242 7
60 119 25
60 126 81
60 127 90
61 128 50
61 268 63
61 143 79
61 278 91
61 284 59
61 159 68
61 198 34
61 294 37
61 178 79
61 70 17
61 199 92
61 204 73
61 205 25
61 87 88
61 89 68
61 94 75
61 223 58
61 166 65
61 230 11
61 103 39
61 235 39
61 245 67
61 250 31
62 256 71
62 130 14
62 131 4
62 104 24
62 79 43
62 119 70
62 207 23
62 113 22
62 178 35
62 163 36
62 149 100
62 153 4
62 283 90
62 255 39
63 257 80
63 268 23
63 145 14
63 279 62
63 152 48
63 158 33
63 168 42
63 174 62
63 195 94
63 202 20
63 85 46
63 94 43
63 97 87
63 98 88
63 99 67
63 101 38
63 273 33
63 109 33
63 296 10
63 243 89
63 118 12
63 169 31
64 258 6
64 131 56
64 65 69
64 136 67
64 142 74
64 274 67
64 275 96
64 148 84
64 279 28
64 280 15
64 163 61
64 164 84
64 296 44
64 298 27
64 176 10
64 187 74
64 193 81
64 195 17
64 206 46
64 78 68
64 98 7
64 231 64
64 104 41
64 105 59
64 234 62
64 238 51
64 239 99
64 248 5
65 130 4
65 131 64
65 275 3
65 285 67
65 290 19
65 164 54
65 170 78
65 175 14
65 186 67
65 189 81
65 76 82
65 78 29
65 82 13
65 217 45
65 96 47
65 103 51
65 104 39
65 125 22
65 255 50
66 133 11
66 267 99
66 271 81
66 147 100
66 148 80
66 282 66
66 161 52
66 167 7
66 172 39
66 177 2
66 71 47
66 205 28
66 206 97
66 211 13
66 87 98
66 217 82
66 92 69
66 96 3
66 105 10
66 110 17
66 120 21
66 251 67
66 255 0
67 131 64
67 263 97
67 124 47
67 275 29
67 282 39
67 157 27
67 159 55
67 288 99
67 290 86
67 295 16
67 296 90
67 135 50
67 178 56
67 195 58
67 70 2
67 201 16
67 78 10
67 226 83
67 228 93
67 101 67
67 105 39
67 111 71
67 252 15
68 260 85
68 274 52
68 282 62
68 283 36
68 160 19
68 293 65
68 296 82
68 169 45
68 173 44
68 70 6
68 200 71
68 201 14
68 207 29
68 81 55
68 90 56
68 221 85
68 97 61
68 229 44
68 105 9
68 106 63
68 118 87
68 233 79
68 125 13
68 254 15
69 256 59
69 262 81
69 270 46
69 272 10
69 273 63
69 149 29
69 289 68
69 175 41
69 176 70
69 179 89
69 181 44
69 96 86
69 196 13
69 76 50
69 204 12
69 208 41
69 220 58
69 222 72
69 224 83
69 102 9
69 232 74
69 106 10
69 237 77
69 117 50
70 133 91
70 135 51
70 271 29
70 151 21
70 284 72
70 159 68
70 292 67
70 296 95
70 299 61
70 172 4
70 183 89
70 224 97
70 200 19
70 206 53
70 82 31
70 85 85
70 216 48
70 143 60
70 78 61
70 95 37
70 96 71
70 97 35
70 100 57
70 230 48
70 236 1
70 110 18
70 239 40
70 115 0
70 118 82
71 263 43
71 137 67
71 283 82
71 164 3
71 297 77
71 172 1
71 185 20
71 202 100
71 190 61
71 197 63
71 74 100
71 119 4
71 205 68
71 78 57
71 84 93
71 86 84
71 89 56
71 218 1
71 231 17
71 105 38
71 234 49
71 110 26
71 113 75
71 118 84
71 169 44
71 252 4
72 192 20
72 272 65
72 130 35
72 195 78
72 196 15
72 84 50
72 231 79
72 200 53
72 169 43
72 202 42
72 235 47
72 284 94
72 176 62
72 145 57
72 275 68
72 180 67
72 122 50
72 111 57
72 156 74
73 260 25
73 263 10
73 265 63
73 271 4
73 274 10
73 279 14
73 156 0
73 294 42
73 168 55
73 182 83
73 183 33
73 199 93
73 77 25
73 88 74
73 219 80
73 94 62
73 236 62
73 109 2
73 296 84
73 247 22
73 126 31
74 261 55
74 148 1
74 280 70
74 282 22
74 155 86
74 283 3
74 294 58
74 167 41
74 199 98
74 183 13
74 187 80
74 192 98
74 201 3
74 205 80
74 207 85
74 211 74
74 88 49
74 217 78
74 297 24
74 96 87
74 235 94
74 241 81
74 119 15
75 133 72
75 135 2
75 265 19
75 272 100
75 148 17
75 151 30
75 158 61
75 161 39
75 291 72
75 168 34
75 170 36
75 173 51
75 189 6
75 269 43
75 227 97
75 106 3
75 110 64
75 118 19
75 250 80
75 252 35
76 131 20
76 265 64
76 139 39
76 143 52
76 276 77
76 288 32
76 164 86
76 165 46
76 185 38
76 195 32
76 206 36
76 212 84
76 215 79
76 271 61
76 93 99
76 97 77
76 102 71
76 111 76
76 248 84
76 254 24
76 255 46
77 128 37
77 134 58
77 264 36
77 266 2
77 140 29
77 270 92
77 145 21
77 287 29
77 168 30
77 297 14
77 170 68
77 172 88
77 198 99
77 199 16
77 202 37
77 208 30
77 81 5
77 215 28
77 169 78
77 222 22
77 102 21
77 232 75
77 106 95
77 244 82
77 119 44
77 121 75
77 123 41
77 298 27
78 133 47
78 271 89
78 156 32
78 158 28
78 170 79
78 176 51
78 193 56
78 206 13
78 87 37
78 225 7
78 234 34
78 109 28
78 248 93
78 249 52
78 251 11
78 126 29
79 129 63
79 257 0
79 267 60
79 142 30
79 271 39
79 144 37
79 274 94
79 150 9
79 151 74
79 152 83
79 287 59
79 162 65
79 294 53
79 169 16
79 135 87
79 177 40
79 179 11
79 159 78
79 198 68
79 200 18
79 207 85
79 210 58
79 163 87
79 217 80
79 227 55
79 100 43
79 167 56
79 108 40
79 239 62
79 211 14
79 248 56
80 160 2
80 288 95
80 139 21
80 132 79
80 230 28
80 257 53
80 215 25
80 289 99
80 253 73
80 210 93
80 275 1
80 214 39
80 151 38
80 164 27
80 252 52
81 128 80
81 257 62
81 145 48
81 279 78
81 283 32
81 160 76
81 167 44
81 297 42
81 174 1
81 180 77
81 187 56
81 201 60
81 86 58
81 221 66
81 103 69
81 105 40
81 237 4
81 121 51
81 251 9
82 135 71
82 130 84
82 142 42
82 272 74
82 285 26
82 161 82
82 171 56
82 185 25
82 211 61
82 212 20
82 92 4
82 94 96
82 96 68
82 110 10
82 111 90
82 246 96
83 134 74
83 138 72
83 141 58
83 277 56
83 158 43
83 299 7
83 182 3
83 198 23
83 208 13
83 234 83
83 113 64
83 114 9
83 169 73
83 248 88
83 249 77
83 251 8
83 126 13
84 259 99
84 260 14
84 141 45
84 150 5
84 158 14
84 161 80
84 298 7
84 173 59
84 176 5
84 94 49
84 184 86
84 181 100
84 89 53
84 222 47
84 114 30
84 253 32
85 97 61
85 259 8
85 164 24
85 135 74
85 204 80
85 109 42
85 175 60
85 148 31
85 278 60
85 132 41
85 154 86
85 286 66
85 220 0
85 285 55
85 126 48
86 129 56
86 261 93
86 264 3
86 141 94
86 142 81
86 284 29
86 285 76
86 177 38
86 181 98
86 200 81
86 97 49
86 103 99
86 239 40
86 249 33
86 252 12
86 254 35
87 260 95
87 142 23
87 132 82
87 157 81
87 286 60
87 161 40
87 297 34
87 172 9
87 265 84
87 186 50
87 192 49
87 94 25
87 99 38
87 230 64
87 234 99
87 108 51
87 114 26
87 106 16
87 121 13
87 125 54
87 127 39
88 128 81
88 257 15
88 136 74
88 146 87
88 155 24
88 290 85
88 164 32
88 156 53
88 299 81
88 191 51
88 195 36
88 200 82
88 92 2
88 97 96
88 98 100
88 99 57
88 100 68
88 111 98
88 243 66
89 257 52
89 267 59
89 140 29
89 269 64
89 272 67
89 275 79
89 162 18
89 176 47
89 179 56
89 182 84
89 116 94
89 212 97
89 249 12
89 222 64
89 95 79
89 238 0
89 113 13
89 244 74
89 119 73
90 256 80
90 129 6
90 268 47
90 274 38
90 276 83
90 187 28
90 190 45
90 195 91
90 197 70
90 203 79
90 211 27
90 220 29
90 222 26
90 95 7
90 225 93
90 102 68
90 106 11
90 146 21
90 241 84
90 275 60
90 234 58
91 98 77
91 271 0
91 272 24
91 146 93
91 276 36
91 150 98
91 290 88
91 113 71
91 296 42
91 177 98
91 191 74
91 197 52
91 203 3
91 205 97
91 217 85
91 167 63
91 222 84
91 223 3
91 148 36
91 227 65
91 235 6
91 109 74
91 241 83
91 244 32
91 249 86
91 252 3
91 253 56
92 130 99
92 138 2
92 269 14
92 143 31
92 146 37
92 159 43
92 292 37
92 193 26
92 203 42
92 212 38
92 214 96
92 215 4
92 221 56
92 95 95
92 225 36
92 227 44
92 231 38
92 106 72
92 107 57
92 109 84
92 111 94
92 114 79
92 248 76
93 128 95
93 259 27
93 141 70
93 142 77
93 239 91
93 146 57
93 153 70
93 155 46
93 287 48
93 165 55
93 299 80
93 188 80
93 200 21
93 216 78
93 217 21
93 222 14
93 100 1
93 233 10
93 107 91
93 111 28
93 125 25
94 171 84
94 263 12
94 265 66
94 148 15
94 279 70
94 154 63
94 288 19
94 290 44
94 172 21
94 173 94
94 178 50
94 180 26
94 190 63
94 191 56
94 135 6
94 222 44
94 234 23
94 189 10
94 242 71
94 243 12
94 117 16
94 254 70
95 130 68
95 282 56
95 162 64
95 292 82
95 295 92
95 297 11
95 174 78
95 182 95
95 189 50
95 208 67
95 211 100
95 213 50
95 232 97
95 233 45
95 240 9
95 127 12
96 132 38
96 262 34
96 144 23
96 146 57
96 150 12
96 155 76
96 286 18
96 169 81
96 181 34
96 266 59
96 199 90
96 206 37
96 210 46
96 221 42
96 231 77
96 234 29
96 123 90
96 255 22
97 136 85
97 148 55
97 160 29
97 295 41
97 183 4
97 159 16
97 182 49
97 208 67
97 214 92
97 221 97
97 228 87
97 243 58
97 251 71
98 267 42
98 272 40
98 275 57
98 276 58
98 149 38
98 153 17
98 295 68
98 168 71
98 170 53
98 171 63
98 191 7
98 139 19
98 213 2
98 214 71
98 229 96
98 231 46
98 237 81
98 123 35
98 126 38
99 289 75
99 175 54
99 171 52
99 100 42
99 129 100
99 201 76
99 193 62
99 237 4
99 271 75
99 145 0
99 269 94
99 245 76
99 282 100
99 285 30
100 262 48
100 266 47
100 268 12
100 269 56
100 271 36
100 141 25
100 273 12
100 277 60
100 161 82
100 170 78
100 177 44
100 179 12
100 196 49
100 209 35
100 222 81
100 238 86
100 116 48
100 124 34
100 127 85
101 260 91
101 268 87
101 142 23
101 285 12
101 286 40
101 163 45
101 294 59
101 167 56
101 173 81
101 183 83
101 193 59
101 198 85
101 200 89
101 103 52
101 188 37
101 109 21
101 118 53
101 125 0
101 254 84
102 128 75
102 133 76
102 264 89
102 266 57
102 267 22
102 268 68
102 271 63
102 277 54
102 155 65
102 261 25
102 184 85
102 205 34
102 210 54
102 143 30
102 225 14
102 237 27
102 117 74
102 120 68
102 298 45
102 126 69
103 131 48
103 261 23
103 144 73
103 259 89
103 277 73
103 152 10
103 157 81
103 165 4
103 173 63
103 195 90
103 207 77
103 208 95
103 210 2
103 233 8
103 236 19
103 147 100
104 128 56
104 130 26
104 179 60
104 263 81
104 274 13
104 279 45
104 159 39
104 299 30
104 180 47
104 187 10
104 188 50
104 195 11
104 199 78
104 217 62
104 223 79
104 109 3
104 238 53
104 244 94
104 246 91
104 254 22
105 128 88
105 130 16
105 133 91
105 129 30
105 276 96
105 154 100
105 288 11
105 289 32
105 294 87
105 296 42
105 170 67
105 201 40
105 217 56
105 227 7
105 106 19
105 244 46
105 117 5
105 120 25
106 256 97
106 129 93
106 262 46
106 141 73
106 278 41
106 156 30
106 294 41
106 191 17
106 193 77
106 194 47
106 202 34
106 284 43
106 117 52
106 297 56
107 132 80
107 141 84
107 271 46
107 284 35
107 290 55
107 166 41
107 173 75
107 182 86
107 184 46
107 187 25
107 190 86
107 194 50
107 207 86
107 232 73
107 233 65
107 112 94
107 113 30
107 243 54
107 117 5
107 125 17
108 265 53
108 138 7
108 145 29
108 154 56
108 156 0
108 285 80
108 160 95
108 294 74
108 168 71
108 184 20
108 200 44
108 206 30
108 230 87
108 234 90
108 236 68
108 240 51
108 243 30
108 119 5
109 257 1
109 277 5
109 278 50
109 151 40
109 155 39
109 297 62
109 172 9
109 175 25
109 190 61
109 209 16
109 222 62
109 244 48
109 246 63
110 128 36
110 129 43
110 131 61
110 256 56
110 146 17
110 275 66
110 151 20
110 152 26
110 283 7
110 293 100
110 171 56
110 177 18
110 188 42
110 234 82
110 112 98
110 113 48
110 118 65
110 127 35
111 259 87
111 276 29
111 281 47
111 285 60
111 292 61
111 193 8
111 199 100
111 202 6
111 244 82
111 123 30
111 252 57
111 149 88
112 256 45
112 193 16
112 293 15
112 136 82
112 252 29
112 247 12
112 157 55
112 147 62
112 212 39
112 277 87
112 118 61
112 250 15
112 188 22
112 125 24
112 222 8
113 129 21
113 267 78
113 158 36
113 287 58
113 161 65
113 299 97
113 216 44
113 227 78
113 231 89
113 239 7
113 211 73
113 246 98
113 249 86
114 266 61
114 140 2
114 141 2
114 145 76
114 277 23
114 151 40
114 156 64
114 158 61
114 287 90
114 174 11
114 176 0
114 185 31
114 196 34
114 224 55
114 234 10
114 116 93
114 245 64
114 118 10
114 123 7
114 124 100
115 160 54
115 225 30
115 194 72
115 167 85
115 129 0
115 202 55
115 256 11
115 272 66
115 136 93
115 144 22
115 248 40
115 281 74
115 218 15
115 251 24
115 156 79
115 293 47
116 235 90
116 178 9
116 169 99
116 134 10
116 233 6
116 170 70
116 267 5
116 269 61
116 145 28
116 179 18
116 180 44
116 157 81
116 158 46
117 129 28
117 258 98
117 137 52
117 267 54
117 140 58
117 277 86
117 281 12
117 153 16
117 286 92
117 197 48
117 161 76
117 169 97
117 298 3
117 299 54
117 288 69
117 218 11
117 223 52
117 226 79
117 229 41
117 231 69
117 254 91
118 260 73
118 137 14
118 271 97
118 148 0
118 151 98
118 157 27
118 158 34
118 168 45
118 190 13
118 199 3
118 215 65
118 229 90
118 246 1
118 247 72
118 248 93
118 123 90
119 129 76
119 137 79
119 267 27
119 142 55
119 144 94
119 153 83
119 285 14
119 133 21
119 291 61
119 293 25
119 167 23
119 196 44
119 203 95
119 209 47
119 220 58
119 222 89
119 243 98
119 244 18
120 271 25
120 148 27
120 150 87
120 280 90
120 283 82
120 284 15
120 286 91
120 161 62
120 291 45
120 169 100
120 176 61
120 185 30
120 188 56
120 192 82
120 227 40
120 243 96
120 126 54
121 161 80
121 195 23
121 132 17
121 133 72
121 268 60
121 239 56
121 208 43
121 235 53
121 220 63
121 185 36
122 173 47
122 272 75
122 153 2
122 283 51
122 161 87
122 174 90
122 181 85
122 185 45
122 191 19
122 198 97
122 226 95
122 230 43
122 234 13
122 244 72
122 200 89
122 253 97
123 288 32
123 259 60
123 292 6
123 214 55
123 230 51
123 162 75
123 274 88
123 238 9
123 205 15
123 148 78
123 280 79
123 281 57
123 187 39
124 131 0
124 260 88
124 133 44
124 129 34
124 146 26
124 157 96
124 286 91
124 193 55
124 202 36
124 135 71
124 231 20
124 239 50
124 240 97
125 144 93
125 273 64
125 279 61
125 196 16
125 176 52
125 180 77
125 185 88
125 189 41
125 203 98
125 213 24
125 216 25
125 236 6
125 239 64
125 253 76
125 127 18
126 130 29
126 299 88
126 261 95
126 270 4
126 143 88
126 276 9
126 277 94
126 152 6
126 286 71
126 159 66
126 161 89
126 162 88
126 164 42
126 172 72
126 179 17
126 203 26
126 204 5
126 210 42
126 213 35
126 238 77
126 243 6
127 135 1
127 136 27
127 144 21
127 145 70
127 146 64
127 275 97
127 280 93
127 154 26
127 160 2
127 295 96
127 201 21
127 206 99
127 214 68
127 216 75
127 217 82
127 218 67
127 221 19
127 222 30
127 234 48
127 147 71
128 129 44
128 132 29
128 135 53
128 272 88
128 277 7
128 278 67
128 279 68
128 290 88
128 171 2
128 175 83
128 160 69
128 196 55
128 224 21
128 233 5
128 244 28
128 247 76
129 259 22
129 133 39
129 134 96
129 140 37
129 144 67
129 131 23
129 283 62
129 162 52
129 166 31
129 167 50
129 180 17
129 188 72
129 194 37
129 198 60
130 282 64
130 283 35
130 158 62
130 290 3
130 165 1
130 296 19
130 286 57
130 182 93
130 201 11
130 209 49
130 229 69
130 239 86
131 256 65
131 278 10
131 263 100
131 151 46
131 161 25
131 166 31
131 170 8
131 204 1
131 209 59
131 235 9
131 255 15
132 259 29
132 263 40
132 268 50
132 281 37
132 155 4
132 185 18
132 147 36
132 206 89
132 223 51
132 226 10
132 229 71
132 243 16
132 250 69
132 253 19
133 264 65
133 139 33
133 157 98
133 168 2
133 298 62
133 175 9
133 207 73
133 216 20
133 217 64
133 223 47
133 232 65
133 244 36
133 252 8
133 255 18
134 259 95
134 196 31
134 168 2
134 169 31
134 270 40
134 277 83
134 173 44
134 152 29
134 153 18
134 250 39
135 141 50
135 147 76
135 288 27
135 293 94
135 190 19
135 191 71
135 196 20
135 199 31
135 224 3
135 226 44
135 229 93
135 237 19
135 241 8
135 250 44
136 194 51
136 137 71
136 266 25
136 197 83
136 271 53
136 178 46
136 212 65
136 151 46
136 250 24
136 284 88
137 256 59
137 267 90
137 275 12
137 279 39
137 153 96
137 155 28
137 157 19
137 163 79
137 247 40
137 212 66
137 229 88
137 233 56
137 239 14
137 285 64
137 281 82
138 260 50
138 150 51
138 147 28
138 154 93
138 283 99
138 284 83
138 158 8
138 156 95
138 179 32
138 188 11
138 196 100
138 201 93
138 202 88
138 213 20
138 214 98
138 230 58
139 273 70
139 276 34
139 155 62
139 261 25
139 293 32
139 173 98
139 176 39
139 203 43
139 224 30
139 245 39
140 259 54
140 262 28
140 267 9
140 276 25
140 285 34
140 287 43
140 161 9
140 291 89
140 177 3
140 184 79
140 195 86
140 197 66
140 205 73
140 221 32
140 226 34
140 227 92
140 243 57
140 251 21
140 254 78
141 262 4
141 142 15
141 276 43
141 291 16
141 168 49
141 183 47
141 186 76
141 200 96
141 203 99
141 213 51
141 240 26
141 248 96
142 172 84
142 272 3
142 285 20
142 163 89
142 294 40
142 296 42
142 175 53
142 178 82
142 181 99
142 182 5
142 199 17
142 204 3
142 173 62
142 146 31
142 239 72
142 246 11
142 254 3
143 259 53
143 145 86
143 146 29
143 148 81
143 277 19
143 295 59
143 172 18
143 186 69
143 188 40
143 196 34
143 207 72
143 217 1
143 274 22
143 247 0
143 248 27
143 276 16
144 271 31
144 272 10
144 146 53
144 281 99
144 155 19
144 287 13
144 289 68
144 162 40
144 171 94
144 174 14
144 178 66
144 181 43
144 190 96
144 195 22
144 211 59
144 223 0
144 235 64
144 255 20
144 252 33
145 260 12
145 282 56
145 159 40
145 289 0
145 162 74
145 295 96
145 182 85
145 212 23
145 230 50
145 234 3
145 243 56
146 260 8
146 273 32
146 275 40
146 173 16
146 189 5
146 194 64
146 207 100
146 227 66
146 259 86
146 236 84
146 253 45
147 261 53
147 267 90
147 276 13
147 278 31
147 156 20
147 160 98
147 169 99
147 170 17
147 173 51
147 179 5
147 189 56
147 193 95
147 213 7
147 218 54
147 244 96
147 253 35
148 278 63
148 280 17
148 288 71
148 291 84
148 196 41
148 199 86
148 212 78
148 218 32
148 222 18
148 225 21
148 227 87
148 229 39
148 295 19
148 250 84
149 259 95
149 272 16
149 278 7
149 153 64
149 162 81
149 292 21
149 183 95
149 195 71
149 164 79
149 232 39
149 241 78
149 249 100
149 254 18
150 258 37
150 272 8
150 151 84
150 284 75
150 292 53
150 295 69
150 177 87
150 184 31
150 199 3
150 225 69
150 231 48
150 232 26
151 266 30
151 283 84
151 291 78
151 166 17
151 168 79
151 176 56
151 179 3
151 189 57
151 222 41
151 208 63
151 239 17
152 262 50
152 265 78
152 271 99
152 272 28
152 274 43
152 153 26
152 156 11
152 293 16
152 298 41
152 187 7
152 211 94
152 226 83
152 245 61
152 249 70
153 258 84
153 276 16
153 278 21
153 289 24
153 290 47
153 163 97
153 164 14
153 167 36
153 219 39
153 188 94
154 280 21
154 290 7
154 164 35
154 264 38
154 179 40
154 180 22
154 191 13
154 203 71
154 242 15
154 244 50
154 250 23
155 256 16
155 267 15
155 268 92
155 216 1
155 288 42
155 295 20
155 174 42
155 179 96
155 186 100
155 189 15
155 198 2
155 207 76
155 214 6
155 235 3
155 236 20
155 244 43
155 248 80
156 258 83
156 265 32
156 271 18
156 282 37
156 283 39
156 168 77
156 169 5
156 180 69
156 181 40
156 193 78
156 222 25
156 225 90
156 245 92
156 251 7
156 253 44
156 255 25
157 256 21
157 272 97
157 287 40
157 160 76
157 170 23
157 205 44
157 210 18
157 226 89
157 236 17
157 249 53
157 252 9
158 276 76
158 292 34
158 167 86
158 169 93
158 189 40
158 194 73
158 197 99
158 207 18
158 208 21
158 216 26
158 224 73
158 229 54
158 235 34
158 239 80
158 243 87
158 245 22
159 261 86
159 262 69
159 268 11
159 258 79
159 292 25
159 200 40
159 203 23
159 212 31
159 224 22
159 237 76
159 240 38
159 232 7
159 243 8
159 251 79
160 260 0
160 276 20
160 295 54
160 172 14
160 182 90
160 193 96
160 197 55
160 225 81
160 233 45
160 208 8
160 245 5
160 251 26
161 274 33
161 294 58
161 296 11
161 173 6
161 181 9
161 187 15
161 207 7
161 255 57
162 175 38
162 165 43
162 297 8
162 174 72
162 202 20
162 214 64
162 221 78
162 251 33
162 231 70
162 241 25
162 249 59
163 290 72
163 182 16
163 196 95
163 203 29
163 220 80
163 228 76
163 240 78
163 246 52
163 250 15
164 259 15
164 272 94
164 172 38
164 174 32
164 177 93
164 185 85
164 198 47
164 212 98
164 223 44
164 225 65
165 271 17
165 289 77
165 291 28
165 177 66
165 182 38
165 183 75
165 184 73
165 194 33
165 217 55
165 227 86
165 229 88
165 244 49
166 288 7
166 262 34
166 231 16
166 269 99
166 273 49
166 179 39
166 252 2
166 190 40
167 261 36
167 176 87
167 177 33
167 181 27
167 194 53
167 212 40
167 225 22
167 226 10
167 232 0
168 259 50
168 262 12
168 271 82
168 281 72
168 294 82
168 172 33
168 179 78
168 185 3
168 196 54
168 199 50
168 204 68
168 208 66
168 218 81
168 240 12
168 248 50
168 252 58
169 268 55
169 198 48
169 199 26
169 205 40
169 248 97
169 213 69
169 207 82
169 243 36
169 244 89
170 279 65
170 274 8
170 297 13
170 173 54
170 191 61
170 195 28
170 200 84
170 212 10
170 217 54
170 225 28
170 226 56
170 227 68
170 233 8
170 245 57
170 248 83
171 258 17
171 269 68
171 291 88
171 175 64
171 182 31
171 214 97
171 218 56
171 221 93
171 224 9
171 239 43
171 242 18
172 266 6
172 287 33
172 291 77
172 175 41
172 180 14
172 222 68
172 183 1
172 219 33
172 229 14
172 240 27
172 254 24
173 270 18
173 272 75
173 295 41
173 296 53
173 174 10
173 181 3
173 187 28
173 267 9
173 197 7
173 204 13
173 219 9
173 243 11
173 255 92
174 281 49
174 291 82
174 295 16
174 175 71
174 177 95
174 190 49
174 217 81
174 223 77
174 227 44
174 242 42
174 187 89
174 253 29
175 259 90
175 278 51
175 283 6
175 177 20
175 190 96
175 192 3
175 198 35
175 199 83
175 209 98
175 217 54
175 223 21
175 224 96
175 232 84
175 248 43
175 254 92
176 261 100
176 264 28
176 268 8
176 277 78
176 288 35
176 292 80
176 201 0
176 223 99
176 224 14
176 254 24
177 271 59
177 274 63
177 293 78
177 196 82
177 204 72
177 206 97
177 215 71
177 216 38
177 292 71
177 240 27
177 246 12
177 248 4
178 270 100
178 288 100
178 180 49
178 193 42
178 202 93
178 220 87
178 231 32
178 247 90
179 256 52
179 263 91
179 279 3
179 272 74
179 182 20
179 287 7
179 189 26
179 197 3
179 245 85
179 252 98
180 267 26
180 280 42
180 260 16
180 190 6
180 196 83
180 201 71
180 204 89
180 218 64
180 227 65
180 239 37
180 240 100
180 241 24
180 245 56
180 252 91
180 255 52
181 265 96
181 266 20
181 285 55
181 292 63
181 182 35
181 185 40
181 186 50
181 195 52
181 198 18
181 203 56
181 295 30
182 267 32
182 278 70
182 280 22
182 191 77
182 270 71
182 214 23
182 224 59
182 229 90
182 273 79
182 240 29
182 245 45
183 297 4
183 241 6
183 211 49
183 220 70
183 221 67
184 192 56
184 240 57
184 227 92
184 199 83
184 276 66
184 188 64
184 221 77
185 278 8
185 260 50
185 296 97
185 186 11
185 199 36
185 203 57
185 214 22
185 220 31
185 226 43
185 294 3
185 239 50
185 251 47
186 281 56
186 282 74
186 288 29
186 295 20
186 192 3
186 194 90
186 198 33
186 211 86
186 271 75
186 232 26
186 234 57
186 236 56
187 256 88
187 266 53
187 285 88
187 190 38
187 216 49
187 221 57
187 236 27
187 240 96
188 258 88
188 263 78
188 274 17
188 277 78
188 285 54
188 240 97
188 191 90
188 192 16
188 197 34
188 209 22
188 224 90
188 232 75
189 262 14
189 264 66
189 268 19
189 295 81
189 299 89
189 200 42
189 211 98
189 229 26
189 231 87
190 257 62
190 270 11
190 280 31
190 282 15
190 193 88
190 206 2
190 220 34
190 223 73
190 224 25
190 232 98
190 235 28
190 245 20
190 250 10
191 270 55
191 274 49
191 284 91
191 287 93
191 291 73
191 299 29
191 203 70
191 208 31
191 230 48
191 240 34
191 243 62
192 257 1
192 269 96
192 270 17
192 277 2
192 297 46
192 268 86
192 206 97
192 207 47
192 225 14
192 244 93
193 291 35
193 297 9
193 197 78
193 206 65
193 221 59
194 265 96
194 283 55
194 299 61
194 197 23
194 199 15
194 207 9
194 215 93
194 233 92
194 234 48
195 256 98
195 274 62
195 281 42
195 282 20
195 286 31
195 293 7
195 229 24
195 242 83
195 248 29
196 261 0
196 262 20
196 271 14
196 280 97
196 283 93
196 284 37
196 266 85
196 217 7
196 223 85
197 283 62
197 293 92
197 298 84
197 245 96
197 212 1
197 216 47
198 258 15
198 267 2
198 268 0
198 279 79
198 280 62
198 290 76
198 207 80
198 213 27
199 276 14
199 277 2
199 293 22
199 298 79
199 216 69
199 219 11
199 220 75
199 228 73
199 253 33
199 254 56
199 255 24
200 214 74
200 264 38
200 265 30
200 270 89
200 201 20
200 205 44
200 220 48
200 225 84
200 233 58
200 251 46
201 295 71
201 298 89
201 205 56
201 217 74
201 232 11
201 235 67
201 239 83
201 252 59
202 282 57
202 283 0
202 218 29
202 220 33
202 221 63
202 227 63
203 279 3
203 295 50
203 297 17
203 205 88
203 207 92
203 214 33
203 235 22
203 254 77
204 265 92
204 269 4
204 271 87
204 283 27
204 291 70
204 295 43
204 205 95
204 209 2
204 212 44
204 233 15
204 254 34
205 257 83
205 282 5
205 209 58
205 240 19
205 243 23
206 275 43
206 282 92
206 292 7
206 295 60
206 211 22
206 222 99
206 240 55
206 250 25
206 252 27
206 253 26
207 282 61
207 295 79
207 228 28
207 229 10
207 242 46
207 250 11
208 259 73
208 268 59
208 272 86
208 289 19
208 211 83
208 223 63
209 262 89
209 263 40
209 269 85
209 280 93
209 282 59
209 212 82
209 220 63
209 226 97
209 239 80
210 258 34
210 260 25
210 228 96
210 235 20
210 239 73
210 247 34
210 251 85
211 256 92
211 295 93
211 296 19
211 226 10
211 232 68
211 251 83
212 279 53
212 286 90
212 293 100
212 231 39
212 237 85
212 276 70
213 273 4
213 276 95
213 290 88
213 222 86
213 239 60
213 245 93
213 250 9
214 261 5
214 284 12
214 227 85
214 229 25
215 257 9
215 267 16
215 283 81
215 282 79
215 291 41
215 298 19
215 226 74
215 227 17
215 254 64
216 256 47
216 263 8
216 266 60
216 276 83
216 293 64
216 268 76
216 220 90
216 230 41
216 253 66
216 246 17
216 252 34
217 293 24
217 237 83
217 232 70
217 246 15
218 259 31
218 267 36
218 270 33
218 281 29
218 282 22
218 288 93
218 291 63
218 294 52
218 296 73
218 219 45
218 241 72
218 243 25
219 288 68
219 256 88
219 262 70
219 292 31
219 280 76
219 277 7
219 249 13
219 248 83
219 284 87
220 257 82
220 259 9
220 265 29
220 288 80
220 271 91
220 221 7
220 236 63
221 256 75
221 270 100
221 273 78
221 233 93
221 241 8
221 249 72
221 252 52
222 289 1
222 292 5
222 284 94
222 236 57
222 239 81
222 242 2
222 246 79
223 256 34
223 259 37
223 260 81
223 263 4
223 280 59
223 281 16
223 290 73
223 293 8
223 227 68
223 234 31
223 237 52
224 260 72
224 264 51
224 265 49
224 274 91
224 276 72
224 280 30
224 234 29
224 251 98
225 257 100
225 261 88
225 275 70
225 276 46
225 282 58
225 290 3
226 270 35
226 272 58
226 231 60
226 236 94
226 237 78
226 241 100
226 246 60
226 247 14
227 282 71
227 288 6
227 233 52
227 241 21
227 242 78
227 251 44
227 254 10
228 265 24
228 269 5
228 272 27
228 273 76
228 274 99
228 276 19
228 278 69
228 288 48
228 289 4
228 293 35
228 296 91
228 298 94
228 238 7
228 241 91
228 252 76
229 262 42
229 264 64
229 267 75
229 272 33
229 278 37
229 284 69
229 288 16
229 245 0
230 235 63
231 257 47
231 258 0
231 261 39
231 264 96
231 290 98
231 277 26
231 283 78
232 283 79
232 290 85
232 261 10
232 252 18
233 259 6
233 262 95
233 270 11
233 273 38
233 286 70
233 289 56
233 292 33
233 296 96
233 237 38
233 247 68
234 264 79
234 265 76
234 275 10
234 286 80
234 254 25
235 257 48
235 262 68
235 264 0
235 274 58
235 276 62
235 279 13
235 280 48
235 286 56
235 238 25
235 242 23
235 243 6
237 264 58
237 298 7
237 239 11
237 252 41
238 268 56
238 299 43
238 275 20
238 255 81
239 286 86
239 294 35
239 267 33
239 270 49
239 249 62
239 248 66
239 255 68
240 277 19
240 279 19
240 294 12
240 255 12
241 267 57
242 261 34
242 297 97
242 245 91
242 279 88
242 293 64
243 258 59
243 261 7
243 274 36
243 290 35
243 277 10
244 257 8
244 258 63
244 264 10
244 266 0
244 273 72
244 278 73
244 296 55
244 246 22
244 250 71
244 253 67
245 276 27
245 289 64
245 252 40
246 264 4
246 267 34
246 258 87
246 281 48
246 251 59
248 268 11
248 296 11
249 282 11
249 274 95
250 274 19
250 283 96
250 291 36
250 287 7
251 291 83
253 269 12
253 281 92
253 283 72
253 295 99
254 262 76
254 272 5
254 268 29
255 278 58
255 265 32
255 266 13
255 271 42
255 281 28
255 296 33
255 298 16
256 288 66
256 290 61
256 294 82
256 295 3
257 261 76
258 260 94
258 281 35
258 277 83
259 261 71
259 266 38
259 269 63
259 260 62
259 287 15
260 267 10
260 275 66
260 278 87
260 286 5
261 268 100
261 271 41
261 294 26
261 275 92
262 282 22
262 286 63
262 290 65
263 296 90
263 275 41
263 279 45
263 287 81
264 267 11
264 282 1
264 288 78
264 290 44
264 289 39
265 279 49
265 290 87
265 295 90
266 267 100
266 270 68
266 275 92
266 287 30
266 299 74
267 273 33
267 287 49
267 283 71
267 296 1
267 297 5
268 295 22
269 272 78
269 298 100
270 276 48
270 297 21
271 275 85
271 277 19
272 282 83
272 299 78
273 296 81
273 299 20
273 278 2
274 278 39
274 285 80
274 288 100
274 290 9
274 298 10
275 283 41
275 288 12
275 296 61
275 297 27
275 299 81
276 277 69
276 290 46
276 292 96
277 288 63
277 293 29
279 285 10
280 284 76
280 288 28
282 295 6
283 284 62
284 287 1
285 288 43
285 289 22
285 293 35
287 298 97
288 290 15
289 291 17
290 295 82
294 297 92
