300 4000
0 130 34
0 131 83
0 133 69
0 134 32
0 135 53
0 267 61
0 14 63
0 19 33
0 25 0
0 26 4
0 29 15
0 5 74
0 162 9
0 43 8
0 173 40
0 175 65
0 74 91
0 53 98
0 60 51
0 189 50
0 192 78
0 66 32
0 202 69
0 34 91
0 79 81
0 220 78
0 222 81
0 223 13
0 96 32
0 238 49
0 115 94
0 250 11
0 126 31
1 269 28
1 143 40
1 150 25
1 30 6
1 31 90
1 289 93
1 162 31
1 291 85
1 165 79
1 181 6
1 70 4
1 61 8
1 66 88
1 198 22
1 201 30
1 203 88
1 83 57
1 90 79
1 95 36
1 108 19
1 241 59
1 121 77
2 132 27
2 261 42
2 138 56
2 270 63
2 144 73
2 276 95
2 46 82
2 281 91
2 154 62
2 289 24
2 297 20
2 172 11
2 174 6
2 176 8
2 53 99
2 185 15
2 58 85
2 75 76
2 70 20
2 203 32
2 76 32
2 212 21
2 217 41
2 224 73
2 228 36
2 112 62
2 241 34
2 242 42
2 244 54
2 4 100
2 255 53
3 292 79
3 229 60
3 7 90
3 236 82
3 42 32
3 12 87
3 114 61
3 144 12
3 209 64
3 178 3
3 211 1
3 277 64
3 170 74
3 90 43
3 123 85
3 253 56
4 256 93
4 135 59
4 11 97
4 13 78
4 18 71
4 21 24
4 151 25
4 25 20
4 288 33
4 290 50
4 166 8
4 171 62
4 53 51
4 60 57
4 61 39
4 69 79
4 72 80
4 73 61
4 82 42
4 85 23
4 220 56
4 94 2
4 230 81
4 107 83
4 236 80
4 110 35
4 114 72
4 115 49
4 118 8
4 120 7
4 125 96
4 255 36
5 160 30
5 100 66
5 41 20
5 74 77
5 109 74
5 205 33
5 237 30
5 113 69
5 210 26
5 274 39
5 85 14
5 185 43
5 283 10
5 266 91
5 255 51
6 131 46
6 260 43
6 11 65
6 154 57
6 288 89
6 293 63
6 295 11
6 171 43
6 46 71
6 47 69
6 54 88
6 190 62
6 194 39
6 198 5
6 72 32
6 73 84
6 207 8
6 86 96
6 215 12
6 218 68
6 220 72
6 224 96
6 98 84
6 239 63
6 241 17
6 244 90
6 248 14
6 121 76
6 126 64
7 272 71
7 147 31
7 24 57
7 281 14
7 282 47
7 27 88
7 156 74
7 159 37
7 163 72
7 171 18
7 31 52
7 195 18
7 69 24
7 73 45
7 74 74
7 205 48
7 82 35
7 85 7
7 216 79
7 222 70
7 102 35
7 107 28
7 246 68
7 253 8
8 139 62
8 269 32
8 270 3
8 272 24
8 145 75
8 149 8
8 279 32
8 284 65
8 157 35
8 288 94
8 161 67
8 34 40
8 298 43
8 49 8
8 180 2
8 183 51
8 61 97
8 62 14
8 65 84
8 196 64
8 289 61
8 90 30
8 222 15
8 96 43
8 97 89
8 226 4
8 228 34
8 104 25
8 234 18
8 240 2
8 116 15
9 258 48
9 136 20
9 139 84
9 12 73
9 145 80
9 146 30
9 275 49
9 110 93
9 151 95
9 154 52
9 38 93
9 176 67
9 50 98
9 55 92
9 67 88
9 203 63
9 209 62
9 88 39
9 98 75
9 99 55
9 100 45
9 101 15
9 107 22
9 238 97
9 244 42
9 149 46
10 32 79
10 161 61
10 260 99
10 86 21
10 102 90
10 136 63
10 265 30
10 268 24
10 274 23
10 15 22
10 210 27
10 51 53
10 181 21
10 246 85
10 87 19
10 216 61
10 153 60
10 122 100
10 92 49
10 250 99
10 254 66
11 128 96
11 135 47
11 108 71
11 145 93
11 153 91
11 154 59
11 286 44
11 159 37
11 161 6
11 162 23
11 292 83
11 293 11
11 294 61
11 295 17
11 172 29
11 185 58
11 186 91
11 66 79
11 89 34
11 122 22
11 228 40
11 101 76
11 232 31
11 233 44
11 107 47
11 236 65
11 242 18
11 118 85
11 250 2
12 135 13
12 151 82
12 270 23
12 20 97
12 21 19
12 23 90
12 30 87
12 38 67
12 297 24
12 45 95
12 190 48
12 195 78
12 69 61
12 204 45
12 83 97
12 218 10
12 92 72
12 222 71
12 96 94
12 99 35
12 114 26
12 116 53
12 245 57
12 254 36
12 255 5
13 278 69
13 140 26
13 21 69
13 22 100
13 26 4
13 291 28
13 166 30
13 41 84
13 43 35
13 48 30
13 52 55
13 56 53
13 188 13
13 61 29
13 191 79
13 65 21
13 70 36
13 74 83
13 78 10
13 84 26
13 213 66
13 89 19
13 221 43
13 229 35
13 60 8
13 251 9
13 252 0
14 288 67
14 299 10
14 293 48
14 16 63
14 263 79
14 41 5
14 107 55
14 208 18
14 60 2
14 240 78
14 180 78
14 278 19
14 185 15
14 56 36
14 176 61
14 283 6
14 28 64
14 197 87
15 129 13
15 134 73
15 136 10
15 140 87
15 16 35
15 24 50
15 275 32
15 276 51
15 279 44
15 152 90
15 26 28
15 157 89
15 158 67
15 34 45
15 165 13
15 167 52
15 168 32
15 170 11
15 171 48
15 180 54
15 62 9
15 68 43
15 225 21
15 74 14
15 86 51
15 92 49
15 97 7
15 99 77
15 114 1
15 246 10
15 120 16
15 252 48
16 257 54
16 134 76
16 274 74
16 279 89
16 152 84
16 282 52
16 157 8
16 35 26
16 168 1
16 54 59
16 58 37
16 189 72
16 194 59
16 68 89
16 72 100
16 79 69
16 80 42
16 99 88
16 271 76
16 225 97
16 227 42
16 233 38
16 110 70
16 296 21
17 131 48
17 264 33
17 149 11
17 154 51
17 157 93
17 37 89
17 166 56
17 167 73
17 168 7
17 285 75
17 179 81
17 53 54
17 54 2
17 183 65
17 185 100
17 186 4
17 181 22
17 71 62
17 74 28
17 208 44
17 214 89
17 57 30
17 89 6
17 224 56
17 246 69
17 251 44
17 254 64
17 255 19
18 259 55
18 278 23
18 134 28
18 264 93
18 140 47
18 148 28
18 46 19
18 150 52
18 23 42
18 154 18
18 155 53
18 156 22
18 112 31
18 172 61
18 174 36
18 47 83
18 50 61
18 185 15
18 188 72
18 62 97
18 63 32
18 196 96
18 77 73
18 216 76
18 217 24
18 90 74
18 226 84
18 110 66
18 240 59
18 241 53
19 256 47
19 130 99
19 128 69
19 20 15
19 24 89
19 25 90
19 284 54
19 288 22
19 161 58
19 35 91
19 41 81
19 181 84
19 184 6
19 63 5
19 73 95
19 77 74
19 218 6
19 95 63
19 225 20
19 107 13
19 238 31
19 114 86
19 297 14
19 254 85
20 130 32
20 269 27
20 23 91
20 280 35
20 28 6
20 160 66
20 290 88
20 292 36
20 293 9
20 294 55
20 299 89
20 45 91
20 47 1
20 177 12
20 179 79
20 71 48
20 202 1
20 206 100
20 82 4
20 84 45
20 228 97
20 37 31
20 95 7
20 100 12
20 104 8
20 107 47
20 108 76
20 238 40
20 232 80
20 251 50
21 131 69
21 260 90
21 269 11
21 276 31
21 281 13
21 25 19
21 282 60
21 286 75
21 32 0
21 34 43
21 292 67
21 165 55
21 168 13
21 46 84
21 182 26
21 183 52
21 184 75
21 189 60
21 202 98
21 203 7
21 82 2
21 84 33
21 235 90
21 244 89
21 247 18
21 249 97
21 251 57
21 252 54
22 128 19
22 130 7
22 268 80
22 143 42
22 281 79
22 284 98
22 158 91
22 35 19
22 169 59
22 298 79
22 178 71
22 53 2
22 186 57
22 190 69
22 201 53
22 210 77
22 211 64
22 101 77
22 226 16
22 229 48
22 103 68
22 105 74
22 82 50
22 115 46
22 117 92
22 246 21
22 125 12
23 192 66
23 260 11
23 276 0
23 232 60
23 265 22
23 170 88
23 77 58
23 298 96
23 143 39
23 222 5
23 209 27
23 277 5
23 137 34
23 121 37
23 251 28
23 285 97
23 94 49
23 95 42
24 130 10
24 262 55
24 146 80
24 277 38
24 32 99
24 39 41
24 169 61
24 171 36
24 173 62
24 46 92
24 187 89
24 190 7
24 160 92
24 66 9
24 227 100
24 212 50
24 59 54
24 100 93
24 108 98
24 242 30
24 116 86
24 124 66
24 125 33
25 131 74
25 137 30
25 274 2
25 277 79
25 279 19
25 284 89
25 31 12
25 34 90
25 298 68
25 47 9
25 58 41
25 287 15
25 63 14
25 68 41
25 77 58
25 206 72
25 81 85
25 211 46
25 87 65
25 228 4
25 91 76
25 221 0
25 94 71
25 225 57
25 100 2
25 229 38
25 209 71
25 234 75
25 110 67
25 239 98
25 248 10
25 217 69
26 130 21
26 132 99
26 108 97
26 272 32
26 151 29
26 153 92
26 290 56
26 173 53
26 181 92
26 54 22
26 184 74
26 190 13
26 66 55
26 68 38
26 200 62
26 76 7
26 86 55
26 96 71
26 230 60
26 231 34
26 236 55
26 121 3
26 254 23
27 256 28
27 267 65
27 274 55
27 28 70
27 288 97
27 33 61
27 39 53
27 44 40
27 49 78
27 50 91
27 32 29
27 195 87
27 200 37
27 73 16
27 82 51
27 84 34
27 219 57
27 93 100
27 96 34
27 111 96
27 245 5
27 247 45
28 192 43
28 161 76
28 123 19
28 196 23
28 197 94
28 262 61
28 137 83
28 138 34
28 108 37
28 173 20
28 210 42
28 41 75
28 278 0
28 134 93
28 280 91
28 124 22
28 222 25
28 261 57
29 258 30
29 267 72
29 143 80
29 289 73
29 38 92
29 42 62
29 172 76
29 45 33
29 47 9
29 180 54
29 55 98
29 57 37
29 70 49
29 82 56
29 214 96
29 89 19
29 94 23
29 95 36
29 224 66
29 166 56
29 106 19
29 111 56
29 119 35
29 254 22
30 257 71
30 264 76
30 137 77
30 276 71
30 34 34
30 296 41
30 176 50
30 181 89
30 63 36
30 193 25
30 198 30
30 201 68
30 208 51
30 213 58
30 218 0
30 95 33
30 225 65
30 99 79
30 233 32
30 113 93
30 243 91
30 245 5
31 134 57
31 277 59
31 152 46
31 282 80
31 163 77
31 169 5
31 173 31
31 175 42
31 182 84
31 185 93
31 58 52
31 64 54
31 199 75
31 77 17
31 79 91
31 208 35
31 219 66
31 98 65
31 229 73
31 236 65
31 120 40
31 127 35
32 213 51
32 134 0
32 135 22
32 200 75
32 108 33
32 172 1
32 157 66
32 40 68
32 151 0
32 251 67
32 248 80
32 222 83
32 95 26
33 130 25
33 258 10
33 278 22
33 218 25
33 159 7
33 37 47
33 173 23
33 48 25
33 177 86
33 51 77
33 52 66
33 59 10
33 63 9
33 68 9
33 202 93
33 204 38
33 77 89
33 210 69
33 88 98
33 90 68
33 226 8
33 102 27
33 103 13
33 241 6
33 115 30
33 116 13
33 251 52
33 124 93
34 257 16
34 131 89
34 141 24
34 147 33
34 156 75
34 158 2
34 162 93
34 35 96
34 36 56
34 295 78
34 41 14
34 57 14
34 208 83
34 216 31
34 99 66
34 100 13
34 101 25
34 109 95
34 118 4
35 261 10
35 140 8
35 148 31
35 201 60
35 160 52
35 176 11
35 38 79
35 41 74
35 42 34
35 172 45
35 175 85
35 48 49
35 183 83
35 190 56
35 64 23
35 69 30
35 198 64
35 268 35
35 204 28
35 211 17
35 214 21
35 87 59
35 93 3
35 226 17
35 234 8
35 108 10
35 238 43
35 245 55
35 170 40
35 249 61
35 125 61
35 255 95
36 192 33
36 246 25
36 168 73
36 54 24
36 43 69
36 76 26
36 210 35
36 208 25
36 81 86
36 114 63
36 211 2
36 52 52
36 214 36
36 55 0
36 282 56
36 251 30
36 188 94
36 90 14
36 286 52
36 63 30
37 257 95
37 129 78
37 265 88
37 271 66
37 146 32
37 147 52
37 276 93
37 282 61
37 175 69
37 183 5
37 62 60
37 65 2
37 76 28
37 207 40
37 211 79
37 97 97
37 99 11
37 101 39
37 102 78
37 233 18
37 107 74
37 274 88
37 110 2
37 241 80
37 242 58
38 128 73
38 145 21
38 274 79
38 147 94
38 284 100
38 168 64
38 297 51
38 157 35
38 51 99
38 188 20
38 74 27
38 81 28
38 84 92
38 85 80
38 222 75
38 96 35
38 228 90
38 104 91
38 108 73
38 146 64
38 110 68
38 111 19
38 118 55
38 252 50
38 127 40
39 257 74
39 258 10
39 266 38
39 145 9
39 150 0
39 279 37
39 152 45
39 155 8
39 156 26
39 161 61
39 283 53
39 292 65
39 170 66
39 49 23
39 179 95
39 58 53
39 67 29
39 68 30
39 89 21
39 92 80
39 101 64
39 231 60
39 104 62
39 116 57
39 254 36
40 262 33
40 269 88
40 151 87
40 152 62
40 169 30
40 177 88
40 181 85
40 73 60
40 60 94
40 64 56
40 198 41
40 201 89
40 82 91
40 211 99
40 215 26
40 90 20
40 297 42
40 224 41
40 98 44
40 102 78
40 104 44
40 119 45
40 123 58
40 252 30
41 256 7
41 258 32
41 262 64
41 266 15
41 144 48
41 148 66
41 159 93
41 176 71
41 177 40
41 188 98
41 61 51
41 70 35
41 201 27
41 203 49
41 84 25
41 88 51
41 217 63
41 92 41
41 223 42
41 102 3
41 231 3
41 235 13
41 254 48
42 143 59
42 162 37
42 296 48
42 297 65
42 298 88
42 175 51
42 184 81
42 74 83
42 75 91
42 206 65
42 78 41
42 219 28
42 93 2
42 223 13
42 234 11
42 238 98
42 221 57
42 245 29
42 249 33
42 122 25
43 257 100
43 258 56
43 131 57
43 129 59
43 136 7
43 138 95
43 140 71
43 145 46
43 150 57
43 155 53
43 165 54
43 168 81
43 45 77
43 177 74
43 56 86
43 266 76
43 64 82
43 69 63
43 198 17
43 184 31
43 82 15
43 293 92
43 226 70
43 102 67
43 247 96
43 253 86
44 293 45
44 262 13
44 166 62
44 263 22
44 137 74
44 235 36
44 108 42
44 141 39
44 206 39
44 175 15
44 240 73
44 180 80
44 117 39
44 246 20
44 73 9
44 248 72
44 84 21
44 186 81
44 167 18
44 63 91
45 64 90
45 288 74
45 165 99
45 230 6
45 168 15
45 160 44
45 271 6
45 114 68
45 149 10
45 118 76
45 183 89
45 120 94
45 250 83
45 123 2
45 223 76
46 131 21
46 133 35
46 264 96
46 150 26
46 153 19
46 158 55
46 159 53
46 288 89
46 175 63
46 184 96
46 76 76
46 207 11
46 210 31
46 214 44
46 87 78
46 231 89
46 248 91
46 123 31
46 255 48
47 257 97
47 262 74
47 270 6
47 277 90
47 150 23
47 153 67
47 160 75
47 49 18
47 181 91
47 54 24
47 184 22
47 207 12
47 86 2
47 219 38
47 231 30
47 105 70
47 244 18
47 247 25
47 121 83
48 200 67
48 164 0
48 197 7
48 161 65
48 136 68
48 201 85
48 299 64
48 194 26
48 232 26
48 214 72
48 279 23
48 248 1
48 168 80
48 60 6
48 93 64
48 95 49
49 256 10
49 260 98
49 139 23
49 149 58
49 281 57
49 161 21
49 173 3
49 174 32
49 181 25
49 182 63
49 183 93
49 53 39
49 67 47
49 198 90
49 73 16
49 77 60
49 214 71
49 226 75
49 99 70
49 191 47
49 239 42
49 118 42
49 119 66
49 251 72
49 127 52
50 145 79
50 147 92
50 150 12
50 156 40
50 290 96
50 165 29
50 295 75
50 298 89
50 63 10
50 199 34
50 162 22
50 83 100
50 219 54
50 92 3
50 96 32
50 102 63
50 105 8
50 235 39
50 110 77
50 116 84
50 249 66
50 125 27
51 67 66
51 251 76
51 70 5
51 114 58
51 113 22
51 146 87
51 275 92
51 149 18
51 89 91
51 57 94
51 185 37
51 282 23
51 91 88
51 188 19
51 74 85
52 129 4
52 130 88
52 261 4
52 142 48
52 278 96
52 282 86
52 164 17
52 297 4
52 299 45
52 173 8
52 53 67
52 58 3
52 289 24
52 202 41
52 203 85
52 77 58
52 141 39
52 80 19
52 81 25
52 213 55
52 218 20
52 92 65
52 100 33
52 229 59
52 103 94
52 239 40
52 115 46
52 116 42
52 248 68
52 122 14
53 260 96
53 142 54
53 278 35
53 280 15
53 283 100
53 285 62
53 296 32
53 56 42
53 188 89
53 193 51
53 77 62
53 207 78
53 82 36
53 211 68
53 217 94
53 92 16
53 250 71
53 230 55
53 243 54
53 122 54
53 254 62
54 128 5
54 290 51
54 166 40
54 135 12
54 200 28
54 107 27
54 110 31
54 209 38
54 147 28
54 55 47
54 249 48
54 122 60
54 93 37
54 250 99
54 287 98
55 260 98
55 137 88
55 266 40
55 149 89
55 282 10
55 161 85
55 291 29
55 294 0
55 113 96
55 170 22
55 59 79
55 60 13
55 191 33
55 65 37
55 199 53
55 75 10
55 80 12
55 89 74
55 228 36
55 237 0
55 241 5
55 115 83
55 245 53
55 246 34
55 247 71
55 250 55
56 288 12
56 97 55
56 258 51
56 131 8
56 101 11
56 252 75
56 109 79
56 207 83
56 80 84
56 209 24
56 211 32
56 284 62
56 87 76
56 281 44
56 122 9
56 92 55
57 256 44
57 260 2
57 267 72
57 147 20
57 277 80
57 151 29
57 159 22
57 289 83
57 291 46
57 165 72
57 295 94
57 170 77
57 176 76
57 181 88
57 279 52
57 193 37
57 199 48
57 207 98
57 82 41
57 84 97
57 90 69
57 100 99
57 104 85
57 161 37
57 238 35
58 262 24
58 265 42
58 141 62
58 277 78
58 157 61
58 292 53
58 169 100
58 121 39
58 159 32
58 192 24
58 196 9
58 207 88
58 80 36
58 212 6
58 85 70
58 87 2
58 216 63
58 95 80
58 98 84
58 187 82
58 232 21
58 236 77
58 239 80
58 241 1
58 117 62
58 247 70
58 249 4
58 253 48
58 126 51
59 192 86
59 98 61
59 102 67
59 81 49
59 128 77
59 76 9
59 205 82
59 111 12
59 209 74
59 210 7
59 277 18
59 255 59
59 239 26
59 286 88
59 245 80
60 131 93
60 262 74
60 264 43
60 137 24
60 141 61
60 277 67
60 150 52
60 285 61
60 163 54
60 292 85
60 134 19
60 182 37
60 193 94
60 69 41
60 164 79
60 94 16
60 293 51
60 231 68
60 116 2
60 249 35
60 252 47
61 128 98
61 263 33
61 139 53
61 272 13
61 275 68
61 278 98
61 283 66
61 285 57
61 157 96
61 187 71
61 193 16
61 71 13
61 200 90
61 203 17
61 78 65
61 211 64
61 93 21
61 225 35
61 98 57
61 99 27
61 228 18
61 233 20
61 111 13
61 125 10
62 257 80
62 129 20
62 143 59
62 278 1
62 152 99
62 281 27
62 166 35
62 296 51
62 172 39
62 199 19
62 271 3
62 219 37
62 92 57
62 93 85
62 223 83
62 102 98
62 104 67
62 105 74
62 107 39
62 108 50
62 241 90
62 249 69
62 254 25
63 258 25
63 259 41
63 134 7
63 138 78
63 271 65
63 277 24
63 151 48
63 283 36
63 290 82
63 291 60
63 179 37
63 155 27
63 184 93
63 185 53
63 198 61
63 199 46
63 72 14
63 78 47
63 79 99
63 214 75
63 220 14
63 223 27
63 225 22
63 227 50
63 101 79
63 274 59
63 254 1
64 133 37
64 140 65
64 144 30
64 147 57
64 148 52
64 153 11
64 283 31
64 297 74
64 66 17
64 67 26
64 71 4
64 202 73
64 203 41
64 93 72
64 223 42
64 226 94
64 230 67
64 109 6
64 110 13
64 246 17
64 248 75
64 123 83
64 126 62
64 195 65
65 257 34
65 268 42
65 142 30
65 280 81
65 146 56
65 147 12
65 152 91
65 284 60
65 296 32
65 188 1
65 198 75
65 73 57
65 208 18
65 85 75
65 219 25
65 107 68
65 239 30
65 115 53
66 258 55
66 131 0
66 265 78
66 280 38
66 155 30
66 156 85
66 159 51
66 160 5
66 171 87
66 176 29
66 182 86
66 213 69
66 102 21
66 116 64
66 119 51
66 120 61
66 249 71
66 255 25
67 96 30
67 164 4
67 261 32
67 232 39
67 225 66
67 110 42
67 240 3
67 89 28
68 128 66
68 262 19
68 141 98
68 142 9
68 279 86
68 154 18
68 158 80
68 163 59
68 182 8
68 184 29
68 187 100
68 193 19
68 196 91
68 197 21
68 202 40
68 81 30
68 216 14
68 230 0
68 235 8
68 253 7
69 256 80
69 131 47
69 70 94
69 233 5
69 147 45
69 124 97
69 179 74
69 148 8
69 117 50
69 120 43
69 88 12
69 221 73
69 191 55
70 256 56
70 141 43
70 273 67
70 148 2
70 149 88
70 155 89
70 163 21
70 166 20
70 184 44
70 72 96
70 201 3
70 269 0
70 80 91
70 209 82
70 213 70
70 215 68
70 94 57
70 224 26
70 106 90
70 246 74
70 120 51
70 123 97
70 124 86
71 257 75
71 130 15
71 131 8
71 132 99
71 134 21
71 263 18
71 139 68
71 140 47
71 144 32
71 283 33
71 284 69
71 289 60
71 163 43
71 297 93
71 298 85
71 180 80
71 182 17
71 184 28
71 197 96
71 97 25
71 72 49
71 247 83
71 204 47
71 95 58
71 272 86
71 229 14
71 103 93
71 104 33
71 106 87
71 112 50
71 114 28
71 116 64
71 119 89
71 123 14
72 130 17
72 136 38
72 265 73
72 139 46
72 141 67
72 274 43
72 151 97
72 260 91
72 155 70
72 156 18
72 160 91
72 292 83
72 178 100
72 181 81
72 73 51
72 202 35
72 216 71
72 220 68
72 223 96
72 144 28
72 235 42
72 112 69
72 113 63
72 118 95
72 121 40
72 122 27
73 129 94
73 132 78
73 257 13
73 142 9
73 272 80
73 146 15
73 278 93
73 280 86
73 154 7
73 288 100
73 162 39
73 283 15
73 164 55
73 134 41
73 166 99
73 170 9
73 173 37
73 184 80
73 75 31
73 207 18
73 291 79
73 212 63
73 222 21
73 98 49
73 227 75
73 229 70
73 231 6
73 238 64
74 157 95
74 292 7
74 203 64
74 77 0
74 269 93
74 85 7
74 215 79
74 216 82
74 226 60
74 227 59
74 294 97
74 102 71
74 107 89
74 115 40
75 260 12
75 148 4
75 281 51
75 160 24
75 183 19
75 199 98
75 203 20
75 204 49
75 207 92
75 81 8
75 82 96
75 84 18
75 85 39
75 219 50
75 228 8
75 234 42
75 235 48
75 210 5
75 251 16
75 124 80
76 282 70
76 81 64
76 168 91
76 142 49
76 139 20
76 273 92
76 80 47
76 177 88
76 181 68
76 118 20
76 280 7
76 260 56
76 135 40
76 218 24
76 95 49
77 136 41
77 184 71
77 180 19
77 187 5
77 193 19
77 80 53
77 91 22
77 221 7
77 222 27
77 223 42
77 96 14
77 228 15
77 102 30
77 147 1
77 116 48
77 245 13
77 248 55
78 130 34
78 151 74
78 271 72
78 279 24
78 299 78
78 172 70
78 184 72
78 196 47
78 201 49
78 269 39
78 208 13
78 214 39
78 90 56
78 91 86
78 96 5
78 233 74
78 110 67
78 246 95
78 254 13
79 145 55
79 149 98
79 290 15
79 168 67
79 174 16
79 181 19
79 186 76
79 190 68
79 81 31
79 217 51
79 219 48
79 101 87
79 229 14
79 107 55
79 108 38
79 245 93
79 247 90
79 127 15
79 125 43
79 277 38
80 128 12
80 261 90
80 145 87
80 142 0
80 273 40
80 157 86
80 159 70
80 166 97
80 171 22
80 181 44
80 180 38
80 189 95
80 207 48
80 270 11
80 103 14
80 85 13
80 254 30
80 255 74
81 257 33
81 259 70
81 260 35
81 261 71
81 263 48
81 274 11
81 287 46
81 296 7
81 298 56
81 172 38
81 180 52
81 184 72
81 191 47
81 197 100
81 216 30
81 164 0
81 94 92
81 232 55
81 242 56
82 266 21
82 144 86
82 145 78
82 151 39
82 288 3
82 291 35
82 293 31
82 294 96
82 219 92
82 93 19
82 99 72
82 122 52
82 124 77
83 131 93
83 262 58
83 263 21
83 136 13
83 266 89
83 108 7
83 239 5
83 147 59
83 148 6
83 149 82
83 278 100
83 215 22
83 84 87
83 90 31
83 233 96
84 259 93
84 133 47
84 135 6
84 144 83
84 150 31
84 287 27
84 164 32
84 294 33
84 192 76
84 202 49
84 85 46
84 225 87
84 234 57
84 125 1
84 255 63
85 128 52
85 131 56
85 260 21
85 262 100
85 278 97
85 280 11
85 111 54
85 289 51
85 297 96
85 205 51
85 207 23
85 222 56
85 95 91
85 224 15
85 235 34
85 239 31
85 243 42
85 247 7
86 128 41
86 257 7
86 268 12
86 281 44
86 286 53
86 161 53
86 299 1
86 172 3
86 242 21
86 181 87
86 195 69
86 248 58
86 88 35
86 217 39
86 90 6
86 94 25
86 95 83
86 104 28
86 107 0
86 114 54
86 120 40
87 128 91
87 260 31
87 140 49
87 283 99
87 284 62
87 160 75
87 165 18
87 296 91
87 180 8
87 193 52
87 205 98
87 212 64
87 215 43
87 92 53
87 93 6
87 104 85
87 112 47
87 241 32
87 248 88
87 249 13
87 126 18
88 192 21
88 246 44
88 258 47
88 227 44
88 164 14
88 133 86
88 102 39
88 264 44
88 141 38
88 110 20
88 175 75
88 176 63
88 120 61
88 282 11
88 219 32
88 166 21
89 151 54
89 147 85
89 163 14
89 234 97
89 119 46
89 236 52
89 205 96
89 221 92
89 227 61
89 215 68
89 281 80
89 170 81
90 256 61
90 131 78
90 132 38
90 261 89
90 263 60
90 137 44
90 268 95
90 269 83
90 270 27
90 279 99
90 146 26
90 242 32
90 175 33
90 182 37
90 183 6
90 188 26
90 199 84
90 205 76
90 230 100
90 237 56
90 114 67
90 211 25
90 118 81
90 126 90
91 258 78
91 133 24
91 263 29
91 264 90
91 143 9
91 276 14
91 152 61
91 287 14
91 290 15
91 165 5
91 294 88
91 295 49
91 168 61
91 185 23
91 188 20
91 198 41
91 217 1
91 224 69
91 228 76
91 101 88
91 103 51
91 115 3
91 117 1
91 247 60
91 253 20
92 136 99
92 138 95
92 274 39
92 149 81
92 150 47
92 282 97
92 284 57
92 286 0
92 164 49
92 171 73
92 174 0
92 177 88
92 181 60
92 187 72
92 208 51
92 218 36
92 93 44
92 96 82
92 97 25
93 131 81
93 132 11
93 215 88
93 142 85
93 272 64
93 273 68
93 274 40
93 280 92
93 284 27
93 168 40
93 172 70
93 173 24
93 175 99
93 182 44
93 267 29
93 97 49
93 106 66
93 244 93
93 118 20
93 247 25
93 120 46
93 249 14
93 251 87
93 253 39
94 289 14
94 265 95
94 99 24
94 230 45
94 103 6
94 297 60
94 121 77
94 209 33
94 148 66
94 181 34
94 154 14
94 250 83
94 293 86
95 129 25
95 270 85
95 143 3
95 146 5
95 159 30
95 292 18
95 296 96
95 173 14
95 175 51
95 185 67
95 188 62
95 190 26
95 288 47
95 195 2
95 203 18
95 225 3
95 105 42
95 235 40
95 275 69
96 259 83
96 132 69
96 133 79
96 262 49
96 195 89
96 148 40
96 151 12
96 290 0
96 299 39
96 173 1
96 201 98
96 232 42
96 115 66
96 117 28
96 118 22
96 122 76
96 254 60
96 255 1
97 136 31
97 236 2
97 276 28
97 150 99
97 282 5
97 161 9
97 297 60
97 171 27
97 172 45
97 181 65
97 192 67
97 215 23
97 108 49
97 112 1
97 241 92
97 115 4
98 138 23
98 279 52
98 280 87
98 292 55
98 171 48
98 183 90
98 223 76
98 226 99
98 123 72
98 103 16
98 231 6
98 189 71
98 241 3
98 242 60
98 251 97
99 256 71
99 262 97
99 263 23
99 142 98
99 146 57
99 282 54
99 161 78
99 163 36
99 295 28
99 171 25
99 188 54
99 193 60
99 194 97
99 290 23
99 209 71
99 218 17
99 101 89
99 107 22
99 109 90
99 112 56
99 246 35
99 250 83
100 164 35
100 260 44
100 135 88
100 268 97
100 172 33
100 178 84
100 163 53
100 243 44
100 278 8
100 154 24
100 219 7
101 256 29
101 257 88
101 260 4
101 141 41
101 271 49
101 145 32
101 147 47
101 280 12
101 286 92
101 161 17
101 164 54
101 166 28
101 168 40
101 297 29
101 299 9
101 176 20
101 193 50
101 196 65
101 202 91
101 207 22
101 103 67
101 236 84
101 110 33
102 138 96
102 142 78
102 146 38
102 148 1
102 150 54
102 183 57
102 184 66
102 198 100
102 200 11
102 210 51
102 215 33
102 239 61
102 112 55
102 243 4
102 247 48
103 259 16
103 138 19
103 141 18
103 274 80
103 153 32
103 285 14
103 164 88
103 168 82
103 169 69
103 175 21
103 178 81
103 222 67
103 194 46
103 205 4
103 206 68
103 269 78
103 225 54
103 250 54
104 264 78
104 269 10
104 145 26
104 280 15
104 285 85
104 294 76
104 296 44
104 169 0
104 182 58
104 183 2
104 188 69
104 201 42
104 207 1
104 223 79
104 107 16
104 244 84
105 137 3
105 266 47
105 275 90
105 152 50
105 290 98
105 293 67
105 166 73
105 167 93
105 162 47
105 190 75
105 209 12
105 227 72
105 106 57
105 107 41
105 108 90
105 116 79
105 245 0
106 256 17
106 257 0
106 264 21
106 139 33
106 141 88
106 270 40
106 147 89
106 287 52
106 298 3
106 174 95
106 175 49
106 201 49
106 208 68
106 214 49
106 217 47
106 229 71
106 116 76
106 122 84
106 124 63
106 254 4
107 264 90
107 144 95
107 146 45
107 277 40
107 260 16
107 163 73
107 292 35
107 294 91
107 295 84
107 193 84
107 181 0
107 185 36
107 192 69
107 194 99
107 142 90
107 122 70
107 233 90
107 167 39
107 112 14
107 275 19
107 117 45
107 248 29
107 250 15
107 124 82
107 253 7
108 267 41
108 195 83
108 281 49
108 154 72
108 286 6
108 284 39
108 172 74
108 181 28
108 183 52
108 193 34
108 194 94
108 215 98
108 218 43
108 248 97
109 132 40
109 137 52
109 144 75
109 150 71
109 260 0
109 154 57
109 286 8
109 288 12
109 297 86
109 299 6
109 173 14
109 181 47
109 183 86
109 192 63
109 160 46
109 199 41
109 202 56
109 216 20
109 230 10
109 237 45
109 238 89
109 244 98
109 120 69
109 250 71
110 139 23
110 268 12
110 143 9
110 159 75
110 290 49
110 298 54
110 182 97
110 244 97
110 140 74
110 212 44
110 224 53
110 234 94
110 111 70
110 116 15
111 129 69
111 140 3
111 270 62
111 238 48
111 286 5
111 161 19
111 176 47
111 193 57
111 201 43
111 202 0
111 208 92
111 217 76
111 220 83
111 221 63
111 235 94
111 114 25
111 123 57
111 125 10
112 261 73
112 263 37
112 138 23
112 267 35
112 271 23
112 163 28
112 296 3
112 297 95
112 170 75
112 173 43
112 178 31
112 179 28
112 187 37
112 202 0
112 211 6
113 259 21
113 260 12
113 265 98
113 145 100
113 146 90
113 277 3
113 154 37
113 155 53
113 284 44
113 172 30
113 125 45
113 183 54
113 185 19
113 192 96
113 193 19
113 211 52
113 221 59
113 226 36
113 239 77
113 124 95
113 253 47
113 126 98
114 257 26
114 142 100
114 145 28
114 280 97
114 290 36
114 163 16
114 297 87
114 171 48
114 180 41
114 184 62
114 268 73
114 199 71
114 226 6
114 236 7
114 237 97
115 133 7
115 264 27
115 145 99
115 146 35
115 276 51
115 280 38
115 153 60
115 290 59
115 293 64
115 295 72
115 173 59
115 181 25
115 192 70
115 203 36
115 226 62
115 228 18
115 250 54
116 130 89
116 259 84
116 258 5
116 145 35
116 148 35
116 287 21
116 288 99
116 168 88
116 169 70
116 298 9
116 171 78
116 172 74
116 202 66
116 207 73
116 216 88
116 222 57
116 225 43
116 167 40
116 296 73
117 160 58
117 260 88
117 133 87
117 199 90
117 240 69
117 274 49
117 147 40
117 153 73
117 221 94
117 254 9
118 133 13
118 263 22
118 140 56
118 270 8
118 144 41
118 276 86
118 153 47
118 282 85
118 159 39
118 164 34
118 196 62
118 209 1
118 223 52
118 230 36
118 241 11
118 248 48
118 123 19
118 253 71
119 194 90
119 163 35
119 293 10
119 233 59
119 170 51
119 236 60
119 174 65
119 145 64
119 210 98
119 274 38
119 149 96
119 281 25
119 248 51
120 261 23
120 141 55
120 145 16
120 148 69
120 149 28
120 279 45
120 152 48
120 165 64
120 296 35
120 181 40
120 206 29
120 208 21
120 219 33
120 220 76
120 243 16
120 244 66
121 130 47
121 132 82
121 139 98
121 269 5
121 144 63
121 274 36
121 166 40
121 176 84
121 183 42
121 201 51
121 210 53
121 216 24
121 220 95
121 227 63
121 232 98
121 234 67
121 254 33
122 259 74
122 265 36
122 277 1
122 283 71
122 174 5
122 176 59
122 183 24
122 193 37
122 212 73
122 219 43
122 220 16
122 226 24
122 131 56
122 235 69
122 236 2
122 242 33
122 248 89
122 124 71
122 253 58
122 254 72
123 258 59
123 267 16
123 268 34
123 148 87
123 288 32
123 291 43
123 294 45
123 298 89
123 200 30
123 212 48
123 216 2
123 230 52
123 245 66
123 252 68
123 170 75
124 227 34
124 220 81
124 298 35
124 204 50
124 209 82
124 247 65
124 216 94
124 283 72
124 183 90
124 165 85
125 129 35
125 130 76
125 135 29
125 265 33
125 139 3
125 142 92
125 147 71
125 151 24
125 286 12
125 162 53
125 210 1
125 216 99
125 225 71
125 236 17
125 248 75
126 263 49
126 142 29
126 151 84
126 283 3
126 156 89
126 286 3
126 160 9
126 173 43
126 191 93
126 211 56
126 212 0
126 219 72
126 221 65
126 243 61
126 247 37
127 225 44
127 162 94
127 292 94
127 297 44
127 298 6
127 172 1
127 206 5
127 245 19
127 246 20
127 157 6
127 254 48
128 259 6
128 138 6
128 149 56
128 156 6
128 288 77
128 161 6
128 290 7
128 174 54
128 223 56
128 232 54
128 235 77
128 248 39
129 134 16
129 135 39
129 137 68
129 266 79
129 270 59
129 149 32
129 201 68
129 156 39
129 292 60
129 181 47
129 183 90
129 184 89
129 189 74
129 190 79
129 198 43
129 205 86
129 216 94
129 245 34
130 150 40
130 137 64
130 138 16
130 283 63
130 157 23
130 294 66
130 178 87
130 182 77
130 190 82
130 191 14
130 204 26
130 211 28
130 236 91
130 240 100
130 249 52
131 132 62
131 264 34
131 142 31
131 143 87
131 145 78
131 146 64
131 275 29
131 160 46
131 162 0
131 169 98
131 170 57
131 208 82
131 220 99
131 226 39
131 252 2
132 257 9
132 133 27
132 264 2
132 147 44
132 278 88
132 281 59
132 153 51
132 155 6
132 286 17
132 167 22
132 173 95
132 200 15
132 222 87
132 224 41
132 259 24
132 233 96
132 235 5
132 248 60
132 255 90
133 260 44
133 270 55
133 202 47
133 160 63
133 141 58
133 207 26
133 178 94
133 154 39
133 156 96
133 277 43
134 259 30
134 137 83
134 138 9
134 162 5
134 292 39
134 167 68
134 174 78
134 185 4
134 160 40
134 199 71
134 206 93
134 213 79
134 219 42
134 227 15
134 248 85
135 261 60
135 175 91
135 275 84
135 153 61
135 155 26
135 285 76
135 159 80
135 166 43
135 298 17
135 173 100
135 157 3
135 181 29
135 184 61
135 186 27
135 191 2
135 203 94
135 242 38
135 244 64
135 248 41
136 140 52
136 270 29
136 279 74
136 281 58
136 156 19
136 157 36
136 167 28
136 170 64
136 172 95
136 191 58
136 194 84
136 268 69
136 214 17
136 228 50
136 232 58
136 244 1
136 250 93
137 257 87
137 269 99
137 188 70
137 149 91
137 289 55
137 163 41
137 292 18
137 195 54
137 204 0
137 225 25
137 246 39
138 139 16
138 268 67
138 143 21
138 285 55
138 158 0
138 161 17
138 290 37
138 292 96
138 165 85
138 167 65
138 220 36
138 176 8
138 188 89
138 202 89
138 212 56
138 221 100
138 239 31
138 241 63
138 247 61
138 254 61
139 256 70
139 257 62
139 265 34
139 141 50
139 142 66
139 161 67
139 165 67
139 167 94
139 182 28
139 189 55
139 193 92
139 209 72
139 210 77
139 218 81
139 221 51
139 226 79
139 236 0
139 244 36
139 248 6
140 171 35
140 266 27
140 268 94
140 141 73
140 278 94
140 281 77
140 156 35
140 287 63
140 161 56
140 163 38
140 159 71
140 183 18
140 185 13
140 187 42
140 196 58
140 221 46
140 199 65
140 228 39
140 240 3
140 253 84
141 265 78
141 149 89
141 150 3
141 280 43
141 154 16
141 283 9
141 158 55
141 291 31
141 166 11
141 178 73
141 180 88
141 210 2
141 213 68
141 236 83
141 247 7
141 255 83
142 264 54
142 272 35
142 149 31
142 196 0
142 159 13
142 293 52
142 169 43
142 209 50
142 217 0
142 220 37
142 236 14
142 238 45
142 241 37
142 242 18
143 260 66
143 261 97
143 267 11
143 144 54
143 145 2
143 148 73
143 152 74
143 283 87
143 285 79
143 298 17
143 174 2
143 197 65
143 204 97
143 205 76
143 213 34
143 273 9
143 253 86
143 276 39
143 250 58
144 259 13
144 284 70
144 164 1
144 179 74
144 196 0
144 219 75
144 221 77
144 235 28
144 236 12
145 257 88
145 258 25
145 146 32
145 171 59
145 158 25
145 288 45
145 162 1
145 293 56
145 166 41
145 176 55
145 179 77
145 193 62
145 198 16
145 247 96
145 214 97
145 216 26
145 218 1
145 231 23
145 240 71
146 257 87
146 235 39
146 274 21
146 290 98
146 296 98
146 169 19
146 299 64
146 174 0
146 194 66
146 203 19
146 162 27
146 210 5
146 230 28
146 232 38
146 233 69
146 237 49
147 265 20
147 268 86
147 269 63
147 281 60
147 287 47
147 160 34
147 166 90
147 295 41
147 169 52
147 179 45
147 181 2
147 185 20
147 186 100
147 190 2
147 197 20
147 200 31
147 202 75
147 230 78
147 234 30
148 256 14
148 271 97
148 273 93
148 294 100
148 190 35
148 195 16
148 197 42
148 203 89
148 215 98
148 235 67
148 211 28
149 284 42
149 217 94
149 222 15
149 223 89
149 226 97
149 231 4
149 238 19
149 253 94
150 258 22
150 273 25
150 281 97
150 287 89
150 177 44
150 179 95
150 190 3
150 225 94
150 208 25
150 215 45
150 247 22
150 249 57
151 256 18
151 275 71
151 282 93
151 286 55
151 291 4
151 167 91
151 168 81
151 180 88
151 183 26
151 288 6
151 268 33
151 206 90
151 207 50
151 222 21
151 231 9
151 240 0
151 243 66
152 263 0
152 268 88
152 158 19
152 291 21
152 178 69
152 205 35
152 222 10
152 228 8
152 234 58
152 238 51
152 247 28
153 282 84
153 167 1
153 298 36
153 180 44
153 193 69
153 194 52
153 201 2
153 203 53
153 208 86
153 220 87
153 221 21
153 236 80
153 254 85
154 256 33
154 237 80
154 276 90
154 286 14
154 167 37
154 172 57
154 174 21
154 185 98
154 195 0
154 214 26
154 229 35
154 273 74
154 234 69
154 247 77
154 248 91
154 250 93
154 254 97
155 256 97
155 292 86
155 295 11
155 298 40
155 175 92
155 177 36
155 193 3
155 203 64
155 205 7
155 226 25
155 231 54
155 233 13
155 191 71
155 255 14
156 273 96
156 284 33
156 157 97
156 167 95
156 189 26
156 204 33
156 162 6
156 219 85
156 220 68
156 233 1
156 241 75
156 244 51
156 246 29
156 247 55
156 254 27
156 255 5
157 278 66
157 159 71
157 162 37
157 292 85
157 177 37
157 179 28
157 189 15
157 199 65
157 206 51
157 214 15
157 215 39
157 222 27
157 223 56
157 226 4
157 228 55
157 236 78
157 238 83
157 242 46
157 243 32
157 244 69
158 273 42
158 276 65
158 277 7
158 281 44
158 286 48
158 160 55
158 166 64
158 169 18
158 298 82
158 188 95
158 266 83
158 191 36
158 207 15
158 212 84
158 219 17
158 220 79
158 223 34
158 174 36
159 260 45
159 283 0
159 288 31
159 164 87
159 298 76
159 191 66
159 196 22
159 236 69
159 249 79
159 251 50
160 274 18
160 276 56
160 162 70
160 164 45
160 188 51
160 191 16
160 192 42
160 203 68
160 291 99
160 213 24
160 218 43
160 223 88
160 228 91
160 233 53
160 234 96
160 236 96
160 211 23
161 272 35
161 294 6
161 298 82
161 179 5
161 181 7
161 197 24
161 268 60
161 213 98
161 222 51
161 223 7
161 225 5
161 167 77
161 238 83
161 189 65
161 244 16
161 245 4
162 294 66
162 175 54
162 177 22
162 181 13
162 182 67
162 193 12
162 195 73
162 202 60
162 213 52
162 219 74
162 166 10
162 236 10
162 233 42
163 258 93
163 266 79
163 272 54
163 293 50
163 173 36
163 177 36
163 180 60
163 265 16
163 207 64
163 188 1
164 216 53
164 276 43
164 279 64
164 282 10
164 168 17
164 169 7
164 185 51
164 187 14
164 199 9
164 209 71
164 210 10
164 217 68
164 230 56
164 237 20
164 244 82
164 248 71
165 262 92
165 264 75
165 273 73
165 285 54
165 287 12
165 168 71
165 191 31
165 200 75
165 201 85
165 271 16
165 224 23
165 228 95
165 232 56
166 264 73
166 179 90
166 180 25
166 186 84
166 191 27
166 193 54
166 198 12
166 247 97
166 249 85
167 268 38
167 288 59
167 295 40
167 175 79
167 179 51
167 190 19
167 207 38
167 242 37
167 245 91
168 259 43
168 277 47
168 270 37
168 275 1
168 276 27
168 290 37
168 291 76
168 174 49
168 177 61
168 204 94
168 217 30
168 233 87
168 244 64
168 255 91
169 265 46
169 268 97
169 279 39
169 281 70
169 286 99
169 175 22
169 176 94
169 178 16
169 187 52
169 217 62
169 234 50
170 256 5
170 278 54
170 172 99
170 180 97
170 185 72
170 194 13
170 196 44
170 199 83
170 205 74
170 207 88
170 219 91
170 231 56
170 237 58
170 242 18
170 252 91
171 188 33
171 173 51
171 270 69
171 186 58
171 257 12
172 265 80
172 270 9
172 281 40
172 241 16
172 299 55
172 180 89
172 194 27
172 199 40
172 200 9
172 209 15
172 223 54
172 233 21
173 267 49
173 276 21
173 292 64
173 181 96
173 224 38
173 195 80
173 200 77
173 214 57
173 216 21
173 219 3
173 230 82
173 248 6
174 256 92
174 264 55
174 258 12
174 280 10
174 284 15
174 287 15
174 292 92
174 298 2
174 186 32
174 196 32
174 217 64
174 228 2
174 230 56
175 263 5
175 278 100
175 288 30
175 292 5
175 294 23
175 224 73
175 227 29
175 230 86
175 244 23
175 234 98
175 253 2
176 266 19
176 276 42
176 283 22
176 177 59
176 225 73
176 235 24
176 240 78
176 246 73
177 261 75
177 271 96
177 290 1
177 294 69
177 209 13
177 210 48
177 243 92
177 247 86
177 249 4
177 250 51
178 257 89
178 198 72
178 206 84
178 245 94
178 281 60
179 278 85
179 282 45
179 286 39
179 197 35
179 298 56
179 185 36
179 195 86
179 210 93
179 214 79
179 216 78
179 228 20
179 240 4
179 242 21
179 246 94
179 255 72
180 260 18
180 273 67
180 291 56
180 188 73
180 193 71
180 213 80
180 219 73
180 246 44
181 263 88
181 236 78
181 282 59
181 299 25
181 185 37
181 197 83
181 202 77
181 221 22
181 249 70
181 255 62
182 258 13
182 275 99
182 284 16
182 197 68
182 200 17
182 203 16
182 248 85
182 251 77
182 253 2
182 254 49
183 269 40
183 270 30
183 281 31
183 284 10
183 195 79
183 196 19
183 201 6
183 221 89
183 226 2
183 245 96
184 299 90
184 286 74
184 293 60
184 294 35
184 187 79
184 188 55
184 212 13
184 199 37
184 236 45
184 239 5
184 243 37
185 277 49
185 279 32
185 282 54
185 287 30
185 241 23
185 188 4
185 242 60
185 250 54
186 256 27
186 259 74
186 290 53
186 296 92
186 193 53
186 197 72
186 224 24
186 227 13
186 228 14
186 231 3
186 237 48
186 239 60
186 248 84
186 253 50
187 261 25
187 263 13
187 278 36
187 279 80
187 282 34
187 190 67
187 195 71
187 268 1
187 208 10
187 224 89
187 227 16
187 232 84
188 267 57
188 276 43
188 204 12
188 269 48
188 220 41
188 223 90
188 246 38
188 250 30
189 257 41
189 235 90
189 206 46
189 210 12
189 214 27
189 248 49
189 281 69
189 283 54
189 190 32
190 257 72
190 296 26
190 219 29
190 204 24
190 216 30
190 207 5
190 221 28
190 232 49
191 266 87
191 294 55
191 298 85
191 202 68
191 269 93
191 223 9
191 231 84
192 292 52
192 264 93
192 272 62
192 222 2
192 196 99
193 271 97
193 289 88
193 199 63
193 215 8
194 280 20
194 290 18
194 294 13
194 295 96
194 198 46
194 247 76
194 216 22
194 221 11
194 222 28
194 236 33
194 241 17
194 248 36
195 259 1
195 264 53
195 269 61
195 271 14
195 199 97
195 200 77
195 213 63
195 217 42
195 220 10
196 285 96
196 287 97
196 208 43
196 220 84
196 221 28
196 243 91
196 247 78
196 252 23
197 259 77
197 285 54
197 287 7
197 201 57
197 204 93
197 227 90
197 247 14
197 251 79
198 261 32
198 281 12
198 292 54
198 294 98
198 299 95
198 203 77
198 207 63
198 212 69
198 218 49
198 220 46
198 263 34
198 243 53
198 250 17
198 252 76
198 253 47
199 282 69
199 201 0
199 202 62
199 205 5
199 208 26
199 211 44
199 223 74
199 240 8
199 241 87
200 264 2
200 268 93
200 271 90
200 201 95
200 217 1
200 251 73
200 239 80
201 259 84
201 261 24
201 268 26
201 275 43
201 292 17
201 215 75
201 226 62
201 230 65
202 276 64
202 203 38
202 208 16
202 252 89
203 267 26
203 273 12
203 274 67
203 279 38
203 205 42
203 218 74
203 225 65
203 227 47
203 244 43
203 252 7
204 259 93
204 283 42
204 286 47
204 295 13
204 289 5
204 212 61
204 222 15
204 247 81
205 263 83
205 272 57
205 279 84
205 292 44
205 213 34
205 219 81
205 255 67
206 224 3
206 290 34
206 234 41
206 232 38
206 249 28
206 283 11
206 221 62
206 286 96
207 257 85
207 260 16
207 282 96
207 296 52
207 215 16
208 290 52
208 230 47
208 237 31
208 254 98
209 263 32
209 274 72
209 277 3
209 283 75
209 287 75
209 247 86
209 211 94
209 222 28
209 233 54
209 254 8
210 293 92
210 297 49
210 238 43
210 253 52
210 241 91
210 247 59
210 252 76
211 266 55
211 271 23
211 274 10
211 282 81
211 295 54
211 239 9
211 242 86
211 249 25
211 253 70
211 254 20
212 258 19
212 295 30
212 236 33
213 279 75
213 262 94
213 223 100
213 231 89
213 234 3
213 239 37
213 243 88
213 254 59
213 255 35
214 260 33
214 269 90
214 294 95
214 298 7
214 215 6
214 225 17
214 227 55
214 235 34
214 239 77
214 253 97
215 265 24
215 273 98
215 279 2
215 286 41
215 252 19
216 257 3
216 259 56
216 288 36
216 295 16
216 263 55
216 226 41
216 245 38
217 269 54
217 275 61
217 247 80
217 218 6
217 225 40
217 251 59
217 255 79
218 287 73
218 295 82
218 268 57
218 220 63
218 223 76
218 224 51
218 231 3
218 238 19
218 242 5
219 258 67
219 265 77
219 277 97
219 279 27
219 242 10
220 263 7
220 231 34
220 247 54
221 257 12
221 259 29
221 261 39
221 235 15
221 250 14
221 253 64
222 257 65
222 258 27
222 273 41
222 284 17
222 298 93
222 267 52
222 268 1
222 226 41
222 239 65
222 244 23
222 249 14
222 254 78
223 267 87
223 285 20
223 299 59
223 286 6
223 237 24
223 247 34
223 248 92
223 255 78
224 256 11
224 270 68
224 272 39
224 279 59
224 283 58
224 299 92
224 226 20
224 228 26
224 245 45
225 269 85
225 273 15
225 235 50
225 240 3
225 241 74
226 265 77
226 273 73
226 276 10
226 280 30
226 285 48
226 287 13
226 249 49
226 264 65
227 257 2
227 268 43
227 282 92
227 286 45
227 287 24
227 291 69
227 298 59
227 299 74
228 262 87
228 272 29
228 281 1
228 296 78
228 268 54
229 253 42
229 260 32
229 244 84
229 230 49
229 299 43
229 275 96
229 245 55
229 283 50
229 282 39
229 254 43
230 259 15
230 284 36
230 286 1
230 232 65
230 238 42
230 245 44
230 255 22
231 256 74
231 258 36
231 270 53
231 285 77
231 243 12
231 246 77
231 254 71
232 256 3
232 263 46
232 268 76
232 271 71
232 290 95
232 264 95
232 244 22
232 246 20
232 251 62
233 256 16
233 259 59
233 262 67
233 265 79
233 269 45
233 271 83
233 275 95
233 246 66
234 274 13
234 244 44
234 283 65
234 267 49
235 271 79
235 276 55
235 277 77
235 288 79
235 238 20
236 277 67
236 284 32
236 292 59
236 294 76
236 299 52
236 288 88
236 240 93
237 266 29
237 275 87
237 281 27
238 257 63
238 280 81
238 292 48
238 243 15
238 250 42
239 268 99
239 285 4
239 292 20
239 249 5
240 270 12
240 266 67
240 253 63
240 272 44
240 296 0
240 285 76
241 259 21
241 273 3
241 278 14
241 279 19
241 250 75
241 252 59
241 254 75
242 257 89
242 263 32
242 295 34
242 298 67
243 262 65
243 294 35
243 264 3
243 270 87
243 271 91
244 264 74
244 293 66
244 267 93
244 246 27
244 247 82
244 253 21
245 274 78
245 288 55
245 247 95
245 298 33
246 260 79
246 265 19
246 269 75
246 282 70
246 298 48
247 258 0
247 277 26
247 282 64
247 288 80
247 291 29
247 249 84
248 261 8
248 285 60
248 293 91
249 270 67
249 273 36
249 275 27
249 290 92
249 255 6
250 280 60
250 294 47
250 299 94
250 251 0
251 256 91
251 263 79
251 297 22
251 287 19
251 277 32
252 260 67
252 262 57
252 264 42
252 266 3
252 270 9
252 259 53
252 280 55
252 284 18
253 261 29
253 263 6
253 282 6
254 269 6
254 276 51
254 278 28
254 290 67
255 264 73
255 274 51
255 293 29
256 260 3
256 277 48
256 294 37
257 299 75
257 260 4
257 287 14
257 273 20
258 277 51
258 281 25
258 285 18
258 293 17
258 298 47
258 289 100
259 282 4
259 295 31
259 296 79
260 264 91
260 270 14
260 292 9
261 265 78
261 266 98
261 275 48
261 285 92
262 266 60
262 268 74
262 270 68
262 273 11
262 287 18
263 270 28
263 275 48
263 283 19
263 293 39
263 295 21
264 268 36
264 280 41
264 297 50
264 293 35
265 280 29
265 288 24
265 289 95
266 272 69
267 273 50
267 277 82
267 279 43
267 281 55
267 286 33
267 287 31
267 283 87
268 274 26
268 287 61
268 292 56
269 297 95
269 275 79
270 271 89
270 288 51
270 289 16
271 274 35
271 290 86
271 272 99
271 276 94
272 274 49
272 287 99
273 293 85
274 283 16
275 296 52
277 280 57
277 286 22
277 287 12
279 282 38
279 283 43
279 292 60
281 284 38
282 286 69
282 291 49
282 299 60
283 289 61
284 285 31
284 290 4
284 296 44
285 291 94
286 295 36
287 294 66
288 293 22
289 292 56
292 298 1
295 299 94
