300 4000
0 5 43
0 10 18
0 140 25
0 14 84
0 110 83
0 281 77
0 27 43
0 156 73
0 33 6
0 38 1
0 172 8
0 174 70
0 181 67
0 54 31
0 189 81
0 76 48
0 79 22
0 213 62
0 86 73
0 90 99
0 91 54
0 222 0
0 229 9
0 231 49
0 106 77
0 109 92
0 238 8
0 241 58
0 116 59
0 118 93
1 149 89
1 229 70
1 134 51
1 7 3
1 9 4
1 266 45
1 203 19
1 108 5
1 270 1
1 79 21
1 124 13
1 244 49
1 174 90
1 150 95
1 119 26
1 293 63
1 239 28
1 21 4
1 285 9
1 95 74
2 290 35
2 259 39
2 260 66
2 133 81
2 102 61
2 7 36
2 275 76
2 201 26
2 119 90
2 98 42
2 273 25
2 211 9
2 94 78
2 183 76
2 267 98
2 68 26
2 233 72
2 92 48
2 62 91
2 245 86
3 260 62
3 7 54
3 142 76
3 276 81
3 277 12
3 279 22
3 24 81
3 156 62
3 162 66
3 39 46
3 284 80
3 172 26
3 173 54
3 52 82
3 61 28
3 62 73
3 69 37
3 200 26
3 80 58
3 209 20
3 85 22
3 222 54
3 96 68
3 111 22
3 250 70
3 251 84
4 256 22
4 14 81
4 17 55
4 19 94
4 149 76
4 151 87
4 155 42
4 31 13
4 290 44
4 219 14
4 294 8
4 49 62
4 58 17
4 202 73
4 74 13
4 204 79
4 205 52
4 206 57
4 213 50
4 87 83
4 217 13
4 91 23
4 224 66
4 145 83
4 233 40
4 236 67
4 240 28
4 114 88
4 250 87
5 161 88
5 162 84
5 68 40
5 197 72
5 289 16
5 200 58
5 188 43
5 42 82
5 258 86
5 174 82
5 280 55
5 261 75
5 249 0
5 88 77
5 260 85
5 33 98
5 124 74
5 63 53
6 160 12
6 259 53
6 36 87
6 262 93
6 227 71
6 220 49
6 12 86
6 46 14
6 47 12
6 113 74
6 131 95
6 213 81
6 246 51
6 151 87
6 248 31
6 92 9
6 30 15
6 255 17
7 264 57
7 265 6
7 142 62
7 145 61
7 46 3
7 292 5
7 37 37
7 169 35
7 171 75
7 174 41
7 175 77
7 8 89
7 182 32
7 55 87
7 185 35
7 186 97
7 62 24
7 191 48
7 193 14
7 198 64
7 74 54
7 219 97
7 222 22
7 101 76
7 17 9
7 104 54
7 237 95
7 241 43
7 246 70
7 120 17
7 250 68
7 253 63
7 255 90
8 130 24
8 259 25
8 12 89
8 270 10
8 15 7
8 144 3
8 146 61
8 147 8
8 25 1
8 283 32
8 286 19
8 155 15
8 292 96
8 47 67
8 176 94
8 180 11
8 184 61
8 60 90
8 224 55
8 71 79
8 76 79
8 78 90
8 207 78
8 35 34
8 86 12
8 96 95
8 227 82
8 235 79
8 248 27
8 126 99
8 127 15
9 260 90
9 278 4
9 257 69
9 267 9
9 268 77
9 269 17
9 270 81
9 277 41
9 150 62
9 24 5
9 29 8
9 286 6
9 160 74
9 40 17
9 171 21
9 221 19
9 181 64
9 194 8
9 67 92
9 68 33
9 85 2
9 88 41
9 89 45
9 93 52
9 99 37
9 125 3
9 244 65
9 249 68
9 253 26
9 254 77
10 259 88
10 262 65
10 135 72
10 266 78
10 279 48
10 173 48
10 16 63
10 147 10
10 276 56
10 151 80
10 26 38
10 283 47
10 28 78
10 31 80
10 32 22
10 294 84
10 295 1
10 168 28
10 169 89
10 172 62
10 45 28
10 284 78
10 177 83
10 183 54
10 60 89
10 190 65
10 214 61
10 217 59
10 218 23
10 93 17
10 100 66
10 102 45
10 109 58
10 112 11
10 248 74
10 126 90
11 129 55
11 263 81
11 136 41
11 13 52
11 275 43
11 277 20
11 25 97
11 285 82
11 32 46
11 34 32
11 164 0
11 293 93
11 298 21
11 44 6
11 55 23
11 191 24
11 65 80
11 216 25
11 36 4
11 93 26
11 107 25
11 239 31
12 130 60
12 139 53
12 268 12
12 269 56
12 14 83
12 16 98
12 149 19
12 280 44
12 26 92
12 31 41
12 288 17
12 161 80
12 35 83
12 262 61
12 42 60
12 221 20
12 55 51
12 189 44
12 192 1
12 118 33
12 78 1
12 80 55
12 83 18
12 87 39
12 91 76
12 93 22
12 99 45
12 229 18
12 235 39
12 239 73
12 242 85
12 115 93
12 245 65
12 246 34
12 254 99
13 150 28
13 266 74
13 268 47
13 142 65
13 271 6
13 278 21
13 24 48
13 289 46
13 162 59
13 297 41
13 48 79
13 51 57
13 58 32
13 59 38
13 196 33
13 246 5
13 161 23
13 78 76
13 85 80
13 220 51
13 221 8
13 102 62
13 118 82
13 120 20
14 136 15
14 15 35
14 272 54
14 148 90
14 23 72
14 260 33
14 296 88
14 297 60
14 177 33
14 58 95
14 187 76
14 67 72
14 71 64
14 205 90
14 211 38
14 90 73
14 220 27
14 221 34
14 222 15
14 96 20
14 225 32
14 100 37
14 104 25
14 111 98
14 241 13
14 153 67
14 126 46
15 266 11
15 273 78
15 20 88
15 284 34
15 286 25
15 287 66
15 289 89
15 41 23
15 43 13
15 175 67
15 264 24
15 187 58
15 71 2
15 80 57
15 85 33
15 214 73
15 218 34
15 93 10
15 95 80
15 98 90
15 103 74
15 106 47
15 248 87
15 255 82
16 261 90
16 137 52
16 147 42
16 152 52
16 285 16
16 159 72
16 163 43
16 169 47
16 44 76
16 60 53
16 190 3
16 66 12
16 200 57
16 208 18
16 86 74
16 216 65
16 98 35
16 102 26
16 105 37
16 109 42
16 275 73
16 251 77
17 258 45
17 134 100
17 136 69
17 143 44
17 19 53
17 150 24
17 279 30
17 152 49
17 282 17
17 284 51
17 154 8
17 287 31
17 91 73
17 165 30
17 296 41
17 220 20
17 170 67
17 173 34
17 55 66
17 59 26
17 73 69
17 271 100
17 212 46
17 86 57
17 219 78
17 92 20
17 221 34
17 223 13
17 224 95
17 227 82
17 230 32
17 107 38
17 243 99
17 120 10
17 121 62
18 160 14
18 66 75
18 163 90
18 196 26
18 182 11
18 70 47
18 212 73
18 139 51
18 142 30
18 209 15
18 114 53
18 115 28
18 116 77
18 21 4
18 22 95
18 279 25
18 185 85
18 218 5
18 283 12
18 252 28
18 186 66
19 129 19
19 280 84
19 290 47
19 35 29
19 165 64
19 169 100
19 298 85
19 46 56
19 61 40
19 190 75
19 197 70
19 76 82
19 204 37
19 212 43
19 218 74
19 95 43
19 228 38
19 232 92
19 236 53
19 125 51
19 254 36
20 259 50
20 142 48
20 273 28
20 157 29
20 158 83
20 41 7
20 298 44
20 172 18
20 45 8
20 285 8
20 48 70
20 184 85
20 190 18
20 67 51
20 68 98
20 202 51
20 203 32
20 77 94
20 82 31
20 85 74
20 222 8
20 104 75
20 234 38
20 109 86
20 238 92
20 115 89
20 245 10
21 128 50
21 131 16
21 142 31
21 145 97
21 275 69
21 276 8
21 22 27
21 154 46
21 27 69
21 31 24
21 174 12
21 181 57
21 64 47
21 198 38
21 202 34
21 206 58
21 212 86
21 216 96
21 217 11
21 222 98
21 225 63
21 105 79
21 237 32
21 117 97
21 249 13
21 251 89
21 252 35
21 254 84
22 257 73
22 43 97
22 141 43
22 145 1
22 277 19
22 23 65
22 159 9
22 32 65
22 291 37
22 166 77
22 295 6
22 299 65
22 173 28
22 174 48
22 49 20
22 57 17
22 287 41
22 191 9
22 192 87
22 195 43
22 73 37
22 77 84
22 207 83
22 217 49
22 98 90
22 234 81
22 46 76
22 249 62
22 123 14
23 288 0
23 289 44
23 142 90
23 37 97
23 211 77
23 167 32
23 297 30
23 71 98
23 192 18
23 175 70
23 273 35
23 179 42
23 212 10
23 149 91
23 86 79
23 88 37
23 188 55
23 122 98
23 53 53
24 257 23
24 261 75
24 134 50
24 148 90
24 281 21
24 282 88
24 31 60
24 160 26
24 38 59
24 295 1
24 174 45
24 176 96
24 181 65
24 56 95
24 58 54
24 194 18
24 195 66
24 198 15
24 201 94
24 209 55
24 212 58
24 94 86
24 96 82
24 230 42
24 238 5
24 124 16
24 125 42
25 131 44
25 140 97
25 271 13
25 30 19
25 287 19
25 288 91
25 161 99
25 41 65
25 171 35
25 172 91
25 174 53
25 49 2
25 52 65
25 68 68
25 289 94
25 205 51
25 206 45
25 213 54
25 215 85
25 143 48
25 199 76
25 97 78
25 103 49
25 112 100
25 136 78
25 127 91
26 149 85
26 115 81
26 228 5
26 39 85
26 119 35
26 139 53
26 174 24
26 80 31
26 179 84
26 57 76
26 246 74
26 235 86
26 280 88
26 153 65
26 155 9
26 156 55
26 183 46
26 254 31
26 63 20
27 128 75
27 257 91
27 264 85
27 141 71
27 271 61
27 145 44
27 146 98
27 151 51
27 153 25
27 282 21
27 28 78
27 33 57
27 290 74
27 39 65
27 180 77
27 58 58
27 68 7
27 200 13
27 204 87
27 83 42
27 105 21
27 106 29
27 237 39
27 249 64
27 251 87
27 253 85
27 149 4
28 226 35
28 260 1
28 54 16
28 137 66
28 61 27
28 237 86
28 111 4
28 173 63
28 179 0
28 116 95
28 89 13
28 247 86
28 88 63
28 153 22
28 285 81
28 126 51
28 95 27
29 133 39
29 264 67
29 151 13
29 152 79
29 34 51
29 163 47
29 298 61
29 178 89
29 181 46
29 190 65
29 195 89
29 206 33
29 86 87
29 90 2
29 93 56
29 100 22
29 234 59
29 108 24
29 237 53
29 110 89
29 242 54
29 244 66
29 245 49
29 119 92
29 248 91
30 256 2
30 268 62
30 152 8
30 156 88
30 286 82
30 287 39
30 288 88
30 296 55
30 52 8
30 182 75
30 60 15
30 62 60
30 71 35
30 75 24
30 76 94
30 83 5
30 215 18
30 93 14
30 222 50
30 97 71
30 227 17
30 101 2
30 231 80
30 243 26
30 117 46
30 247 79
30 120 11
30 253 68
31 130 92
31 259 16
31 263 36
31 139 10
31 280 5
31 278 20
31 151 35
31 284 63
31 158 38
31 159 45
31 41 49
31 53 49
31 286 80
31 183 95
31 189 15
31 63 57
31 74 25
31 76 17
31 205 16
31 207 77
31 209 29
31 152 52
31 92 32
31 236 98
31 241 42
32 150 31
32 264 0
32 217 57
32 165 56
32 38 48
32 297 75
32 42 47
32 180 45
32 182 49
32 55 52
32 63 75
32 71 66
32 210 11
32 89 80
32 223 70
32 228 51
32 101 54
32 231 40
32 238 89
32 111 65
32 244 12
32 248 25
32 122 48
32 298 89
33 262 31
33 135 52
33 280 73
33 157 37
33 299 31
33 173 64
33 181 24
33 57 50
33 58 45
33 61 32
33 204 3
33 213 25
33 219 65
33 229 97
33 98 3
33 101 99
33 231 48
33 233 81
33 107 67
33 108 98
33 112 8
33 248 49
33 250 86
33 123 96
34 259 12
34 132 40
34 139 11
34 149 71
34 35 83
34 166 42
34 41 7
34 298 83
34 182 8
34 183 16
34 87 61
34 187 33
34 62 46
34 72 50
34 73 96
34 78 12
34 215 18
34 221 83
34 98 100
34 114 53
34 118 13
34 121 83
34 252 71
35 131 14
35 270 51
35 158 89
35 39 59
35 299 70
35 44 71
35 50 3
35 54 9
35 189 40
35 62 61
35 192 59
35 195 6
35 203 55
35 205 13
35 206 49
35 82 50
35 89 52
35 90 92
35 226 78
35 99 82
35 231 26
35 232 6
35 107 77
35 254 62
36 258 1
36 132 72
36 265 35
36 143 63
36 272 20
36 275 38
36 277 35
36 280 35
36 284 79
36 289 1
36 290 68
36 164 93
36 171 46
36 177 88
36 191 61
36 204 28
36 209 32
36 82 83
36 217 7
36 218 46
36 223 44
36 235 34
36 236 34
36 114 68
36 115 85
36 116 10
36 249 18
36 127 77
37 132 76
37 265 83
37 155 91
37 156 3
37 171 38
37 48 17
37 49 20
37 50 47
37 55 89
37 187 5
37 188 47
37 199 57
37 206 20
37 219 99
37 92 68
37 230 29
37 231 86
37 114 11
37 249 77
37 122 57
38 130 24
38 131 94
38 261 43
38 266 50
38 140 2
38 281 5
38 289 54
38 39 98
38 296 58
38 42 47
38 176 81
38 181 86
38 190 33
38 197 27
38 203 19
38 126 100
38 78 12
38 83 4
38 222 63
38 227 13
38 228 85
38 106 63
38 245 55
38 248 42
38 254 55
39 132 16
39 271 8
39 276 90
39 284 12
39 42 98
39 172 46
39 48 53
39 155 68
39 62 40
39 193 70
39 74 21
39 204 63
39 78 71
39 163 28
39 222 9
39 224 75
39 97 65
39 235 66
39 111 66
39 250 19
39 124 55
40 65 15
40 99 70
40 229 29
40 49 39
40 264 75
40 106 41
40 103 62
40 141 81
40 80 42
40 145 2
40 82 54
40 193 45
40 148 86
40 86 15
40 233 36
40 216 52
40 84 89
40 163 56
40 92 0
40 133 54
41 131 93
41 147 8
41 154 35
41 284 92
41 158 21
41 166 62
41 170 4
41 176 85
41 183 8
41 67 46
41 71 96
41 208 67
41 210 51
41 85 46
41 215 26
41 89 15
41 218 80
41 229 88
41 102 58
41 241 80
41 119 82
41 121 33
42 256 85
42 83 81
42 147 34
42 70 3
42 268 53
42 224 81
42 77 92
42 269 79
42 240 6
42 51 50
42 116 52
42 214 64
42 249 84
42 58 94
42 101 92
43 138 69
43 142 59
43 145 47
43 153 77
43 164 72
43 63 68
43 193 92
43 200 61
43 206 22
43 120 30
43 212 80
43 90 20
43 92 31
43 93 7
43 223 79
43 104 89
43 106 25
43 236 75
43 239 58
43 113 70
43 117 97
43 248 57
43 250 74
44 261 44
44 154 18
44 158 57
44 167 20
44 49 8
44 178 100
44 56 83
44 186 58
44 65 57
44 68 94
44 74 92
44 76 55
44 206 10
44 219 8
44 92 1
44 93 32
44 96 57
44 97 27
44 227 39
44 102 95
44 108 87
44 110 69
44 118 74
45 131 67
45 229 20
45 71 3
45 296 99
45 235 13
45 236 70
45 61 52
45 78 25
45 239 57
45 50 25
45 67 52
45 122 44
45 170 96
45 202 1
45 282 63
45 155 22
45 157 31
45 149 57
46 128 26
46 130 6
46 141 70
46 150 68
46 152 15
46 162 82
46 292 34
46 167 55
46 171 38
46 47 43
46 52 4
46 65 27
46 66 61
46 205 75
46 213 43
46 216 80
46 91 10
46 135 84
46 96 37
46 231 98
46 105 63
46 116 98
47 256 58
47 134 65
47 138 8
47 275 66
47 285 77
47 158 10
47 287 92
47 289 32
47 298 5
47 171 47
47 173 56
47 50 48
47 179 53
47 188 97
47 200 49
47 211 4
47 86 74
47 215 4
47 217 39
47 218 38
47 219 60
47 165 4
47 227 15
47 235 66
47 239 26
47 241 19
47 115 60
47 116 25
47 250 76
48 256 4
48 262 69
48 142 90
48 273 18
48 276 56
48 152 43
48 281 77
48 155 67
48 284 42
48 294 31
48 167 0
48 172 45
48 53 33
48 182 38
48 190 84
48 181 22
48 197 63
48 75 29
48 204 46
48 208 73
48 87 100
48 227 68
48 237 39
48 241 12
48 126 58
49 129 25
49 130 88
49 67 4
49 150 47
49 282 86
49 295 99
49 53 87
49 62 33
49 75 92
49 200 45
49 73 50
49 203 23
49 76 72
49 207 26
49 209 69
49 214 17
49 81 48
49 106 61
49 108 5
49 238 9
50 129 84
50 261 49
50 269 85
50 275 17
50 152 57
50 285 79
50 299 65
50 52 34
50 67 85
50 73 31
50 75 41
50 80 13
50 210 56
50 212 45
50 85 30
50 221 42
50 165 11
50 157 6
50 245 41
50 118 66
50 248 5
50 254 13
50 255 84
51 129 11
51 130 60
51 131 21
51 135 70
51 136 87
51 137 74
51 138 13
51 273 62
51 274 61
51 149 7
51 292 61
51 174 78
51 180 25
51 100 52
51 196 27
51 202 62
51 208 61
51 85 79
51 86 76
51 87 66
51 217 97
51 218 98
51 224 86
51 228 42
51 109 51
51 238 64
51 240 45
51 250 56
51 253 58
51 277 55
52 128 34
52 258 93
52 133 84
52 134 19
52 264 67
52 273 58
52 146 56
52 278 47
52 283 47
52 160 64
52 166 46
52 297 24
52 136 28
52 180 31
52 56 75
52 187 14
52 189 15
52 75 56
52 211 26
52 217 60
52 230 18
52 109 52
52 240 85
52 249 69
52 124 63
52 125 36
53 257 7
53 262 62
53 264 40
53 268 43
53 158 31
53 271 58
53 145 55
53 278 74
53 155 11
53 286 68
53 167 89
53 181 62
53 54 81
53 64 89
53 69 100
53 72 65
53 77 32
53 206 77
53 209 39
53 216 87
53 220 62
53 223 9
53 97 66
54 134 17
54 137 56
54 145 78
54 146 100
54 147 93
54 277 27
54 284 83
54 161 59
54 290 98
54 296 67
54 177 14
54 178 32
54 179 34
54 70 52
54 200 79
54 78 4
54 82 83
54 84 4
54 214 86
54 225 74
54 112 27
55 133 85
55 134 22
55 140 85
55 277 35
55 279 87
55 155 5
55 214 62
55 173 95
55 177 3
55 186 100
55 195 69
55 83 39
55 86 5
55 87 21
55 216 98
55 89 92
55 219 60
55 93 86
55 94 100
55 229 49
55 108 40
55 237 12
55 110 22
55 242 13
55 118 16
55 123 96
56 224 94
56 161 39
56 258 78
56 91 7
56 261 88
56 70 54
56 230 87
56 178 13
56 143 81
56 237 10
56 109 33
56 176 71
56 242 93
56 116 67
56 150 59
56 100 98
56 223 62
56 63 98
57 257 96
57 258 81
57 261 17
57 139 42
57 146 21
57 279 50
57 291 23
57 165 6
57 295 20
57 204 44
57 76 74
57 205 9
57 212 52
57 91 100
57 92 0
57 93 34
57 232 55
57 107 47
57 236 100
57 248 17
57 254 98
58 129 51
58 262 20
58 136 16
58 141 41
58 276 27
58 287 61
58 171 88
58 186 97
58 76 18
58 205 62
58 212 30
58 109 61
58 113 5
58 115 14
58 124 79
58 254 43
59 256 62
59 132 62
59 261 50
59 262 32
59 140 89
59 143 83
59 146 13
59 154 20
59 157 69
59 163 57
59 167 7
59 168 39
59 180 3
59 190 20
59 67 2
59 70 25
59 79 37
59 210 44
59 225 26
59 228 75
59 232 5
59 240 87
59 124 87
59 126 47
60 129 69
60 270 10
60 145 1
60 151 74
60 287 21
60 163 26
60 266 92
60 67 66
60 198 83
60 199 63
60 78 4
60 79 12
60 81 89
60 83 87
60 221 34
60 223 55
60 226 94
60 104 14
60 252 24
60 239 79
60 124 51
61 129 38
61 135 28
61 267 87
61 272 47
61 273 40
61 150 91
61 152 33
61 158 2
61 159 32
61 72 67
61 204 60
61 78 1
61 80 22
61 212 92
61 206 100
61 86 74
61 88 22
61 220 83
61 227 4
61 229 19
61 234 21
61 113 87
61 244 95
61 122 0
61 253 92
61 254 19
62 262 77
62 135 7
62 141 73
62 155 50
62 160 75
62 297 72
62 187 36
62 189 60
62 65 41
62 210 20
62 212 6
62 220 13
62 222 10
62 98 0
62 104 53
62 245 67
62 118 80
62 125 99
63 258 10
63 259 84
63 260 32
63 150 78
63 281 5
63 156 68
63 170 45
63 179 44
63 185 68
63 68 54
63 70 70
63 74 62
63 88 30
63 92 17
63 103 8
63 234 88
63 237 15
63 118 33
64 214 13
64 66 50
64 260 22
64 101 25
64 262 77
64 298 72
64 137 81
64 202 45
64 207 0
64 176 78
64 242 6
64 83 61
64 246 93
64 88 53
64 249 24
64 187 17
64 189 63
64 126 79
65 273 91
65 108 36
65 88 42
65 180 97
65 174 3
65 137 67
65 218 57
65 124 23
65 94 45
65 222 71
65 223 15
66 261 76
66 264 75
66 137 37
66 141 72
66 142 64
66 148 83
66 149 10
66 152 52
66 281 40
66 157 97
66 133 13
66 292 5
66 170 57
66 171 61
66 175 85
66 182 90
66 76 68
66 208 69
66 224 50
66 225 92
66 240 40
66 242 57
66 115 68
66 276 39
66 123 80
66 125 73
67 131 6
67 260 23
67 138 52
67 145 12
67 280 59
67 155 0
67 157 46
67 293 66
67 177 30
67 169 25
67 171 32
67 200 15
67 186 37
67 266 59
67 190 30
67 72 84
67 79 77
67 81 25
67 83 75
67 215 78
67 207 89
67 92 23
67 105 51
67 121 69
67 251 79
67 127 69
68 277 49
68 282 95
68 285 17
68 161 28
68 164 1
68 176 18
68 196 9
68 197 30
68 208 64
68 83 95
68 215 40
68 88 20
68 94 88
68 101 46
68 240 39
68 242 37
68 248 40
68 124 70
68 149 72
69 240 83
69 197 0
69 205 57
69 203 57
69 140 54
69 173 37
69 239 27
69 144 53
69 242 27
69 83 29
69 285 11
69 245 1
69 278 9
69 152 25
69 186 26
69 283 72
69 252 39
69 125 3
69 159 82
70 261 25
70 263 41
70 266 80
70 140 80
70 269 58
70 275 31
70 151 83
70 168 66
70 180 66
70 197 33
70 74 36
70 206 18
70 90 14
70 226 99
70 231 99
70 232 40
70 105 63
70 242 56
70 244 35
70 118 36
71 261 47
71 157 61
71 159 71
71 160 25
71 162 59
71 176 88
71 177 20
71 188 2
71 189 9
71 270 98
71 220 59
71 226 54
71 102 48
71 109 68
71 247 75
71 252 34
71 253 42
71 254 97
72 97 3
72 105 29
72 194 75
72 265 16
72 172 31
72 126 12
72 296 43
72 114 39
72 84 3
72 278 9
72 151 30
72 91 71
72 158 50
72 287 100
73 128 89
73 260 25
73 148 71
73 277 85
73 151 48
73 282 11
73 172 16
73 175 90
73 181 49
73 182 85
73 74 18
73 162 84
73 207 87
73 208 47
73 90 52
73 80 76
73 235 46
73 236 77
73 110 97
73 117 6
73 252 14
73 149 79
74 256 94
74 266 80
74 267 5
74 272 55
74 284 33
74 162 46
74 168 65
74 180 19
74 186 47
74 188 60
74 195 32
74 196 10
74 75 3
74 78 10
74 85 17
74 86 8
74 224 99
74 103 68
74 232 50
74 167 37
74 237 47
74 110 11
74 239 28
74 251 40
75 130 27
75 261 64
75 134 23
75 271 63
75 281 38
75 157 30
75 294 83
75 167 42
75 298 72
75 116 21
75 187 2
75 189 84
75 190 80
75 194 100
75 208 93
75 82 5
75 83 3
75 226 40
75 229 30
75 244 99
75 252 31
76 130 34
76 266 3
76 274 74
76 150 64
76 158 51
76 163 78
76 292 50
76 177 94
76 183 2
76 181 56
76 126 95
76 77 82
76 214 4
76 90 27
76 219 6
76 222 34
76 225 87
76 98 11
76 99 60
76 101 28
76 230 78
76 104 66
76 235 29
76 245 84
76 102 2
76 264 66
77 96 62
77 289 46
77 162 18
77 97 53
77 133 85
77 102 1
77 257 97
77 140 79
77 111 80
77 176 59
77 149 88
77 285 22
77 155 58
77 253 9
78 128 34
78 256 56
78 130 85
78 139 89
78 143 75
78 149 91
78 297 24
78 178 28
78 198 84
78 201 4
78 213 51
78 88 41
78 97 7
78 243 57
78 268 10
78 120 97
79 128 64
79 235 61
79 262 2
79 135 66
79 264 70
79 271 44
79 144 66
79 146 7
79 279 63
79 163 25
79 166 95
79 295 61
79 296 69
79 197 67
79 200 17
79 202 59
79 203 14
79 204 37
79 82 0
79 84 28
79 85 33
79 219 26
79 99 78
79 233 6
79 107 48
79 237 55
79 238 41
80 150 96
80 262 54
80 145 26
80 278 65
80 282 0
80 288 65
80 297 55
80 299 57
80 175 48
80 176 5
80 179 35
80 183 91
80 194 67
80 208 25
80 210 34
80 211 42
80 218 98
80 221 13
80 98 82
80 227 52
80 100 2
80 229 24
80 273 89
80 105 41
80 111 86
80 116 89
80 123 20
81 160 69
81 289 83
81 99 41
81 229 3
81 262 19
81 200 89
81 171 1
81 205 10
81 175 46
81 180 24
81 117 54
81 279 90
81 136 5
81 207 0
81 215 56
81 287 17
82 256 77
82 130 64
82 136 84
82 140 47
82 153 5
82 282 83
82 158 57
82 294 67
82 169 77
82 170 68
82 115 43
82 187 94
82 195 0
82 198 81
82 204 78
82 205 14
82 213 89
82 221 50
82 229 30
82 104 32
82 109 59
82 243 3
82 117 27
82 120 8
82 249 2
83 262 6
83 265 36
83 139 80
83 141 8
83 144 36
83 157 94
83 293 45
83 294 68
83 295 67
83 297 67
83 172 100
83 212 15
83 86 26
83 215 44
83 91 4
83 94 53
83 224 51
83 103 70
83 105 2
83 248 26
83 252 53
84 257 24
84 263 53
84 139 43
84 141 41
84 270 96
84 291 67
84 171 8
84 172 83
84 177 13
84 201 31
84 208 85
84 89 4
84 98 2
84 227 84
84 101 71
84 125 36
84 243 58
84 116 60
84 245 45
84 248 23
84 253 40
85 128 100
85 130 82
85 143 59
85 150 85
85 288 69
85 289 46
85 177 96
85 184 22
85 194 6
85 226 84
85 102 12
85 105 34
85 235 39
85 110 99
85 241 39
85 114 45
85 249 6
85 251 83
85 253 61
85 276 31
86 129 65
86 263 91
86 128 55
86 267 42
86 268 55
86 141 18
86 256 34
86 271 48
86 155 7
86 295 4
86 172 6
86 178 40
86 188 70
86 200 42
86 207 39
86 89 38
86 222 33
86 223 48
86 228 99
86 232 34
86 241 26
86 285 12
86 252 80
87 128 80
87 100 57
87 101 27
87 104 90
87 108 78
87 234 85
87 175 28
87 280 24
87 146 14
87 148 52
87 119 41
87 120 8
87 185 11
87 219 40
88 130 16
88 139 99
88 283 47
88 157 79
88 175 50
88 179 94
88 181 48
88 199 54
88 203 43
88 205 7
88 217 40
88 225 88
88 226 90
88 105 70
88 235 36
88 110 55
88 120 92
88 122 76
88 124 66
88 255 20
89 130 57
89 131 43
89 135 47
89 138 63
89 267 67
89 159 23
89 289 2
89 165 8
89 229 14
89 238 43
89 239 28
89 240 13
89 248 36
89 251 71
89 254 65
90 128 32
90 134 88
90 139 42
90 237 53
90 158 36
90 289 39
90 198 96
90 179 35
90 182 13
90 193 56
90 262 9
90 196 73
90 197 13
90 205 82
90 142 56
90 214 17
90 216 33
90 219 23
90 221 22
90 224 46
90 232 65
90 109 92
90 113 84
90 246 42
91 258 47
91 262 18
91 138 67
91 281 79
91 175 46
91 197 47
91 199 24
91 202 99
91 208 75
91 220 67
91 94 45
91 95 93
91 225 62
91 98 4
91 234 38
91 240 84
91 242 85
91 115 4
92 135 45
92 269 25
92 143 39
92 276 57
92 154 37
92 283 69
92 295 35
92 184 72
92 190 67
92 102 2
92 232 9
92 168 87
93 135 18
93 276 53
93 277 15
93 150 62
93 151 62
93 159 52
93 290 3
93 292 0
93 169 80
93 187 37
93 138 69
93 193 75
93 201 55
93 209 32
93 224 64
93 229 61
93 230 38
93 231 15
93 241 75
93 246 41
93 247 2
94 135 6
94 273 32
94 275 69
94 161 14
94 162 14
94 291 14
94 297 42
94 184 38
94 185 45
94 199 49
94 221 38
94 224 45
94 230 86
94 113 16
94 115 2
94 169 55
95 288 84
95 278 24
95 187 15
95 165 47
95 230 93
95 113 52
95 155 47
95 118 18
95 282 64
96 141 58
96 270 83
96 150 14
96 111 10
96 157 88
96 155 30
96 295 98
96 175 25
96 178 53
96 205 85
96 210 83
96 217 17
96 98 83
96 100 47
96 239 82
96 242 34
96 116 24
97 257 73
97 134 52
97 138 5
97 143 56
97 274 29
97 283 80
97 159 49
97 173 42
97 182 37
97 186 3
97 188 82
97 248 40
97 236 2
97 238 38
97 120 11
98 257 18
98 259 38
98 129 38
98 264 86
98 277 73
98 157 40
98 159 92
98 297 83
98 298 86
98 226 86
98 238 80
98 244 81
98 249 1
99 263 99
99 266 93
99 273 32
99 286 64
99 161 0
99 294 44
99 135 36
99 177 98
99 181 50
99 182 25
99 163 83
99 212 42
99 219 89
99 225 84
99 102 51
99 233 60
99 109 38
99 111 73
99 113 20
99 114 39
99 211 24
99 246 26
99 122 85
99 252 95
100 260 34
100 271 83
100 155 1
100 158 57
100 299 99
100 175 74
100 185 55
100 191 66
100 200 50
100 227 57
100 101 19
100 231 75
100 110 77
100 115 65
100 244 84
100 121 83
100 122 47
100 127 49
101 128 100
101 262 82
101 215 21
101 147 7
101 277 15
101 280 28
101 165 81
101 296 15
101 170 52
101 191 66
101 204 92
101 103 74
101 233 74
101 108 37
101 120 21
101 123 76
101 149 42
102 132 18
102 130 15
102 270 71
102 146 46
102 155 61
102 284 70
102 292 8
102 142 79
102 156 20
102 230 40
102 242 42
102 121 46
102 123 58
103 131 32
103 139 54
103 140 87
103 147 58
103 157 81
103 162 54
103 291 86
103 285 53
103 191 41
103 118 44
103 204 87
103 206 26
103 213 74
103 218 66
103 221 10
103 231 56
103 233 49
103 245 33
103 246 8
103 250 48
103 255 32
104 224 39
104 128 35
104 130 65
104 169 15
104 274 60
104 271 6
104 180 66
104 110 60
104 223 100
105 133 92
105 262 41
105 263 53
105 264 37
105 275 100
105 291 28
105 296 20
105 170 5
105 171 13
105 176 9
105 201 38
105 207 74
105 218 72
105 219 31
105 240 12
105 113 62
105 114 76
105 244 19
106 130 83
106 272 1
106 145 34
106 159 97
106 162 16
106 164 77
106 177 100
106 192 52
106 196 50
106 292 23
106 225 24
106 228 71
106 295 27
106 239 60
106 242 69
106 115 28
106 116 38
107 135 25
107 136 60
107 138 67
107 273 87
107 279 83
107 153 4
107 287 60
107 292 28
107 293 42
107 170 24
107 189 8
107 193 71
107 195 34
107 196 32
107 161 56
107 201 2
107 208 34
107 228 100
107 233 49
107 281 12
108 290 28
108 278 6
108 161 78
108 266 62
108 299 33
108 204 95
108 177 0
108 243 14
108 118 33
108 248 63
108 127 0
109 144 72
109 293 90
109 169 62
109 173 53
109 187 16
109 196 79
109 225 92
109 114 80
109 117 85
109 297 92
109 124 72
110 257 8
110 272 9
110 151 66
110 291 98
110 167 46
110 179 30
110 186 60
110 196 86
110 206 52
110 217 26
110 236 66
110 117 4
110 247 79
111 128 36
111 257 47
111 258 68
111 263 14
111 268 5
111 130 66
111 144 94
111 259 65
111 148 11
111 151 25
111 167 82
111 295 15
111 173 44
111 179 29
111 214 16
111 231 96
111 112 93
111 255 25
112 132 34
112 265 27
112 275 12
112 281 60
112 164 83
112 168 79
112 175 89
112 184 67
112 266 86
112 192 83
112 194 42
112 201 42
112 208 62
112 213 8
112 214 41
112 223 28
112 116 95
113 192 61
113 134 43
113 264 13
113 266 44
113 270 98
113 189 59
113 253 83
113 297 49
113 280 45
113 255 60
114 237 20
114 161 11
114 162 12
114 165 76
114 166 42
114 297 45
114 184 22
114 185 68
114 187 75
114 193 98
114 194 95
114 195 75
114 289 76
114 208 86
114 120 66
114 212 27
114 294 28
114 231 57
114 169 43
114 248 57
114 127 15
115 256 60
115 264 34
115 275 40
115 156 100
115 285 80
115 290 89
115 166 66
115 170 78
115 173 88
115 183 98
115 184 60
115 214 95
115 215 86
115 210 60
115 157 20
115 127 49
116 256 94
116 261 53
116 283 89
116 157 7
116 158 12
116 240 54
116 292 60
116 193 47
116 205 81
116 211 88
116 216 17
116 225 34
116 233 95
116 238 94
116 253 13
117 289 14
117 227 42
117 292 17
117 295 58
117 202 9
117 210 100
117 179 99
117 169 71
117 153 75
117 125 84
117 223 99
118 132 41
118 261 86
118 142 90
118 272 16
118 145 70
118 274 81
118 280 37
118 153 54
118 133 53
118 166 24
118 178 84
118 197 61
118 214 39
118 237 47
118 119 95
118 191 6
118 124 70
119 266 11
119 142 15
119 288 36
119 294 43
119 180 39
119 193 71
119 195 11
119 199 38
119 201 63
119 205 67
119 232 83
119 233 76
119 235 71
119 127 58
119 252 40
119 255 1
120 129 39
120 261 75
120 140 74
120 142 19
120 147 9
120 150 5
120 288 86
120 168 91
120 297 0
120 299 97
120 178 96
120 180 44
120 184 19
120 197 49
120 201 31
120 207 76
120 219 11
120 232 84
120 245 86
120 126 36
121 198 70
121 129 70
121 197 50
121 134 11
121 199 58
121 232 32
121 263 30
121 268 100
121 162 51
121 238 66
121 156 26
121 275 48
121 223 26
121 172 54
121 127 51
122 147 1
122 280 21
122 161 68
122 291 64
122 294 12
122 167 88
122 297 53
122 298 31
122 184 2
122 190 98
122 194 47
122 204 36
122 209 49
122 237 31
122 241 72
122 252 70
122 254 61
122 255 91
123 258 26
123 134 97
123 263 62
123 137 36
123 140 20
123 147 92
123 158 43
123 164 69
123 293 96
123 294 24
123 168 11
123 170 23
123 299 19
123 177 58
123 184 17
123 192 65
123 193 88
123 200 25
123 240 76
123 244 60
123 247 2
124 256 38
124 257 49
124 258 86
124 259 78
124 151 21
124 280 54
124 157 86
124 287 55
124 289 91
124 164 99
124 166 85
124 169 70
124 173 54
124 175 19
124 191 69
124 195 3
124 199 86
124 200 23
124 213 54
124 224 94
124 228 6
124 231 45
124 161 57
124 236 76
124 243 44
125 132 42
125 134 91
125 266 9
125 277 7
125 278 0
125 153 57
125 158 78
125 159 78
125 291 88
125 171 2
125 177 72
125 179 59
125 186 43
125 199 66
125 216 9
125 222 79
125 234 49
125 237 37
125 248 60
125 252 26
125 255 95
126 131 15
126 134 73
126 264 99
126 143 67
126 149 79
126 152 32
126 281 16
126 155 41
126 172 90
126 174 98
126 193 53
126 201 42
126 224 23
127 270 45
127 147 35
127 279 1
127 155 54
127 285 59
127 159 91
127 161 24
127 168 90
127 170 98
127 184 45
127 201 21
127 224 22
128 258 40
128 281 15
128 153 94
128 166 74
128 170 88
128 201 54
128 184 23
128 191 78
128 215 27
128 223 45
128 244 86
128 255 27
129 130 100
129 133 17
129 136 62
129 137 18
129 266 56
129 145 78
129 151 35
129 160 96
129 164 22
129 177 8
129 168 94
129 172 99
129 173 32
129 187 87
129 267 40
129 196 51
129 205 41
129 214 92
129 218 16
129 221 0
129 233 83
129 264 41
130 262 20
130 135 21
130 141 69
130 276 71
130 150 18
130 155 11
130 160 21
130 289 55
130 169 97
130 170 59
130 171 59
130 172 59
130 174 81
130 185 76
130 188 78
130 193 21
130 166 65
130 247 45
130 136 17
130 254 49
130 255 65
131 258 31
131 266 65
131 139 90
131 273 5
131 157 78
131 158 45
131 287 81
131 297 94
131 180 12
131 182 32
131 202 85
131 216 29
131 223 78
131 225 41
131 236 67
131 242 64
131 244 23
131 253 61
132 224 84
132 277 5
132 299 49
132 268 42
132 142 84
132 211 31
132 149 10
132 166 46
133 161 76
133 291 59
133 264 83
133 234 30
133 295 47
133 168 99
133 179 85
133 180 46
133 278 39
133 241 80
133 281 28
134 262 85
134 136 43
134 267 30
134 268 15
134 148 78
134 167 65
134 174 3
134 175 84
134 176 25
134 203 96
134 196 91
134 221 36
134 251 39
134 231 9
134 237 37
135 136 59
135 137 24
135 268 30
135 277 1
135 154 24
135 155 0
135 157 51
135 283 55
135 166 83
135 171 5
135 184 76
135 206 16
135 232 40
135 233 86
135 242 66
135 245 48
135 253 19
136 261 15
136 264 51
136 268 44
136 146 23
136 147 25
136 155 77
136 174 32
136 191 9
136 195 50
136 222 55
136 224 55
136 231 57
136 241 70
136 246 87
137 257 65
137 259 40
137 139 70
137 142 67
137 274 35
137 147 57
137 278 89
137 159 87
137 162 55
137 170 77
137 178 59
137 186 1
137 188 82
137 203 49
137 213 27
137 220 77
137 235 65
137 253 28
138 139 74
138 140 41
138 269 10
138 273 11
138 161 29
138 167 15
138 181 70
138 188 97
138 206 72
138 209 8
138 210 35
138 221 80
138 247 3
138 248 100
139 263 2
139 265 25
139 266 56
139 284 31
139 157 60
139 160 50
139 298 74
139 180 73
139 184 94
139 194 89
139 204 53
139 207 25
139 232 4
139 234 57
139 235 71
139 244 26
140 265 48
140 267 84
140 275 53
140 276 11
140 152 53
140 289 50
140 172 9
140 173 53
140 180 86
140 182 66
140 194 26
140 217 24
140 218 14
140 236 6
140 237 93
140 241 61
141 224 60
141 278 26
141 162 96
141 207 76
141 271 31
141 241 4
141 216 31
141 148 32
141 296 15
142 267 7
142 272 83
142 273 58
142 152 97
142 284 56
142 157 67
142 158 42
142 197 62
142 289 51
142 290 59
142 294 89
142 295 74
142 180 9
142 184 92
142 196 34
142 246 45
142 210 49
142 212 70
142 214 99
142 223 14
142 225 5
142 229 88
142 166 100
142 167 90
142 240 83
142 251 69
142 252 94
142 277 96
143 162 17
143 293 31
143 230 13
143 298 59
143 172 73
143 253 38
143 144 46
143 152 32
143 221 99
144 162 97
144 147 87
144 234 53
144 287 11
144 157 68
144 178 22
144 211 14
144 149 70
144 152 43
144 185 49
144 170 75
144 159 53
145 261 50
145 270 28
145 274 0
145 182 79
145 187 85
145 193 3
145 194 40
145 198 29
145 204 86
145 205 10
145 218 18
145 244 90
146 262 11
146 273 63
146 275 87
146 177 87
146 180 25
146 243 98
146 280 51
146 189 77
146 283 86
146 165 87
147 268 25
147 271 47
147 274 48
147 277 47
147 280 94
147 153 91
147 155 38
147 284 34
147 288 8
147 167 28
147 298 61
147 195 9
147 248 5
147 216 61
147 237 11
147 241 31
147 243 29
147 246 59
148 258 51
148 259 70
148 260 59
148 269 49
148 149 88
148 155 79
148 291 48
148 295 44
148 170 48
148 175 74
148 207 77
148 213 72
148 216 93
148 224 73
148 233 78
148 234 65
148 167 29
148 236 44
149 179 12
149 156 61
149 168 75
149 172 68
149 186 72
149 191 20
149 194 41
149 209 15
149 211 91
149 219 45
149 239 50
149 248 42
150 261 0
150 262 57
150 274 19
150 291 80
150 297 17
150 182 94
150 203 84
150 206 1
150 240 90
150 244 42
151 268 76
151 277 0
151 279 20
151 286 54
151 169 3
151 299 86
151 285 18
151 178 46
151 184 50
151 192 57
151 211 33
151 242 37
151 246 71
152 261 36
152 286 89
152 165 67
152 181 36
152 199 3
152 204 17
152 211 13
152 219 46
152 239 10
152 246 59
152 251 96
153 262 3
153 265 48
153 267 83
153 270 17
153 272 3
153 277 5
153 154 17
153 290 6
153 184 75
153 187 88
153 195 56
153 200 3
153 209 74
153 218 43
153 222 51
153 229 6
153 238 92
154 207 6
154 232 31
154 172 40
154 173 72
154 249 57
154 274 3
154 182 17
154 265 11
154 250 20
154 190 1
155 273 25
155 282 79
155 159 41
155 294 17
155 172 19
155 188 26
155 203 55
155 237 50
155 245 15
156 261 80
156 263 14
156 264 77
156 266 97
156 267 19
156 268 53
156 169 69
156 192 21
156 197 16
156 202 65
156 217 43
156 234 24
156 242 48
156 254 52
157 263 5
157 266 55
157 272 55
157 158 68
157 161 99
157 290 88
157 164 27
157 167 83
157 173 79
157 187 47
157 190 15
157 224 45
157 210 56
157 220 29
158 265 19
158 266 22
158 280 51
158 218 22
158 161 7
158 164 33
158 174 33
158 159 90
158 203 36
158 207 52
158 215 39
158 220 48
158 189 9
158 242 83
158 245 83
158 297 75
158 250 92
159 258 73
159 280 47
159 197 71
159 170 51
159 179 63
159 180 65
159 184 23
159 192 48
159 195 41
159 162 97
159 231 95
159 235 37
159 236 51
159 272 22
159 243 79
159 247 76
160 289 58
160 265 25
160 170 65
160 162 67
160 239 23
160 217 67
161 259 34
161 282 80
161 288 8
161 290 68
161 292 35
161 166 99
161 299 94
161 177 11
161 178 3
161 222 40
161 186 7
161 188 50
161 190 94
161 202 89
161 205 81
161 223 56
161 237 51
162 257 16
162 280 17
162 168 26
162 179 61
162 185 26
162 210 36
162 220 79
162 222 36
162 225 28
162 229 62
162 230 94
162 244 33
163 288 16
163 258 0
163 164 13
163 234 31
163 199 99
163 173 65
163 241 9
163 235 100
163 216 64
163 286 36
163 223 56
164 260 10
164 280 54
164 281 16
164 295 99
164 172 6
164 199 10
164 210 68
164 213 77
164 220 12
164 225 88
164 226 56
164 236 65
164 243 54
164 252 80
165 271 96
165 279 80
165 290 53
165 183 15
165 189 69
165 196 79
165 203 68
165 212 12
165 217 0
165 227 50
165 228 96
165 244 79
166 262 51
166 176 54
166 182 52
166 180 85
166 206 29
166 209 68
166 215 53
166 224 72
166 236 41
166 240 86
166 247 18
167 267 85
167 284 5
167 297 73
167 186 42
167 197 88
167 209 27
167 224 99
167 230 23
167 243 24
168 274 85
168 275 93
168 282 66
168 287 79
168 178 27
168 186 40
168 205 80
168 217 32
168 219 97
168 230 71
168 241 30
168 243 1
169 260 20
169 267 48
169 285 88
169 288 21
169 178 89
169 182 80
169 186 53
169 204 65
169 207 94
169 226 33
170 271 12
170 276 25
170 281 32
170 290 80
170 295 27
170 298 18
170 174 31
170 190 96
170 193 12
170 199 73
170 204 4
170 209 65
170 210 27
170 218 64
170 226 30
170 230 64
170 234 2
170 240 74
170 252 68
170 253 30
171 285 67
171 187 30
171 210 100
171 223 57
171 229 55
171 237 81
171 243 93
172 267 0
172 258 68
172 272 12
172 281 69
172 180 24
172 181 95
172 202 100
172 269 63
172 208 20
172 219 54
172 220 68
172 221 25
172 225 24
172 233 38
172 244 57
172 250 11
173 265 38
173 272 79
173 275 27
173 279 6
173 286 68
173 294 78
173 295 54
173 297 56
173 177 97
173 199 6
173 203 49
173 210 45
173 215 50
173 252 5
173 240 80
173 246 28
174 256 12
174 262 50
174 268 32
174 263 43
174 180 5
174 286 61
174 188 58
174 195 84
174 200 27
174 254 4
174 249 35
175 264 78
175 283 65
175 179 45
175 185 76
175 188 37
175 196 26
175 199 58
175 200 43
175 211 61
175 220 17
175 237 97
176 269 61
176 287 77
176 290 58
176 296 90
176 181 80
176 191 97
176 204 79
176 215 40
176 238 64
176 245 58
177 257 24
177 265 84
177 285 9
177 289 65
177 180 89
177 202 48
177 213 53
177 218 69
177 225 28
177 226 82
177 255 16
178 268 1
178 275 97
178 281 82
178 284 10
178 287 30
178 290 44
178 293 50
178 185 57
178 205 41
178 209 36
178 211 63
178 223 17
178 272 37
178 228 34
178 235 64
178 240 1
178 241 90
179 262 92
179 271 57
179 294 98
179 295 20
179 299 1
179 180 11
179 197 13
179 205 87
179 215 55
179 235 1
179 237 82
179 191 96
180 284 94
180 289 51
180 291 83
180 299 86
180 189 2
180 208 70
180 211 3
180 235 31
180 255 0
181 272 97
181 187 82
181 217 55
181 223 77
181 227 50
181 233 3
181 238 11
181 277 68
182 260 25
182 270 40
182 280 1
182 290 52
182 298 62
182 288 13
182 194 38
182 225 91
182 238 28
182 241 39
182 255 28
183 225 7
183 194 36
183 269 26
183 238 21
183 207 77
183 232 66
183 202 9
183 282 89
184 283 85
184 297 71
184 299 89
184 210 73
184 219 82
184 231 18
184 235 75
184 253 18
185 198 78
185 201 54
185 298 24
185 270 61
185 217 40
185 219 72
185 188 45
186 259 85
186 281 34
186 212 80
186 244 46
186 297 66
186 254 31
187 259 58
187 286 85
187 192 84
187 194 72
187 199 99
187 201 98
187 290 60
187 210 21
187 217 42
187 220 68
187 229 44
187 235 67
188 259 4
188 269 28
188 277 67
188 278 38
188 192 66
188 195 51
188 212 29
188 216 92
188 223 11
188 231 17
188 254 17
189 192 91
189 267 57
189 276 40
189 282 57
189 191 24
189 197 87
189 213 85
189 227 61
189 238 15
189 242 5
189 244 36
190 263 96
190 270 49
190 281 72
190 287 98
190 196 42
190 208 81
190 215 76
190 216 92
190 230 35
190 235 74
190 238 53
190 245 96
190 247 61
191 297 82
191 210 16
191 239 42
191 208 92
191 276 5
191 251 65
192 273 38
192 281 7
192 286 9
192 294 3
192 295 76
192 193 34
192 195 23
192 204 99
192 206 36
192 210 16
192 229 64
192 245 76
193 257 77
193 275 17
193 199 3
193 200 74
193 212 31
193 213 52
193 219 99
193 230 58
193 248 14
193 253 41
194 261 64
194 266 64
194 283 68
194 284 97
194 289 32
194 295 95
194 196 29
194 198 24
194 201 29
194 235 36
195 260 80
195 277 99
195 293 56
195 202 4
195 227 22
195 247 24
195 255 39
196 263 85
196 266 19
196 273 79
196 279 45
196 283 20
196 287 16
196 197 86
196 239 57
196 253 75
197 257 8
197 259 65
197 277 42
197 295 91
197 200 82
197 202 100
197 221 21
197 246 0
197 229 68
197 232 84
197 251 97
198 295 20
198 228 90
198 294 78
198 233 57
198 279 83
198 240 39
198 281 89
198 282 47
198 297 44
198 255 7
199 259 96
199 262 34
199 264 28
199 273 74
199 274 57
199 275 72
199 277 73
199 294 10
199 201 80
199 209 84
199 217 1
199 221 88
199 226 18
199 227 57
199 232 52
199 254 93
200 270 91
200 217 68
200 206 54
200 212 88
200 215 0
200 228 55
200 224 60
201 263 57
201 266 6
201 289 14
201 298 0
201 206 89
201 219 16
201 220 54
201 229 8
201 242 18
201 255 36
202 266 97
202 237 83
202 278 90
202 277 16
203 269 66
203 277 73
203 280 59
203 222 24
203 235 93
203 242 32
203 254 46
204 282 0
204 287 14
204 290 1
204 293 35
204 296 22
204 206 46
204 217 18
204 230 92
204 234 83
204 241 14
205 266 74
205 280 5
205 284 10
205 286 56
205 297 6
205 212 88
205 228 66
206 256 68
206 264 83
206 208 51
206 214 80
206 223 2
206 225 90
206 234 95
206 235 71
206 242 46
206 247 85
206 254 79
207 248 59
207 251 82
207 285 21
208 260 80
208 282 10
208 291 80
208 293 88
208 211 32
208 213 34
208 214 71
208 232 66
208 240 11
208 241 81
209 256 47
209 262 51
209 282 66
209 285 18
209 219 55
209 237 33
209 238 96
210 259 20
210 262 95
210 265 41
210 243 81
211 259 93
211 266 43
211 275 72
211 276 92
211 218 8
212 274 39
212 216 92
212 222 8
212 245 47
213 263 3
213 266 92
213 267 65
213 270 36
213 292 49
213 294 43
213 226 31
213 276 44
213 253 87
214 228 61
214 297 24
214 235 45
215 257 46
215 261 86
215 263 5
215 269 10
215 274 94
215 296 18
215 228 8
215 231 57
215 235 51
215 237 79
215 241 5
215 252 68
216 265 77
216 287 33
216 294 99
216 223 79
216 242 30
216 243 44
216 251 19
217 259 52
217 271 91
217 273 75
217 287 4
217 295 1
217 218 6
217 293 5
217 225 73
217 240 45
218 272 59
218 278 13
218 282 36
218 286 78
218 226 59
218 244 45
219 258 51
219 264 4
219 269 28
219 276 88
219 260 22
219 235 58
219 233 45
219 249 42
220 262 84
220 268 81
220 235 82
220 241 96
221 293 63
221 273 56
221 249 46
221 254 12
222 264 71
222 271 28
222 285 50
222 289 82
222 290 47
222 224 39
222 243 75
222 246 51
222 254 80
223 273 58
223 280 88
223 226 45
223 234 55
223 236 79
223 243 92
223 249 99
224 282 34
224 283 4
224 289 3
224 236 40
224 238 85
224 255 85
225 268 70
225 280 84
225 298 57
225 253 62
225 254 55
225 277 85
226 273 53
226 286 26
226 297 34
226 228 78
226 240 66
226 243 76
227 260 82
227 278 20
227 288 92
227 298 9
227 234 21
227 241 26
227 244 99
227 253 78
228 259 27
228 266 35
228 278 10
228 285 36
228 244 0
228 247 35
228 250 62
229 257 70
229 282 27
229 242 28
229 268 70
229 255 13
230 257 1
230 284 24
230 292 39
230 231 30
230 243 97
230 244 83
230 250 60
231 258 20
231 269 52
231 272 9
231 276 67
231 277 62
231 287 66
231 291 92
231 243 31
231 250 20
232 261 39
232 274 51
232 278 42
232 288 75
232 289 75
232 236 85
232 239 85
232 251 4
232 253 94
233 292 100
233 263 38
233 283 8
234 268 76
234 283 9
234 291 97
234 293 27
234 298 74
235 261 4
235 277 99
235 285 80
235 291 86
235 294 22
235 297 63
235 237 88
235 251 70
235 253 62
236 263 50
236 271 75
236 283 64
236 287 78
236 237 57
236 243 17
237 258 63
237 266 81
237 269 25
237 283 63
237 286 27
237 296 28
237 244 5
237 247 31
237 249 17
238 266 35
238 248 62
238 252 26
239 251 64
239 262 64
239 283 59
240 264 73
240 279 80
240 283 15
240 248 71
241 265 84
241 294 65
241 247 69
241 251 86
241 255 54
242 257 62
242 259 23
242 270 51
242 281 54
242 283 74
242 298 34
242 246 80
242 249 87
243 294 65
243 298 12
243 254 80
244 284 49
244 292 57
244 293 34
244 298 9
244 299 25
244 285 87
245 258 0
245 273 44
245 287 80
245 297 43
246 257 81
246 273 84
246 280 94
247 289 55
247 283 2
247 261 19
247 298 15
247 282 89
248 257 92
248 280 12
249 262 32
249 265 55
249 274 62
249 279 32
250 260 87
250 261 69
250 273 7
250 270 10
250 251 91
250 284 87
251 259 4
251 260 82
251 261 34
251 292 99
251 295 28
252 283 39
252 286 53
253 264 0
253 297 75
254 256 82
254 261 68
254 262 66
254 263 17
254 270 84
254 280 18
254 281 41
254 284 89
254 296 30
255 256 27
255 279 16
255 292 97
255 263 4
256 263 4
256 278 61
256 284 47
256 296 21
257 264 49
257 271 18
257 296 32
257 299 68
258 271 28
258 280 56
258 290 51
258 298 14
259 265 4
259 287 45
260 295 19
261 271 73
261 279 49
261 281 10
261 282 12
261 296 72
261 297 29
262 271 77
263 269 74
263 270 42
263 280 25
263 287 82
263 289 89
263 299 10
264 292 99
264 293 6
264 294 14
265 266 33
265 268 9
265 284 55
265 290 43
265 299 15
266 275 92
266 280 37
266 287 79
266 291 48
266 285 13
267 291 9
267 294 48
267 268 36
269 293 72
269 295 48
271 292 4
272 296 21
272 299 49
272 275 35
272 292 42
273 281 83
273 297 72
274 276 89
274 297 19
274 287 53
275 276 22
275 280 58
275 294 20
276 293 4
278 292 69
278 296 72
280 288 3
280 292 9
281 297 40
283 285 18
284 289 67
284 295 23
286 290 21
287 290 85
287 298 62
289 290 61
290 295 77
291 293 6
293 295 21
293 297 37
297 298 35
