300 4000
0 128 90
0 7 30
0 8 92
0 9 32
0 275 52
0 150 5
0 156 38
0 157 21
0 286 96
0 288 86
0 167 97
0 52 14
0 183 34
0 188 46
0 64 100
0 205 10
0 210 66
0 232 94
0 233 98
0 234 17
0 109 36
0 120 81
0 122 38
0 127 51
1 140 71
1 142 96
1 152 38
1 153 35
1 158 94
1 35 26
1 40 43
1 41 38
1 50 42
1 193 13
1 69 90
1 72 83
1 74 36
1 205 92
1 208 22
1 211 47
1 90 39
1 234 19
1 119 27
1 121 53
1 122 1
1 124 47
1 126 27
2 256 76
2 131 87
2 22 35
2 134 94
2 11 10
2 12 84
2 148 30
2 277 6
2 278 7
2 279 5
2 286 57
2 162 55
2 166 28
2 177 31
2 178 21
2 186 0
2 65 56
2 73 14
2 207 66
2 81 48
2 83 35
2 241 9
2 276 74
2 122 88
2 124 98
2 127 48
3 261 87
3 134 11
3 264 0
3 268 60
3 144 12
3 17 53
3 146 79
3 22 22
3 151 86
3 156 49
3 29 47
3 160 6
3 168 53
3 41 63
3 175 86
3 56 85
3 63 29
3 32 41
3 66 47
3 246 20
3 140 43
3 204 68
3 213 4
3 218 12
3 222 82
3 272 45
3 99 63
3 230 41
3 105 47
3 106 94
3 116 38
3 118 73
3 247 98
3 126 54
4 256 79
4 20 63
4 280 90
4 158 73
4 293 19
4 41 27
4 44 9
4 50 80
4 179 0
4 53 42
4 57 46
4 191 17
4 193 65
4 196 42
4 80 79
4 210 10
4 216 81
4 220 85
4 96 43
4 228 24
4 101 5
4 237 71
4 239 88
4 121 44
4 63 37
4 254 32
5 64 30
5 67 56
5 68 86
5 261 63
5 199 35
5 145 87
5 135 71
5 172 69
5 109 13
5 271 92
5 48 80
5 177 39
5 35 2
5 84 19
5 117 79
5 57 68
5 124 89
6 7 31
6 138 68
6 13 11
6 18 18
6 20 50
6 278 21
6 153 25
6 33 83
6 291 100
6 48 61
6 49 61
6 179 47
6 52 12
6 53 7
6 182 31
6 186 45
6 191 63
6 74 24
6 208 80
6 58 26
6 95 51
6 225 84
6 104 38
6 107 57
6 240 36
6 114 52
6 245 18
6 119 28
6 120 14
7 131 65
7 142 88
7 143 19
7 150 21
7 155 72
7 286 23
7 287 68
7 169 14
7 170 95
7 44 57
7 173 4
7 177 41
7 50 28
7 187 81
7 192 39
7 200 71
7 87 42
7 94 0
7 97 50
7 100 93
7 103 85
7 109 38
7 110 73
7 239 96
7 247 28
7 121 15
7 122 21
7 253 89
8 262 17
8 264 31
8 137 13
8 87 22
8 205 42
8 271 67
8 273 89
8 147 17
8 84 98
8 245 69
8 279 7
8 152 59
8 60 42
8 61 88
8 280 34
8 31 91
9 256 61
9 262 2
9 264 79
9 267 7
9 142 55
9 147 19
9 148 42
9 149 11
9 278 11
9 281 68
9 155 58
9 30 35
9 162 98
9 38 74
9 169 13
9 173 71
9 48 72
9 178 50
9 57 83
9 190 7
9 200 44
9 78 29
9 207 48
9 99 97
9 232 88
9 236 32
10 135 85
10 20 69
10 280 32
10 26 82
10 156 16
10 285 74
10 33 22
10 167 10
10 43 16
10 174 81
10 157 16
10 58 82
10 187 12
10 205 56
10 214 34
10 216 55
10 220 7
10 230 55
10 231 20
10 110 16
10 243 49
10 116 56
10 247 44
10 248 23
10 250 82
10 253 10
11 139 68
11 277 38
11 155 89
11 28 43
11 29 7
11 31 45
11 172 2
11 51 1
11 54 37
11 196 26
11 71 31
11 207 22
11 213 20
11 89 100
11 218 93
11 224 65
11 231 58
11 114 33
11 244 56
11 247 50
11 120 12
12 256 61
12 257 93
12 131 97
12 136 79
12 142 14
12 274 23
12 150 95
12 23 74
12 281 4
12 155 6
12 29 28
12 168 54
12 173 1
12 46 80
12 195 43
12 198 34
12 73 13
12 75 92
12 76 18
12 78 4
12 213 98
12 233 14
12 235 83
12 243 14
12 116 89
12 250 74
12 254 97
13 138 37
13 140 13
13 144 58
13 150 65
13 281 69
13 282 31
13 27 76
13 156 10
13 34 42
13 37 68
13 167 60
13 169 94
13 49 96
13 52 81
13 54 56
13 56 43
13 60 17
13 63 86
13 202 54
13 203 78
13 209 37
13 212 90
13 93 69
13 293 21
13 228 76
13 106 25
13 111 54
13 240 86
14 130 6
14 282 36
14 145 63
14 146 44
14 277 15
14 154 63
14 285 77
14 30 40
14 159 81
14 32 25
14 34 80
14 39 95
14 170 31
14 286 23
14 190 51
14 200 79
14 73 29
14 204 69
14 77 91
14 208 98
14 213 99
14 218 43
14 17 29
14 234 0
14 237 68
14 240 88
14 242 43
14 118 48
14 126 52
15 135 27
15 138 17
15 272 63
15 145 84
15 147 54
15 155 27
15 156 2
15 163 100
15 36 55
15 37 56
15 184 83
15 185 16
15 60 3
15 194 31
15 77 92
15 81 39
15 219 54
15 92 77
15 94 88
15 229 2
15 104 60
15 236 60
15 241 51
15 117 75
15 252 34
15 254 51
16 132 73
16 270 69
16 145 5
16 19 86
16 28 24
16 31 88
16 289 26
16 298 6
16 44 63
16 63 14
16 195 51
16 201 23
16 204 70
16 245 90
16 212 61
16 215 34
16 89 64
16 94 33
16 105 16
16 111 99
16 112 74
16 244 36
16 117 41
16 118 55
16 247 96
17 162 31
17 260 79
17 165 10
17 134 48
17 267 15
17 269 8
17 110 87
17 275 79
17 90 58
17 118 41
17 247 64
17 25 74
17 186 17
17 125 6
17 159 19
18 259 78
18 133 70
18 138 98
18 141 62
18 144 70
18 145 100
18 146 70
18 151 76
18 26 12
18 155 11
18 154 51
18 158 68
18 160 78
18 169 74
18 285 80
18 178 28
18 53 48
18 56 26
18 194 40
18 76 97
18 78 2
18 215 56
18 93 8
18 97 95
18 227 79
18 102 89
18 233 5
18 117 84
18 105 38
18 252 89
18 126 26
19 160 46
19 162 86
19 196 70
19 182 47
19 113 23
19 171 1
19 109 15
19 61 48
19 81 56
19 83 35
19 213 16
19 278 15
19 87 68
19 124 86
19 221 48
19 158 67
20 135 96
20 136 40
20 142 24
20 271 77
20 154 37
20 284 13
20 285 3
20 34 81
20 164 33
20 70 36
20 170 20
20 171 37
20 29 7
20 198 52
20 84 13
20 215 88
20 106 60
20 242 75
20 127 54
21 128 30
21 129 72
21 259 43
21 139 52
21 268 80
21 269 76
21 276 82
21 278 0
21 280 63
21 33 70
21 291 36
21 168 4
21 45 81
21 46 8
21 50 80
21 183 68
21 185 59
21 190 5
21 204 9
21 79 73
21 212 88
21 213 18
21 215 37
21 225 48
21 62 47
21 127 84
21 255 6
22 261 52
22 265 64
22 274 74
22 276 96
22 149 77
22 284 3
22 33 10
22 162 22
22 37 86
22 167 46
22 41 88
22 173 99
22 49 94
22 52 40
22 137 36
22 180 37
22 199 48
22 200 88
22 76 61
22 204 10
22 79 86
22 209 62
22 210 56
22 211 15
22 57 18
22 96 57
22 228 55
22 105 25
22 235 44
22 237 3
22 238 55
22 239 25
22 251 14
22 277 78
23 263 6
23 273 35
23 281 26
23 154 92
23 166 87
23 178 25
23 180 22
23 186 38
23 61 3
23 191 5
23 64 10
23 194 87
23 67 96
23 69 18
23 70 56
23 140 76
23 205 22
23 217 28
23 93 53
23 94 43
23 223 50
23 228 63
23 231 49
23 234 61
23 108 45
23 112 61
23 252 87
23 127 51
24 192 7
24 289 13
24 197 70
24 228 40
24 182 31
24 297 24
24 75 43
24 140 91
24 45 46
24 110 28
24 176 95
24 177 85
24 53 52
24 181 2
24 86 9
24 201 18
24 117 86
24 155 33
24 60 40
24 93 66
24 133 24
25 144 85
25 276 15
25 279 60
25 290 82
25 164 70
25 38 97
25 39 21
25 168 65
25 53 10
25 58 15
25 191 4
25 64 81
25 65 63
25 67 97
25 205 96
25 215 25
25 224 6
25 230 35
25 109 83
25 113 91
25 125 3
26 260 95
26 262 72
26 268 21
26 141 92
26 271 31
26 275 7
26 31 72
26 293 47
26 296 61
26 46 80
26 40 17
26 56 47
26 60 71
26 200 77
26 207 56
26 209 69
26 89 95
26 230 59
26 113 50
26 122 41
26 123 5
26 124 28
27 257 33
27 131 52
27 263 3
27 299 82
27 282 27
27 284 13
27 167 15
27 37 68
27 39 69
27 156 71
27 171 15
27 52 82
27 56 39
27 68 7
27 141 34
27 86 35
27 215 41
27 218 68
27 97 83
27 107 96
27 239 60
27 243 5
27 246 36
28 131 18
28 133 4
28 262 59
28 259 85
28 139 19
28 271 19
28 147 27
28 279 86
28 152 87
28 29 49
28 158 26
28 31 56
28 161 89
28 36 75
28 171 86
28 176 54
28 49 74
28 179 65
28 53 4
28 54 32
28 61 47
28 196 40
28 75 30
28 76 73
28 120 70
28 94 5
28 272 62
28 104 35
28 243 9
28 248 77
28 124 57
28 125 10
29 129 37
29 140 6
29 147 47
29 277 26
29 151 28
29 157 98
29 286 28
29 37 39
29 42 71
29 171 89
29 174 76
29 175 49
29 158 21
29 59 88
29 195 45
29 197 24
29 84 69
29 215 47
29 96 78
29 225 95
29 104 74
29 108 33
29 239 11
29 116 15
29 119 38
30 257 93
30 136 43
30 281 75
30 154 56
30 265 71
30 173 99
30 49 89
30 53 81
30 183 7
30 60 81
30 189 43
30 75 98
30 212 70
30 219 11
30 94 81
30 223 32
30 105 77
30 245 29
30 233 9
30 121 73
30 253 45
31 43 33
31 133 53
31 270 18
31 144 14
31 145 76
31 155 10
31 32 25
31 166 5
31 41 65
31 171 84
31 54 90
31 55 20
31 184 90
31 186 44
31 202 8
31 65 46
31 196 10
31 197 99
31 201 22
31 74 47
31 75 81
31 204 76
31 206 60
31 207 95
31 212 40
31 78 79
31 88 58
31 216 19
31 93 33
31 182 40
31 294 66
31 109 78
31 238 48
31 242 93
31 119 35
32 145 3
32 131 90
32 279 5
32 158 47
32 292 31
32 39 98
32 169 5
32 299 2
32 50 18
32 54 6
32 191 26
32 198 15
32 86 87
32 36 60
32 218 13
32 223 92
32 98 36
32 99 3
32 235 26
32 240 32
32 113 50
32 127 80
33 258 51
33 139 14
33 140 92
33 269 7
33 152 67
33 168 47
33 43 59
33 47 5
33 50 48
33 180 5
33 183 92
33 223 91
33 194 31
33 74 85
33 205 73
33 85 50
33 89 72
33 221 6
33 222 30
33 95 29
33 99 83
33 101 86
33 243 75
34 259 90
34 265 54
34 138 92
34 140 46
34 272 4
34 150 42
34 282 53
34 158 83
34 159 33
34 289 16
34 36 94
34 41 18
34 42 51
34 178 23
34 54 92
34 57 85
34 60 64
34 67 65
34 199 42
34 72 24
34 292 26
34 226 7
34 117 66
34 254 46
35 151 63
35 140 7
35 141 69
35 279 5
35 283 51
35 290 39
35 292 24
35 165 86
35 299 98
35 175 93
35 184 86
35 59 73
35 191 51
35 89 96
35 92 61
35 222 31
35 103 93
35 104 0
35 107 47
35 243 100
36 128 5
36 133 26
36 134 53
36 263 99
36 271 6
36 144 38
36 274 68
36 280 91
36 167 73
36 62 2
36 288 51
36 200 49
36 202 88
36 210 48
36 83 34
36 84 85
36 218 43
36 220 90
36 227 68
36 104 66
36 236 49
36 110 56
36 247 7
36 121 53
36 252 100
36 254 75
37 259 42
37 133 60
37 154 23
37 288 79
37 294 14
37 178 72
37 51 87
37 181 61
37 183 54
37 184 100
37 58 84
37 63 70
37 69 95
37 85 87
37 88 39
37 90 61
37 219 39
37 227 82
37 251 3
37 124 88
38 130 58
38 227 28
38 54 63
38 81 98
38 72 47
38 205 81
38 174 89
38 40 4
38 211 19
38 276 31
38 78 57
38 278 47
38 216 75
38 59 52
38 285 95
38 150 56
38 255 15
39 257 37
39 264 48
39 138 54
39 146 64
39 282 88
39 155 83
39 154 22
39 159 61
39 160 45
39 164 59
39 165 27
39 41 51
39 46 5
39 136 61
39 50 67
39 53 35
39 183 25
39 56 26
39 187 28
39 193 23
39 84 29
39 94 36
39 231 72
39 111 59
39 242 36
39 124 51
39 126 99
40 43 92
40 269 67
40 145 73
40 275 46
40 152 18
40 158 32
40 159 12
40 160 88
40 161 87
40 292 67
40 299 44
40 45 9
40 50 32
40 62 62
40 64 24
40 81 90
40 221 9
40 230 58
40 231 84
40 111 99
40 116 25
40 255 89
41 129 12
41 276 15
41 277 7
41 278 65
41 217 1
41 294 54
41 174 96
41 180 78
41 159 30
41 61 64
41 117 96
41 198 67
41 203 22
41 76 18
41 205 90
41 206 71
41 213 31
41 89 27
41 107 25
41 112 33
41 115 100
41 245 53
41 121 86
42 132 76
42 137 19
42 279 22
42 283 71
42 158 98
42 166 40
42 191 79
42 44 58
42 55 79
42 185 95
42 188 39
42 63 7
42 194 13
42 197 7
42 70 96
42 200 65
42 205 38
42 91 71
42 220 88
42 225 72
42 99 69
42 109 93
42 244 23
42 119 42
42 123 41
42 125 32
43 256 61
43 130 14
43 131 42
43 141 28
43 272 44
43 156 88
43 295 77
43 298 7
43 299 26
43 173 8
43 50 43
43 184 89
43 57 16
43 187 37
43 266 43
43 191 78
43 198 75
43 211 77
43 215 57
43 94 96
43 228 46
43 237 8
43 238 90
43 117 36
44 128 98
44 270 59
44 145 88
44 148 43
44 285 62
44 175 77
44 49 82
44 180 8
44 62 30
44 63 15
44 67 38
44 76 47
44 208 86
44 88 30
44 221 71
44 94 19
44 95 60
44 224 22
44 100 0
44 108 10
44 237 28
44 117 8
44 246 3
44 250 21
44 253 11
45 264 86
45 269 83
45 272 84
45 281 85
45 154 48
45 175 33
45 52 71
45 57 81
45 187 60
45 189 94
45 66 89
45 197 20
45 71 27
45 74 27
45 203 72
45 204 29
45 209 26
45 210 66
45 85 87
45 185 80
45 90 70
45 98 31
45 99 76
45 101 100
45 107 37
45 245 74
45 118 40
46 130 47
46 260 70
46 139 80
46 279 37
46 158 79
46 288 76
46 292 13
46 294 100
46 295 56
46 296 83
46 299 31
46 49 74
46 51 66
46 186 44
46 67 55
46 201 91
46 74 6
46 206 43
46 80 76
46 215 19
46 217 53
46 219 92
46 100 60
46 239 38
46 140 53
47 133 66
47 294 24
47 167 20
47 104 23
47 137 40
47 193 7
47 135 61
47 108 26
47 221 47
47 272 50
47 72 11
47 146 94
47 85 41
47 280 0
47 296 4
47 74 99
47 287 71
48 128 71
48 259 11
48 158 69
48 289 99
48 134 35
48 171 30
48 179 89
48 181 0
48 55 69
48 185 92
48 194 24
48 197 0
48 200 41
48 211 85
48 84 100
48 216 3
48 94 79
48 99 17
48 228 38
48 234 16
48 110 44
48 245 100
49 263 29
49 138 64
49 272 72
49 276 82
49 282 95
49 186 60
49 187 62
49 188 37
49 75 17
49 209 58
49 92 47
49 99 39
49 102 10
49 81 85
49 112 60
49 127 12
50 258 95
50 263 36
50 266 85
50 269 99
50 216 24
50 280 69
50 294 9
50 175 38
50 179 46
50 52 20
50 184 100
50 186 23
50 188 79
50 71 66
50 212 44
50 87 42
50 89 42
50 221 91
50 227 96
50 105 82
51 258 64
51 259 50
51 135 60
51 137 92
51 147 35
51 277 3
51 298 66
51 175 97
51 177 15
51 190 42
51 64 98
51 193 39
51 67 22
51 198 10
51 76 92
51 77 45
51 206 8
51 84 53
51 86 22
51 215 39
51 219 5
51 99 5
51 237 2
51 244 76
51 245 36
51 119 65
52 132 15
52 262 89
52 136 30
52 272 20
52 145 13
52 149 26
52 280 59
52 281 63
52 166 60
52 177 18
52 184 82
52 197 85
52 208 55
52 213 3
52 221 91
52 97 10
52 226 96
52 99 64
52 103 98
52 108 14
52 109 84
53 258 76
53 142 12
53 275 87
53 276 98
53 159 85
53 160 16
53 156 74
53 298 4
53 299 19
53 172 83
53 174 62
53 158 31
53 182 23
53 55 83
53 190 86
53 68 11
53 201 23
53 78 77
53 79 23
53 209 90
53 82 68
53 215 27
53 231 48
53 242 60
53 247 14
53 249 41
53 124 80
54 129 49
54 135 34
54 137 89
54 138 93
54 276 25
54 217 55
54 159 88
54 164 22
54 294 59
54 58 54
54 189 63
54 197 91
54 70 9
54 73 56
54 204 91
54 206 35
54 86 89
54 88 74
54 89 68
54 218 5
54 123 45
54 101 22
54 230 74
54 122 32
55 128 7
55 130 43
55 134 49
55 144 81
55 149 23
55 284 45
55 289 81
55 164 13
55 165 53
55 166 23
55 178 15
55 180 34
55 67 44
55 203 17
55 207 7
55 213 97
55 219 63
55 222 60
55 102 22
55 233 46
55 108 85
55 118 86
55 121 86
55 127 93
56 256 75
56 260 51
56 266 88
56 144 18
56 145 90
56 275 68
56 149 6
56 167 41
56 159 68
56 299 22
56 183 3
56 188 50
56 191 50
56 194 20
56 226 63
56 101 99
56 103 92
56 232 81
56 235 96
56 237 39
56 240 84
56 243 66
56 245 50
56 246 35
56 119 79
56 121 10
57 130 66
57 131 98
57 159 16
57 160 97
57 296 66
57 181 38
57 188 73
57 64 76
57 193 19
57 204 51
57 214 97
57 218 84
57 102 13
57 233 9
57 235 4
57 244 11
57 117 2
57 121 55
58 263 89
58 139 75
58 280 37
58 283 54
58 168 95
58 59 14
58 189 17
58 195 52
58 198 0
58 208 74
58 81 72
58 212 6
58 90 14
58 93 8
58 187 25
58 233 8
58 108 36
58 117 0
58 124 33
59 263 24
59 270 94
59 153 92
59 288 74
59 165 74
59 70 21
59 192 70
59 65 23
59 198 34
59 79 3
59 211 22
59 86 74
59 215 20
59 91 96
59 222 52
59 224 19
59 98 53
59 101 17
59 105 97
59 106 59
59 254 64
60 279 54
60 285 7
60 159 79
60 161 40
60 179 18
60 286 100
60 61 60
60 192 27
60 195 49
60 197 54
60 201 54
60 75 94
60 206 24
60 90 67
60 99 17
60 108 74
60 238 17
60 115 53
60 249 97
60 253 30
61 129 3
61 150 65
61 134 41
61 138 25
61 142 21
61 144 22
61 278 2
61 153 98
61 160 78
61 163 87
61 168 4
61 182 94
61 204 92
61 206 28
61 91 56
61 239 96
61 244 48
61 119 23
61 125 50
62 132 43
62 133 65
62 134 76
62 138 84
62 269 84
62 270 62
62 261 31
62 182 92
62 192 86
62 65 35
62 204 91
62 83 19
62 212 50
62 229 89
62 102 59
62 230 61
62 104 9
62 107 57
62 238 47
62 114 6
62 246 73
63 137 86
63 267 36
63 140 29
63 141 55
63 142 97
63 290 62
63 182 10
63 184 5
63 194 40
63 198 46
63 73 4
63 79 6
63 88 38
63 218 8
63 92 15
63 93 18
63 98 71
63 230 51
63 243 59
64 275 73
64 155 48
64 162 23
64 176 80
64 187 59
64 199 42
64 203 97
64 85 8
64 215 99
64 219 50
64 96 95
64 226 2
64 99 29
64 233 47
64 239 7
64 112 99
64 116 77
64 245 50
64 255 23
65 134 80
65 137 60
65 266 32
65 269 95
65 274 1
65 288 61
65 296 15
65 287 3
65 85 66
65 215 10
65 90 57
65 91 53
65 225 3
65 187 41
65 100 28
65 106 19
65 112 35
65 250 15
66 132 62
66 133 99
66 77 1
66 266 57
66 203 5
66 236 80
66 270 84
66 239 90
66 176 32
66 110 18
66 214 9
66 216 53
66 143 86
66 220 44
66 298 80
66 159 42
67 275 33
67 148 83
67 277 86
67 150 89
67 158 73
67 163 77
67 292 53
67 295 13
67 296 63
67 185 50
67 187 16
67 188 76
67 197 94
67 70 6
67 97 84
67 212 30
67 85 93
67 89 67
67 225 50
67 100 77
67 234 7
67 108 46
67 114 2
67 243 41
67 123 78
68 257 43
68 133 96
68 147 64
68 277 32
68 151 0
68 156 65
68 292 93
68 166 79
68 168 70
68 71 14
68 74 59
68 80 70
68 85 17
68 90 74
68 228 32
68 102 28
68 232 54
68 235 58
68 249 32
68 250 77
68 127 85
69 260 62
69 263 95
69 147 17
69 151 15
69 157 51
69 292 75
69 170 78
69 175 9
69 191 89
69 193 4
69 196 5
69 118 97
69 77 6
69 80 8
69 217 34
69 91 58
69 96 72
69 97 42
69 231 96
69 104 23
69 105 91
69 246 49
69 124 19
70 260 27
70 142 68
70 152 48
70 171 0
70 179 27
70 197 81
70 73 38
70 75 50
70 205 84
70 84 11
70 213 88
70 203 21
70 218 33
70 228 74
70 101 45
70 236 85
70 112 33
71 261 71
71 264 31
71 270 52
71 152 87
71 160 99
71 292 89
71 165 72
71 185 32
71 196 35
71 197 52
71 210 33
71 214 56
71 94 62
71 223 89
71 226 74
71 230 67
71 232 4
71 235 19
71 236 98
71 115 71
71 118 23
72 129 94
72 259 92
72 140 100
72 143 23
72 287 5
72 161 77
72 290 72
72 163 9
72 167 24
72 169 76
72 172 96
72 178 52
72 181 62
72 159 83
72 188 12
72 268 22
72 202 20
72 75 87
72 210 99
72 216 55
72 92 22
72 96 38
72 103 56
72 238 69
72 127 63
73 258 24
73 135 100
73 138 91
73 144 66
73 146 26
73 149 84
73 282 54
73 285 28
73 162 84
73 196 49
73 290 49
73 86 12
73 96 10
73 231 92
73 107 25
73 111 39
73 241 51
73 117 75
73 248 42
73 191 34
73 255 64
74 263 87
74 137 0
74 266 24
74 281 1
74 284 18
74 163 81
74 292 62
74 165 5
74 167 14
74 297 94
74 299 87
74 178 69
74 202 21
74 81 99
74 156 82
74 213 65
74 101 25
74 104 72
74 237 5
74 110 25
74 111 23
74 248 4
74 250 30
74 252 48
75 259 3
75 133 88
75 134 76
75 274 41
75 150 75
75 261 21
75 160 43
75 162 81
75 164 97
75 299 55
75 174 84
75 185 87
75 187 32
75 197 37
75 198 13
75 93 14
75 223 80
75 165 100
75 232 28
75 235 96
75 112 8
75 253 35
76 257 94
76 278 15
76 135 18
76 136 47
76 148 100
76 170 53
76 191 57
76 200 62
76 208 66
76 248 80
76 210 75
76 211 77
76 225 95
76 230 58
76 236 81
76 120 94
76 298 68
77 267 86
77 273 100
77 148 77
77 153 83
77 285 91
77 287 79
77 290 69
77 297 34
77 171 98
77 174 53
77 198 55
77 199 79
77 202 75
77 203 59
77 98 7
77 113 86
77 117 95
77 254 70
78 172 11
78 260 30
78 133 70
78 105 39
78 266 78
78 237 64
78 120 67
78 275 52
78 233 18
78 248 93
78 250 91
78 287 50
78 92 72
78 253 35
78 293 58
79 128 56
79 130 61
79 259 51
79 262 53
79 137 70
79 142 4
79 272 87
79 275 59
79 277 33
79 153 16
79 282 91
79 293 31
79 183 35
79 189 63
79 194 38
79 202 82
79 205 94
79 206 83
79 82 8
79 220 15
79 98 50
79 108 53
79 112 97
79 243 72
80 128 40
80 137 77
80 266 17
80 139 96
80 273 96
80 146 87
80 277 58
80 154 88
80 160 12
80 166 63
80 168 76
80 176 21
80 184 45
80 85 60
80 217 59
80 224 29
80 240 68
80 114 16
80 116 2
80 122 72
80 149 94
81 263 22
81 235 29
81 268 40
81 194 96
81 110 22
81 208 46
81 104 21
81 114 61
81 213 15
81 216 50
81 200 85
81 270 6
81 220 61
82 227 13
82 228 21
82 200 70
82 220 0
82 267 74
82 219 26
82 120 16
82 210 35
82 115 23
82 246 84
82 184 40
82 217 77
82 207 8
82 252 2
82 277 98
83 264 97
83 266 93
83 145 67
83 278 19
83 283 6
83 156 42
83 290 59
83 291 79
83 295 43
83 169 95
83 171 57
83 176 66
83 177 67
83 201 11
83 208 71
83 219 50
83 222 77
83 225 65
83 167 47
83 239 42
83 249 50
83 122 86
84 131 92
84 143 64
84 146 27
84 281 42
84 289 64
84 291 46
84 296 91
84 172 31
84 264 10
84 185 74
84 207 91
84 209 97
84 86 56
84 121 57
84 91 25
84 103 24
84 242 76
84 120 85
84 249 42
84 253 88
85 256 75
85 128 97
85 133 70
85 264 30
85 137 78
85 173 30
85 272 46
85 280 50
85 150 34
85 152 61
85 153 25
85 164 74
85 298 47
85 193 83
85 87 47
85 91 98
85 102 15
85 103 57
85 105 17
85 237 48
85 114 74
85 246 96
85 170 93
86 131 78
86 140 7
86 273 53
86 165 94
86 168 21
86 180 24
86 193 45
86 197 45
86 198 17
86 203 49
86 214 77
86 182 58
86 112 17
86 113 82
86 114 22
86 248 1
86 127 96
87 262 85
87 137 100
87 269 41
87 88 32
87 276 52
87 151 43
87 281 20
87 169 8
87 172 60
87 188 46
87 96 20
87 198 73
87 204 25
87 141 37
87 216 35
87 207 91
87 93 23
87 224 25
87 228 51
87 103 94
87 232 86
87 234 58
87 110 16
87 147 0
87 125 55
87 254 26
88 258 52
88 131 35
88 260 23
88 134 41
88 147 46
88 149 71
88 151 62
88 158 12
88 162 15
88 174 35
88 178 43
88 186 87
88 187 87
88 182 94
88 215 93
88 97 26
88 101 95
88 104 59
88 243 99
89 138 82
89 268 28
89 145 52
89 146 56
89 155 42
89 285 85
89 196 42
89 208 71
89 209 20
89 229 85
89 102 94
89 103 25
89 236 45
89 119 60
89 127 30
90 130 71
90 264 3
90 265 0
90 141 7
90 173 70
90 277 15
90 284 47
90 157 50
90 158 54
90 293 76
90 297 87
90 175 6
90 223 19
90 192 67
90 194 15
90 208 93
90 228 50
90 232 15
90 233 71
90 244 93
90 246 37
90 105 22
90 127 17
90 255 38
91 257 22
91 258 65
91 235 3
91 133 54
91 139 77
91 140 95
91 141 75
91 152 30
91 282 0
91 283 60
91 290 82
91 297 18
91 177 86
91 181 38
91 182 92
91 184 44
91 185 5
91 187 56
91 202 73
91 207 17
91 216 68
91 225 49
91 103 1
91 234 70
91 107 17
91 169 10
91 248 39
91 249 3
92 256 73
92 133 17
92 269 81
92 156 63
92 285 16
92 158 86
92 287 8
92 160 68
92 169 56
92 176 38
92 179 17
92 197 76
92 216 100
92 271 61
92 101 21
92 230 9
92 237 37
92 111 39
92 240 46
92 120 74
92 121 59
92 250 30
93 259 77
93 281 37
93 170 34
93 173 91
93 187 12
93 197 7
93 211 99
93 214 75
93 106 54
93 235 77
93 110 3
93 241 57
93 247 43
93 248 4
93 127 62
93 255 21
94 259 52
94 147 40
94 148 41
94 153 97
94 297 68
94 182 21
94 195 97
94 198 68
94 201 35
94 211 13
94 217 90
94 100 96
94 104 82
94 106 3
94 235 57
94 236 41
94 243 85
94 244 19
94 119 100
94 253 69
95 192 22
95 194 30
95 195 72
95 262 88
95 167 82
95 170 60
95 290 96
95 141 62
95 209 99
95 152 75
95 121 14
95 223 52
95 124 81
95 159 49
96 256 21
96 150 88
96 267 75
96 268 67
96 272 48
96 283 86
96 156 52
96 161 65
96 297 35
96 174 52
96 189 93
96 197 7
96 209 89
96 213 84
96 214 64
96 221 91
96 239 18
96 240 64
96 117 7
96 249 3
96 123 67
97 131 96
97 265 74
97 138 94
97 139 17
97 269 85
97 284 17
97 167 83
97 297 83
97 299 72
97 181 46
97 183 0
97 188 65
97 224 94
97 105 30
97 238 11
98 258 80
98 272 4
98 146 47
98 280 44
98 155 54
98 293 90
98 297 3
98 173 65
98 175 7
98 178 55
98 191 56
98 160 17
98 225 14
98 229 63
98 231 57
98 232 13
98 106 28
98 117 27
98 254 49
99 128 28
99 129 52
99 130 69
99 141 63
99 144 50
99 151 71
99 286 65
99 293 7
99 167 47
99 173 86
99 190 19
99 197 91
99 200 70
99 203 34
99 207 46
99 211 12
99 227 46
99 231 52
99 105 42
99 238 86
99 116 9
99 245 67
99 298 62
100 260 24
100 135 42
100 265 45
100 139 26
100 269 87
100 272 32
100 287 69
100 297 64
100 298 45
100 188 37
100 190 40
100 191 76
100 195 27
100 198 63
100 203 68
100 212 12
100 223 90
100 101 20
100 239 91
101 132 10
101 110 35
101 281 40
101 282 46
101 284 14
101 158 1
101 296 65
101 179 21
101 199 56
101 221 69
101 236 21
101 238 97
101 111 53
101 245 2
101 153 48
102 129 12
102 141 78
102 145 97
102 291 40
102 255 95
102 189 75
102 117 48
102 274 12
102 238 58
102 111 98
102 190 77
102 247 90
102 122 31
102 251 53
102 124 42
102 125 41
102 126 18
102 213 91
103 128 30
103 130 42
103 133 30
103 265 17
103 140 29
103 142 74
103 145 67
103 158 17
103 167 69
103 171 71
103 176 87
103 286 36
103 184 2
103 187 83
103 193 28
103 199 44
103 206 75
103 220 95
103 221 34
103 225 98
103 238 82
103 111 90
103 241 79
103 246 45
103 120 27
103 124 19
104 131 42
104 260 86
104 267 42
104 142 91
104 279 37
104 285 14
104 286 0
104 167 49
104 168 58
104 299 99
104 172 85
104 183 47
104 218 27
104 227 39
104 228 24
104 296 1
104 118 26
104 119 73
104 251 46
104 253 65
104 254 94
105 265 57
105 267 90
105 273 71
105 278 56
105 157 36
105 159 68
105 294 99
105 175 27
105 158 25
105 190 38
105 192 75
105 201 96
105 204 39
105 205 11
105 210 61
105 229 68
105 109 41
105 242 41
105 244 56
106 193 53
106 268 62
106 151 21
106 283 61
106 158 29
106 291 88
106 169 55
106 299 60
106 209 18
106 234 15
106 235 89
106 238 79
106 241 56
106 246 29
106 248 1
106 124 17
107 243 42
107 133 100
107 230 57
107 263 17
107 200 99
107 170 11
107 204 47
107 146 62
107 131 78
107 276 54
107 121 40
107 122 90
107 284 54
108 161 4
108 162 65
108 165 47
108 138 30
108 112 13
108 115 44
108 247 42
108 280 71
108 217 80
108 283 80
108 286 1
109 260 37
109 168 20
109 233 25
109 269 48
109 238 3
109 207 82
109 146 74
109 275 35
109 206 14
109 183 41
109 239 65
109 124 70
110 266 0
110 148 24
110 167 77
110 297 85
110 135 21
110 175 59
110 184 62
110 204 42
110 219 49
110 228 92
110 114 73
110 244 76
110 246 67
110 253 5
110 255 73
111 146 10
111 279 7
111 186 90
111 188 58
111 190 32
111 203 18
111 211 29
111 217 70
111 231 12
111 274 34
111 249 4
111 250 44
112 128 13
112 129 11
112 132 69
112 133 21
112 139 82
112 271 93
112 158 38
112 159 45
112 296 29
112 182 76
112 190 19
112 199 36
112 205 38
112 212 98
112 224 68
112 229 6
112 239 48
112 168 8
112 242 95
112 243 60
113 128 56
113 195 67
113 291 11
113 179 87
113 134 63
113 167 19
113 242 11
113 139 64
113 141 15
113 207 5
113 177 65
113 274 3
113 154 58
113 157 39
114 133 37
114 135 39
114 266 64
114 269 93
114 270 37
114 145 13
114 195 1
114 288 28
114 289 22
114 292 48
114 297 82
114 142 49
114 115 27
114 186 17
114 211 20
114 228 89
114 230 81
114 242 89
114 243 89
114 244 80
114 248 5
115 260 26
115 134 90
115 263 1
115 146 16
115 286 49
115 287 8
115 288 25
115 172 86
115 180 79
115 184 63
115 202 70
115 206 85
115 219 12
115 226 62
115 227 84
115 232 21
115 254 91
115 126 72
115 127 32
116 134 3
116 139 31
116 273 75
116 131 2
116 150 43
116 161 95
116 290 4
116 299 63
116 177 97
116 180 31
116 183 56
116 267 28
116 211 20
116 221 73
116 224 83
116 235 47
116 252 44
117 130 74
117 265 33
117 266 64
117 141 91
117 283 50
117 164 70
117 294 26
117 296 46
117 298 82
117 137 47
117 184 68
117 199 17
117 239 68
117 244 41
117 170 83
117 249 37
117 251 36
117 253 12
117 126 54
118 261 93
118 262 85
118 263 42
118 139 41
118 272 73
118 148 44
118 149 86
118 283 38
118 160 94
118 162 36
118 295 8
118 174 80
118 188 28
118 192 96
118 201 65
118 208 48
118 217 8
118 226 6
118 230 66
118 243 41
118 252 95
118 125 22
119 134 95
119 265 100
119 266 91
119 167 12
119 298 51
119 175 99
119 194 21
119 195 13
119 216 89
119 219 99
119 293 85
119 234 65
119 235 22
119 125 37
119 239 88
119 122 6
120 256 8
120 262 71
120 129 16
120 154 83
120 283 31
120 157 35
120 289 89
120 291 12
120 297 42
120 175 54
120 183 69
120 205 59
120 215 36
120 216 33
120 222 62
120 224 60
120 228 95
120 242 83
120 249 92
120 127 65
121 261 17
121 267 41
121 140 52
121 269 14
121 276 98
121 277 69
121 160 75
121 296 21
121 257 86
121 189 46
121 198 61
121 229 70
121 243 77
121 122 78
122 258 54
122 261 93
122 135 69
122 265 54
122 143 94
122 147 74
122 150 90
122 154 0
122 159 75
122 165 36
122 180 100
122 137 8
122 184 68
122 190 83
122 192 74
122 196 69
122 200 74
122 214 32
122 127 32
123 128 49
123 294 10
123 233 44
123 234 96
123 238 61
123 143 56
123 272 38
123 241 73
123 147 8
123 215 55
123 216 35
123 153 83
123 219 64
123 284 22
123 286 99
124 266 79
124 140 18
124 269 72
124 273 90
124 278 66
124 287 52
124 291 8
124 174 3
124 183 90
124 184 49
124 187 95
124 210 6
124 219 78
124 226 2
124 240 86
124 249 26
125 128 24
125 261 27
125 264 53
125 215 98
125 140 42
125 269 56
125 143 20
125 284 92
125 291 61
125 168 13
125 183 36
125 204 58
125 222 6
125 227 70
125 246 90
125 250 47
126 164 20
126 198 44
126 295 32
126 232 32
126 210 84
126 170 69
126 268 57
126 269 94
126 264 68
126 150 100
126 220 3
126 190 12
126 146 92
127 260 4
127 261 16
127 151 69
127 140 46
127 271 5
127 147 28
127 148 43
127 162 77
127 293 31
127 168 27
127 173 92
127 183 4
127 268 98
127 205 93
127 245 79
128 263 86
128 266 89
128 148 3
128 284 44
128 158 41
128 162 5
128 294 58
128 179 35
128 192 50
128 216 23
128 208 55
128 234 79
128 231 3
128 245 99
129 132 87
129 142 16
129 143 39
129 154 48
129 284 59
129 240 51
129 162 15
129 163 19
129 168 63
129 171 14
129 202 6
129 206 80
129 225 42
129 233 76
129 169 39
129 248 20
130 257 19
130 269 12
130 280 84
130 152 7
130 283 53
130 295 11
130 180 90
130 193 1
130 196 59
130 201 69
130 205 91
130 206 33
130 209 59
130 224 95
130 225 76
130 233 12
130 243 86
130 246 44
130 250 88
130 255 45
131 137 48
131 215 33
131 273 38
131 279 0
131 281 73
131 158 16
131 294 45
131 156 94
131 284 61
131 181 93
131 200 76
131 204 48
131 214 80
131 216 11
131 166 46
131 297 31
132 193 30
132 171 58
132 209 74
132 299 12
132 172 60
132 272 17
132 273 5
132 242 57
132 182 100
132 176 96
132 276 79
132 187 88
132 188 51
133 258 19
133 259 56
133 262 15
133 268 86
133 269 80
133 151 93
133 287 83
133 288 65
133 292 24
133 178 86
133 197 54
133 252 77
134 140 30
134 281 0
134 283 91
134 180 21
134 188 38
134 195 86
134 197 35
134 206 31
134 208 21
134 212 100
134 219 32
134 221 69
134 248 91
134 247 37
135 142 79
135 277 97
135 278 2
135 153 91
135 155 100
135 164 34
135 166 81
135 172 38
135 177 77
135 187 55
135 202 54
135 210 11
135 248 63
136 226 41
136 171 0
136 198 13
136 263 19
136 298 39
136 247 30
136 141 35
136 239 0
136 272 43
136 248 71
136 274 9
136 215 58
136 153 70
136 281 0
136 191 44
137 256 12
137 139 50
137 279 0
137 152 10
137 162 34
137 166 47
137 168 70
137 297 73
137 175 28
137 183 21
137 189 86
137 199 77
137 209 82
137 214 7
137 226 22
137 233 44
137 247 17
137 252 30
138 256 95
138 236 60
138 273 91
138 148 10
138 150 5
138 156 80
138 296 3
138 170 96
138 171 26
138 174 20
138 212 13
138 217 68
138 230 20
138 240 71
138 252 60
139 146 18
139 285 72
139 286 90
139 159 16
139 164 34
139 295 17
139 157 24
139 180 44
139 183 8
139 185 33
139 197 95
139 210 68
139 214 51
139 217 5
139 221 94
139 234 48
139 250 85
140 265 45
140 269 46
140 271 95
140 145 71
140 163 82
140 293 1
140 298 56
140 176 27
140 186 6
140 189 48
140 193 7
140 197 30
140 223 88
140 232 61
140 238 94
140 245 30
141 259 72
141 160 44
141 292 98
141 183 31
141 186 32
141 190 81
141 202 63
141 205 14
141 207 64
141 234 95
141 238 51
141 247 93
142 271 73
142 272 59
142 145 57
142 283 68
142 286 53
142 290 10
142 291 77
142 165 37
142 167 55
142 172 93
142 155 88
142 185 80
142 196 75
142 257 44
142 230 66
142 239 5
142 240 13
142 252 90
143 199 26
143 257 90
143 173 53
143 272 2
143 245 71
143 182 3
143 216 71
143 202 99
143 282 48
143 287 97
143 190 45
143 255 51
144 151 88
144 153 27
144 161 76
144 168 40
144 159 42
144 187 19
144 195 60
144 289 2
144 184 55
144 214 97
144 164 33
144 226 78
144 241 46
144 248 22
145 256 78
145 264 77
145 266 5
145 269 30
145 273 11
145 149 38
145 286 25
145 288 61
145 161 46
145 290 38
145 191 22
145 200 4
145 162 20
145 207 82
145 230 68
145 233 83
145 240 80
146 257 26
146 265 74
146 278 8
146 152 30
146 281 87
146 154 63
146 293 25
146 179 68
146 181 11
146 182 71
146 188 51
146 199 80
146 230 66
146 232 87
146 241 65
146 252 28
147 264 33
147 148 21
147 149 2
147 150 26
147 154 5
147 295 58
147 168 40
147 197 20
147 217 2
147 224 30
147 226 87
147 248 89
148 268 58
148 151 25
148 287 36
148 292 77
148 295 79
148 172 55
148 181 99
148 188 11
148 194 28
148 199 58
148 202 56
148 204 73
148 219 7
148 220 39
148 236 76
149 258 75
149 286 70
149 288 37
149 180 28
149 187 11
149 194 6
149 210 1
149 185 88
149 216 46
149 222 78
149 208 28
149 228 89
149 253 11
150 258 42
150 281 20
150 285 80
150 159 40
150 160 97
150 166 0
150 171 6
150 206 46
150 208 12
150 220 84
150 223 74
150 226 29
150 233 82
150 243 28
151 293 87
151 202 38
151 171 9
151 260 86
151 215 4
151 165 62
152 166 2
152 233 30
152 171 24
152 275 1
152 276 65
152 158 21
153 263 41
153 265 68
153 268 39
153 280 56
153 161 42
153 173 51
153 176 81
153 264 26
153 185 71
153 192 75
153 195 53
153 211 52
153 218 35
153 272 83
153 235 28
153 248 18
154 263 22
154 173 36
154 155 86
154 185 0
154 189 63
154 201 61
154 211 56
154 213 44
154 217 24
154 274 18
155 259 69
155 265 41
155 271 59
155 273 62
155 166 27
155 170 17
155 178 76
155 192 44
155 167 3
155 236 89
155 242 23
155 244 68
155 250 33
156 256 73
156 258 74
156 285 90
156 289 71
156 162 86
156 167 44
156 178 62
156 186 40
156 195 83
156 199 76
156 201 84
156 214 1
156 271 12
156 220 49
156 225 85
156 231 47
156 237 47
156 249 35
156 252 12
157 226 56
157 283 0
157 231 5
157 204 48
157 269 35
157 238 67
157 268 75
157 251 89
157 248 27
157 249 7
157 187 60
157 255 100
158 263 59
158 273 43
158 277 55
158 278 13
158 283 66
158 293 53
158 171 1
158 184 63
158 189 86
158 215 45
158 217 53
158 218 60
158 242 1
158 245 17
158 248 89
159 164 45
159 165 88
159 298 19
159 171 14
159 200 100
159 185 66
159 196 86
159 206 15
159 214 63
159 219 3
159 225 20
159 231 83
159 246 58
160 264 21
160 275 100
160 280 26
160 287 42
160 172 70
160 173 99
160 198 31
160 200 36
160 233 34
160 238 89
160 239 17
160 248 64
161 271 63
161 273 13
161 278 26
161 280 21
161 285 50
161 288 41
161 170 50
161 173 20
161 179 85
161 189 28
161 224 89
161 206 37
161 212 73
161 225 47
161 230 43
161 239 13
161 255 20
162 266 80
162 267 6
162 276 19
162 285 45
162 294 28
162 297 40
162 179 79
162 183 89
162 185 20
162 198 7
162 210 46
162 213 48
162 218 70
162 229 87
162 242 48
162 249 89
163 256 98
163 262 59
163 264 83
163 202 1
163 171 39
163 191 97
163 271 12
163 216 5
163 280 76
163 223 26
164 259 75
164 265 25
164 275 18
164 292 65
164 169 54
164 171 12
164 190 28
164 192 42
164 200 76
164 229 69
164 250 72
165 265 14
165 268 60
165 272 100
165 295 86
165 177 3
165 185 33
165 207 60
165 211 49
165 227 59
165 228 92
166 257 20
166 268 98
166 168 57
166 297 51
166 181 15
166 190 18
166 194 76
166 204 73
166 217 70
166 225 30
166 240 34
166 251 3
166 298 79
167 256 68
167 262 53
167 272 24
167 175 38
167 284 25
167 286 47
167 291 51
167 179 1
167 182 28
167 198 20
167 213 96
167 233 3
167 236 20
167 255 44
168 260 27
168 280 83
168 174 67
168 183 61
168 196 31
168 289 81
168 226 32
168 236 30
168 244 49
168 252 25
169 290 22
169 211 33
169 234 50
169 297 93
169 252 53
169 214 56
169 250 55
169 254 56
170 235 5
170 263 96
170 266 84
170 274 70
170 282 20
170 294 77
170 295 66
170 299 74
170 183 59
170 188 79
170 199 48
170 205 82
170 210 74
170 227 35
170 236 53
170 253 0
171 265 76
171 279 4
171 268 34
171 271 7
171 177 72
171 186 69
171 231 14
171 239 74
171 249 29
172 294 55
172 198 18
172 238 67
172 275 55
172 280 22
172 260 38
173 260 85
173 261 27
173 271 84
173 275 91
173 279 82
173 298 56
173 180 53
173 194 32
173 195 44
173 204 66
173 216 16
173 219 10
173 234 11
173 236 83
173 240 0
174 262 73
174 263 13
174 267 96
174 285 99
174 176 13
174 181 86
174 209 19
174 214 36
174 220 46
174 223 96
174 226 30
174 236 25
174 296 71
175 258 15
175 264 79
175 277 75
175 289 8
175 186 0
175 189 43
175 198 53
175 210 68
175 212 58
175 219 100
175 222 87
175 234 2
175 240 35
175 243 8
175 246 28
176 262 77
176 276 71
176 177 54
176 183 87
176 218 61
176 228 38
176 232 91
176 231 7
176 242 77
176 251 73
177 297 23
177 236 39
177 226 89
177 254 78
177 279 2
177 287 18
177 280 17
178 292 51
178 205 66
178 237 82
178 276 34
178 182 92
179 273 71
179 284 62
179 181 14
179 192 43
179 194 2
179 290 87
179 206 26
179 207 76
179 216 93
179 222 29
179 226 99
179 227 32
179 234 44
179 240 84
180 263 48
180 276 2
180 285 27
180 298 27
180 186 50
180 192 47
180 199 46
180 204 51
180 206 60
180 220 2
180 226 0
180 289 15
180 253 28
181 269 83
181 275 65
181 280 78
181 286 42
181 217 54
181 220 38
181 221 16
181 231 13
181 259 84
181 237 30
182 256 53
182 280 99
182 286 79
182 288 50
182 290 74
182 262 67
182 197 51
182 204 69
182 217 63
182 227 92
182 230 47
182 231 5
182 191 69
182 254 97
182 255 49
183 275 69
183 277 27
183 195 39
183 218 76
183 224 73
183 239 22
183 243 83
183 248 23
184 276 73
184 284 69
184 289 37
184 298 59
184 195 45
184 237 81
184 249 56
185 259 82
185 262 39
185 289 26
185 199 58
185 290 91
185 210 24
185 233 44
185 243 42
185 244 24
186 262 32
186 274 83
186 292 13
186 207 38
186 214 16
186 228 24
186 235 83
186 252 44
186 255 30
187 281 43
187 191 8
187 202 18
187 226 50
187 227 47
188 257 48
188 267 45
188 239 6
188 283 19
188 191 71
188 246 73
188 201 61
188 219 26
188 276 100
188 255 16
189 266 62
189 272 38
189 282 14
189 296 26
189 289 93
189 200 73
189 202 82
189 215 49
189 225 8
189 239 40
189 240 19
189 244 89
189 248 11
190 262 20
190 267 57
190 269 15
190 274 85
190 279 60
190 297 41
190 265 73
190 192 18
190 220 77
190 232 30
190 243 80
190 246 15
190 247 43
190 248 85
191 271 41
191 272 59
191 201 70
191 203 98
191 229 5
191 245 41
191 250 71
191 252 7
191 253 63
191 255 60
192 276 43
192 281 7
192 296 30
192 193 94
192 227 62
192 234 85
192 243 73
192 244 29
192 245 5
192 249 46
193 288 74
193 259 66
193 234 70
193 214 4
193 249 45
193 252 23
194 256 99
194 259 81
194 262 36
194 264 95
194 266 72
194 290 9
194 294 42
194 201 49
194 214 82
194 217 53
194 228 17
194 274 39
194 240 80
194 251 81
195 259 18
195 265 48
195 222 29
195 208 23
195 220 19
195 230 25
195 237 47
195 238 57
195 252 29
195 253 65
196 265 58
196 273 23
196 299 26
196 214 70
196 225 39
196 229 15
196 240 92
196 245 87
197 259 57
197 260 43
197 282 65
197 201 70
197 203 15
197 228 39
198 262 95
198 267 89
198 297 81
198 208 23
198 211 91
198 218 74
198 220 49
198 223 66
198 248 91
198 276 71
199 257 97
199 265 73
199 205 34
199 235 6
199 243 42
199 251 47
200 257 4
200 267 25
200 269 71
200 271 71
200 274 34
200 279 24
200 283 24
200 203 83
200 214 93
200 250 50
200 229 77
200 251 24
201 258 38
201 292 13
201 212 88
201 230 77
201 211 36
201 249 18
202 267 97
202 268 38
202 273 50
202 280 18
202 284 41
202 287 98
202 293 97
202 211 52
202 218 6
202 228 72
202 247 85
202 276 94
203 264 59
203 273 11
203 276 11
203 299 83
203 204 42
203 207 78
203 242 31
203 244 60
203 251 24
204 208 22
204 223 39
204 236 60
204 240 67
204 243 34
204 251 68
205 256 43
205 213 69
205 215 98
206 293 67
206 299 59
206 226 94
206 235 48
206 236 75
206 245 34
207 257 21
207 260 62
207 270 47
207 281 37
207 283 35
207 288 4
207 291 5
207 217 74
207 225 38
208 258 63
208 281 50
208 219 34
208 222 50
208 235 54
208 238 78
208 248 15
209 258 36
209 261 38
209 263 65
209 265 54
209 210 74
209 221 24
209 223 36
209 232 31
209 248 40
210 264 23
210 276 58
210 260 61
210 290 10
210 292 43
210 294 4
210 215 71
210 225 87
210 228 53
211 264 64
211 266 29
211 270 78
211 274 19
211 286 10
211 215 4
212 261 27
212 265 68
212 270 64
212 281 0
212 287 34
212 294 89
212 215 72
212 223 13
212 224 31
212 227 35
212 231 12
212 233 52
212 241 69
212 251 19
213 261 79
213 289 11
213 245 1
213 253 36
214 262 34
214 282 23
214 221 59
214 269 31
214 217 89
214 226 36
214 236 2
215 258 57
215 261 8
215 263 39
215 267 57
215 271 33
215 284 97
215 283 39
215 299 91
215 264 18
215 219 83
215 233 62
215 253 53
216 256 92
216 273 76
216 259 80
216 224 52
216 226 72
216 234 9
216 245 9
216 277 26
217 297 32
217 240 17
217 244 89
217 253 49
218 258 41
218 269 30
218 281 10
218 299 62
218 229 82
218 233 98
218 245 88
219 290 34
219 239 19
220 268 36
220 289 7
220 225 73
220 252 85
221 264 25
221 266 4
221 287 5
221 262 85
221 232 53
221 254 87
222 292 87
222 265 28
223 265 15
223 280 11
223 282 11
223 285 27
223 298 38
223 286 41
223 231 89
224 261 3
224 262 9
224 265 79
224 266 95
224 269 68
224 294 10
224 232 66
224 236 26
225 279 29
225 280 29
225 299 43
225 226 69
225 245 4
225 252 80
226 280 24
226 291 91
226 299 90
226 244 73
227 256 22
227 257 28
227 275 74
227 284 33
227 297 81
227 298 18
227 234 9
227 235 51
227 274 71
228 257 5
228 299 76
228 284 99
228 237 69
228 253 55
229 239 61
229 269 79
229 254 55
229 282 14
230 259 40
230 291 92
230 293 2
230 242 27
230 266 65
230 237 45
230 246 8
231 258 1
231 263 56
231 271 58
231 277 60
231 289 66
231 297 86
231 233 54
231 246 13
231 249 42
231 250 80
231 251 20
232 284 42
232 297 96
232 244 60
232 246 10
232 248 10
233 234 97
234 261 38
234 273 78
234 288 27
235 266 56
235 281 23
235 282 53
235 268 38
235 236 27
235 245 89
235 255 7
236 293 52
236 248 82
237 275 57
237 276 19
237 250 55
238 271 91
238 275 92
238 281 13
238 292 53
238 245 12
238 251 64
238 255 16
239 280 64
239 294 44
240 248 59
240 249 67
240 255 41
241 261 53
241 296 63
241 263 31
241 258 20
241 270 46
241 246 92
241 281 19
241 282 22
241 252 24
241 286 13
242 256 39
242 258 50
242 261 98
242 266 9
242 273 27
242 295 3
243 257 47
243 293 49
243 299 82
243 253 67
243 255 30
244 274 43
244 275 70
244 276 27
244 277 42
244 282 82
244 290 28
244 251 99
245 260 85
245 268 84
245 276 83
245 280 53
245 287 73
245 264 78
245 254 96
246 291 72
246 253 70
247 263 58
247 295 40
247 262 49
248 259 78
248 260 16
248 276 31
248 283 29
248 289 62
248 292 63
248 294 74
248 295 77
248 263 100
249 275 77
249 279 11
249 282 69
249 293 51
250 260 67
250 280 67
250 285 58
251 297 17
252 263 52
252 268 38
252 276 78
252 290 14
253 256 34
253 258 79
253 259 71
253 261 27
254 258 46
254 260 49
254 280 79
254 283 68
254 297 11
254 268 8
255 268 73
255 272 65
256 299 81
256 284 71
257 269 39
257 274 73
258 268 37
258 271 19
258 285 70
258 289 76
259 274 67
259 294 5
259 299 86
260 263 14
260 265 45
260 267 16
260 272 22
260 293 90
260 294 8
260 273 60
261 276 26
261 283 93
261 290 33
261 299 8
262 267 71
262 271 33
262 293 59
263 269 4
263 276 12
263 280 86
263 295 67
264 289 28
264 275 56
266 277 28
266 289 78
266 298 5
267 286 42
267 291 20
268 282 33
268 274 0
268 285 36
268 290 9
268 291 73
269 271 59
269 289 11
269 277 16
270 298 30
270 285 0
271 280 2
271 299 80
272 293 0
272 298 71
273 275 7
273 288 58
273 291 29
273 298 0
274 278 27
274 283 40
274 287 19
274 293 85
275 284 30
275 286 21
276 283 34
276 293 4
277 280 2
277 281 21
277 285 12
277 297 40
278 299 54
278 295 91
279 280 15
279 297 41
280 297 26
281 283 28
281 291 3
282 294 12
283 288 97
283 299 55
283 298 25
284 286 73
285 291 21
286 292 10
287 298 27
290 299 75
291 296 49
292 297 41
292 299 24
293 295 99
295 297 85
295 298 99
297 299 80
